1.000000 0.000675 0.000000 0.017710 -0.000675 1.000000 0.000000 0.000085 0.000000 0.000000 1.000000 -0.000000
1.000000 0.000677 0.000000 0.017734 -0.000677 1.000000 0.000000 0.000085 0.000000 0.000000 1.000000 -0.000000
1.000000 0.000680 0.000000 0.017710 -0.000680 1.000000 0.000000 0.000085 0.000000 0.000000 1.000000 -0.000000
1.000000 0.000682 0.000000 0.017768 -0.000682 1.000000 0.000000 0.000085 0.000000 0.000000 1.000000 -0.000000
1.000000 0.000682 0.000000 0.017804 -0.000682 1.000000 0.000000 0.000085 0.000000 0.000000 1.000000 -0.000000
1.000000 0.000685 0.000000 0.017813 -0.000685 1.000000 0.000000 0.000086 0.000000 0.000000 1.000000 -0.000000
1.000000 0.000688 0.000000 0.017804 -0.000688 1.000000 0.000000 0.000086 0.000000 0.000000 1.000000 -0.000000
1.000000 0.000690 0.000000 0.017811 -0.000690 1.000000 0.000000 0.000086 0.000000 0.000000 1.000000 -0.000000
1.000000 0.000690 0.000000 0.017831 -0.000690 1.000000 0.000000 0.000087 0.000000 0.000000 1.000000 -0.000000
1.000000 0.000692 0.000000 0.017856 -0.000692 1.000000 0.000000 0.000087 0.000000 0.000000 1.000000 -0.000000
1.000000 0.000693 0.000000 0.017864 -0.000693 1.000000 0.000000 0.000087 0.000000 0.000000 1.000000 -0.000000
1.000000 0.000695 0.000000 0.017872 -0.000695 1.000000 0.000000 0.000087 0.000000 0.000000 1.000000 -0.000000
1.000000 0.000696 0.000000 0.017873 -0.000696 1.000000 0.000000 0.000088 0.000000 0.000000 1.000000 -0.000000
1.000000 0.000698 0.000000 0.017877 -0.000698 1.000000 0.000000 0.000088 0.000000 0.000000 1.000000 -0.000000
1.000000 0.000699 0.000000 0.017896 -0.000699 1.000000 0.000000 0.000088 0.000000 0.000000 1.000000 -0.000000
1.000000 0.000701 0.000000 0.017942 -0.000701 1.000000 0.000000 0.000088 0.000000 0.000000 1.000000 -0.000000
1.000000 0.000703 0.000000 0.017950 -0.000703 1.000000 0.000000 0.000089 0.000000 0.000000 1.000000 -0.000000
1.000000 0.000705 0.000000 0.017954 -0.000705 1.000000 0.000000 0.000089 0.000000 0.000000 1.000000 -0.000000
1.000000 0.000706 0.000000 0.017938 -0.000706 1.000000 0.000000 0.000089 0.000000 0.000000 1.000000 -0.000000
1.000000 0.000707 0.000000 0.017969 -0.000707 1.000000 0.000000 0.000090 0.000000 0.000000 1.000000 -0.000000
1.000000 0.000709 0.000000 0.017957 -0.000709 1.000000 0.000000 0.000090 0.000000 0.000000 1.000000 -0.000000
1.000000 0.000711 0.000000 0.017957 -0.000711 1.000000 0.000000 0.000090 0.000000 0.000000 1.000000 -0.000000
1.000000 0.000713 0.000000 0.017941 -0.000713 1.000000 0.000000 0.000091 0.000000 0.000000 1.000000 -0.000000
1.000000 0.000714 0.000000 0.017948 -0.000714 1.000000 0.000000 0.000091 0.000000 0.000000 1.000000 -0.000000
1.000000 0.000717 0.000000 0.017965 -0.000717 1.000000 0.000000 0.000091 0.000000 0.000000 1.000000 -0.000000
1.000000 0.000718 0.000000 0.017948 -0.000718 1.000000 0.000000 0.000091 0.000000 0.000000 1.000000 -0.000000
1.000000 0.000719 0.000000 0.017967 -0.000719 1.000000 0.000000 0.000092 0.000000 0.000000 1.000000 -0.000000
1.000000 0.000722 0.000000 0.017992 -0.000722 1.000000 0.000000 0.000092 0.000000 0.000000 1.000000 -0.000000
1.000000 0.000723 0.000000 0.017979 -0.000723 1.000000 0.000000 0.000092 0.000000 0.000000 1.000000 -0.000000
1.000000 0.000725 0.000000 0.017985 -0.000725 1.000000 0.000000 0.000093 0.000000 0.000000 1.000000 -0.000000
1.000000 0.000726 0.000000 0.017971 -0.000726 1.000000 0.000000 0.000093 0.000000 0.000000 1.000000 -0.000000
1.000000 0.000728 0.000000 0.018017 -0.000728 1.000000 0.000000 0.000093 0.000000 0.000000 1.000000 -0.000000
1.000000 0.000730 0.000000 0.018014 -0.000730 1.000000 0.000000 0.000094 0.000000 0.000000 1.000000 -0.000000
1.000000 0.000731 0.000000 0.018007 -0.000731 1.000000 0.000000 0.000094 0.000000 0.000000 1.000000 -0.000000
1.000000 0.000732 0.000000 0.018013 -0.000732 1.000000 0.000000 0.000094 0.000000 0.000000 1.000000 -0.000000
1.000000 0.000736 0.000000 0.018035 -0.000736 1.000000 0.000000 0.000094 0.000000 0.000000 1.000000 -0.000000
1.000000 0.000739 0.000000 0.018029 -0.000739 1.000000 0.000000 0.000094 0.000000 0.000000 1.000000 -0.000000
1.000000 0.000742 0.000000 0.018081 -0.000742 1.000000 0.000000 0.000095 0.000000 0.000000 1.000000 -0.000000
1.000000 0.000742 0.000000 0.018150 -0.000742 1.000000 0.000000 0.000095 0.000000 0.000000 1.000000 -0.000000
1.000000 0.000744 0.000000 0.018143 -0.000744 1.000000 0.000000 0.000095 0.000000 0.000000 1.000000 -0.000000
1.000000 0.000747 0.000000 0.018187 -0.000747 1.000000 0.000000 0.000095 0.000000 0.000000 1.000000 -0.000000
1.000000 0.000749 0.000000 0.018176 -0.000749 1.000000 0.000000 0.000095 0.000000 0.000000 1.000000 -0.000000
1.000000 0.000751 0.000000 0.018205 -0.000751 1.000000 0.000000 0.000096 0.000000 0.000000 1.000000 -0.000000
1.000000 0.000752 0.000000 0.018174 -0.000752 1.000000 0.000000 0.000096 0.000000 0.000000 1.000000 -0.000000
1.000000 0.000752 0.000000 0.018189 -0.000752 1.000000 0.000000 0.000097 0.000000 0.000000 1.000000 -0.000000
1.000000 0.000753 0.000000 0.018205 -0.000753 1.000000 0.000000 0.000097 0.000000 0.000000 1.000000 -0.000000
1.000000 0.000754 0.000000 0.018209 -0.000754 1.000000 0.000000 0.000097 0.000000 0.000000 1.000000 -0.000000
1.000000 0.000756 0.000000 0.018229 -0.000756 1.000000 0.000000 0.000098 0.000000 0.000000 1.000000 -0.000000
1.000000 0.000759 0.000000 0.018207 -0.000759 1.000000 0.000000 0.000098 0.000000 0.000000 1.000000 -0.000000
1.000000 0.000761 0.000000 0.018237 -0.000761 1.000000 0.000000 0.000098 0.000000 0.000000 1.000000 -0.000000
1.000000 0.000762 0.000000 0.018259 -0.000762 1.000000 0.000000 0.000098 0.000000 0.000000 1.000000 -0.000000
1.000000 0.000762 0.000000 0.018261 -0.000762 1.000000 0.000000 0.000099 0.000000 0.000000 1.000000 -0.000000
1.000000 0.000764 0.000000 0.018264 -0.000764 1.000000 0.000000 0.000099 0.000000 0.000000 1.000000 -0.000000
1.000000 0.000765 0.000000 0.018275 -0.000765 1.000000 0.000000 0.000099 0.000000 0.000000 1.000000 -0.000000
1.000000 0.000767 0.000000 0.018275 -0.000767 1.000000 0.000000 0.000100 0.000000 0.000000 1.000000 -0.000000
1.000000 0.000769 0.000000 0.018257 -0.000769 1.000000 0.000000 0.000100 0.000000 0.000000 1.000000 -0.000000
1.000000 0.000770 0.000000 0.018279 -0.000770 1.000000 0.000000 0.000101 0.000000 0.000000 1.000000 -0.000000
1.000000 0.000771 0.000000 0.018273 -0.000771 1.000000 0.000000 0.000101 0.000000 0.000000 1.000000 -0.000000
1.000000 0.000773 0.000000 0.018267 -0.000773 1.000000 0.000000 0.000101 0.000000 0.000000 1.000000 -0.000000
1.000000 0.000775 0.000000 0.018267 -0.000775 1.000000 0.000000 0.000102 0.000000 0.000000 1.000000 -0.000000
1.000000 0.000776 0.000000 0.018266 -0.000776 1.000000 0.000000 0.000102 0.000000 0.000000 1.000000 -0.000000
1.000000 0.000778 0.000000 0.018281 -0.000778 1.000000 0.000000 0.000102 0.000000 0.000000 1.000000 -0.000000
1.000000 0.000779 0.000000 0.018287 -0.000779 1.000000 0.000000 0.000103 0.000000 0.000000 1.000000 -0.000000
1.000000 0.000780 0.000000 0.018284 -0.000780 1.000000 0.000000 0.000103 0.000000 0.000000 1.000000 -0.000000
1.000000 0.000781 0.000000 0.018300 -0.000781 1.000000 0.000000 0.000104 0.000000 0.000000 1.000000 -0.000000
1.000000 0.000781 0.000000 0.018284 -0.000781 1.000000 0.000000 0.000104 0.000000 0.000000 1.000000 -0.000000
1.000000 0.000782 0.000000 0.018278 -0.000782 1.000000 0.000000 0.000105 0.000000 0.000000 1.000000 -0.000000
1.000000 0.000783 0.000000 0.018276 -0.000783 1.000000 0.000000 0.000105 0.000000 0.000000 1.000000 -0.000000
1.000000 0.000785 0.000000 0.018294 -0.000785 1.000000 0.000000 0.000105 0.000000 0.000000 1.000000 -0.000000
1.000000 0.000787 0.000000 0.018317 -0.000787 1.000000 0.000000 0.000105 0.000000 0.000000 1.000000 -0.000000
1.000000 0.000790 0.000000 0.018344 -0.000790 1.000000 0.000000 0.000106 0.000000 0.000000 1.000000 -0.000000
1.000000 0.000792 0.000000 0.018349 -0.000792 1.000000 0.000000 0.000106 0.000000 0.000000 1.000000 -0.000000
1.000000 0.000795 0.000000 0.018400 -0.000795 1.000000 0.000000 0.000106 0.000000 0.000000 1.000000 -0.000000
1.000000 0.000797 0.000000 0.018400 -0.000797 1.000000 0.000000 0.000106 0.000000 0.000000 1.000000 -0.000000
1.000000 0.000799 0.000000 0.018416 -0.000799 1.000000 0.000000 0.000106 0.000000 0.000000 1.000000 -0.000000
1.000000 0.000800 0.000000 0.018461 -0.000800 1.000000 0.000000 0.000106 0.000000 0.000000 1.000000 -0.000000
1.000000 0.000802 0.000000 0.018462 -0.000802 1.000000 0.000000 0.000107 0.000000 0.000000 1.000000 -0.000000
1.000000 0.000804 0.000000 0.018498 -0.000804 1.000000 0.000000 0.000107 0.000000 0.000000 1.000000 -0.000000
1.000000 0.000806 0.000000 0.018505 -0.000806 1.000000 0.000000 0.000107 0.000000 0.000000 1.000000 -0.000000
1.000000 0.000807 0.000000 0.018535 -0.000807 1.000000 0.000000 0.000107 0.000000 0.000000 1.000000 -0.000000
1.000000 0.000809 0.000000 0.018571 -0.000809 1.000000 0.000000 0.000107 0.000000 0.000000 1.000000 -0.000000
1.000000 0.000812 0.000000 0.018592 -0.000812 1.000000 0.000000 0.000107 0.000000 0.000000 1.000000 -0.000000
1.000000 0.000814 0.000000 0.018599 -0.000814 1.000000 0.000000 0.000108 0.000000 0.000000 1.000000 -0.000000
1.000000 0.000814 0.000000 0.018598 -0.000814 1.000000 0.000000 0.000108 0.000000 0.000000 1.000000 -0.000000
1.000000 0.000816 0.000000 0.018597 -0.000816 1.000000 0.000000 0.000108 0.000000 0.000000 1.000000 -0.000000
1.000000 0.000818 0.000000 0.018617 -0.000818 1.000000 0.000000 0.000108 0.000000 0.000000 1.000000 -0.000000
1.000000 0.000820 0.000000 0.018631 -0.000820 1.000000 0.000000 0.000108 0.000000 0.000000 1.000000 -0.000000
1.000000 0.000820 0.000000 0.018630 -0.000820 1.000000 0.000000 0.000109 0.000000 0.000000 1.000000 -0.000000
1.000000 0.000823 0.000000 0.018658 -0.000823 1.000000 0.000000 0.000109 0.000000 0.000000 1.000000 -0.000000
1.000000 0.000824 0.000000 0.018648 -0.000824 1.000000 0.000000 0.000109 0.000000 0.000000 1.000000 -0.000000
1.000000 0.000827 0.000000 0.018670 -0.000827 1.000000 0.000000 0.000109 0.000000 0.000000 1.000000 -0.000000
1.000000 0.000827 0.000000 0.018650 -0.000827 1.000000 0.000000 0.000110 0.000000 0.000000 1.000000 -0.000000
1.000000 0.000829 0.000000 0.018670 -0.000829 1.000000 0.000000 0.000110 0.000000 0.000000 1.000000 -0.000000
1.000000 0.000830 0.000000 0.018651 -0.000830 1.000000 0.000000 0.000110 0.000000 0.000000 1.000000 -0.000000
1.000000 0.000833 0.000000 0.018678 -0.000833 1.000000 0.000000 0.000110 0.000000 0.000000 1.000000 -0.000000
1.000000 0.000835 0.000000 0.018695 -0.000835 1.000000 0.000000 0.000110 0.000000 0.000000 1.000000 -0.000000
1.000000 0.000836 0.000000 0.018697 -0.000836 1.000000 0.000000 0.000111 0.000000 0.000000 1.000000 -0.000000
1.000000 0.000839 0.000000 0.018714 -0.000839 1.000000 0.000000 0.000111 0.000000 0.000000 1.000000 -0.000000
1.000000 0.000841 0.000000 0.018730 -0.000841 1.000000 0.000000 0.000111 0.000000 0.000000 1.000000 -0.000000
1.000000 0.000844 0.000000 0.018747 -0.000844 1.000000 0.000000 0.000111 0.000000 0.000000 1.000000 -0.000000
1.000000 0.000845 0.000000 0.018764 -0.000845 1.000000 0.000000 0.000111 0.000000 0.000000 1.000000 -0.000000
1.000000 0.000848 0.000000 0.018783 -0.000848 1.000000 0.000000 0.000112 0.000000 0.000000 1.000000 -0.000000
1.000000 0.000848 0.000000 0.018768 -0.000848 1.000000 0.000000 0.000112 0.000000 0.000000 1.000000 -0.000000
1.000000 0.000851 0.000000 0.018800 -0.000851 1.000000 0.000000 0.000112 0.000000 0.000000 1.000000 -0.000000
1.000000 0.000854 0.000000 0.018833 -0.000854 1.000000 0.000000 0.000112 0.000000 0.000000 1.000000 -0.000000
1.000000 0.000856 0.000000 0.018849 -0.000856 1.000000 0.000000 0.000113 0.000000 0.000000 1.000000 -0.000000
1.000000 0.000859 0.000000 0.018878 -0.000859 1.000000 0.000000 0.000113 0.000000 0.000000 1.000000 -0.000000
1.000000 0.000861 0.000000 0.018893 -0.000861 1.000000 0.000000 0.000113 0.000000 0.000000 1.000000 -0.000000
1.000000 0.000863 0.000000 0.018917 -0.000863 1.000000 0.000000 0.000113 0.000000 0.000000 1.000000 -0.000000
1.000000 0.000866 0.000000 0.018942 -0.000866 1.000000 0.000000 0.000114 0.000000 0.000000 1.000000 -0.000000
1.000000 0.000867 0.000000 0.018940 -0.000867 1.000000 0.000000 0.000114 0.000000 0.000000 1.000000 -0.000000
1.000000 0.000867 0.000000 0.018899 -0.000867 1.000000 0.000000 0.000114 0.000000 0.000000 1.000000 -0.000000
1.000000 0.000868 0.000000 0.018916 -0.000868 1.000000 0.000000 0.000114 0.000000 0.000000 1.000000 -0.000000
1.000000 0.000869 0.000000 0.018913 -0.000869 1.000000 0.000000 0.000115 0.000000 0.000000 1.000000 -0.000000
1.000000 0.000872 0.000000 0.018952 -0.000872 1.000000 0.000000 0.000115 0.000000 0.000000 1.000000 -0.000000
1.000000 0.000873 0.000000 0.018945 -0.000873 1.000000 0.000000 0.000115 0.000000 0.000000 1.000000 -0.000000
1.000000 0.000874 0.000000 0.018931 -0.000874 1.000000 0.000000 0.000115 0.000000 0.000000 1.000000 -0.000000
1.000000 0.000876 0.000000 0.018962 -0.000876 1.000000 0.000000 0.000115 0.000000 0.000000 1.000000 -0.000000
1.000000 0.000879 0.000000 0.018984 -0.000879 1.000000 0.000000 0.000116 0.000000 0.000000 1.000000 -0.000000
1.000000 0.000880 0.000000 0.018974 -0.000880 1.000000 0.000000 0.000116 0.000000 0.000000 1.000000 -0.000000
0.999999 0.000881 0.000000 0.018961 -0.000881 0.999999 0.000000 0.000116 0.000000 0.000000 1.000000 -0.000000
0.999999 0.000884 0.000000 0.018991 -0.000884 0.999999 0.000000 0.000117 0.000000 0.000000 1.000000 -0.000000
0.999999 0.000886 0.000000 0.018996 -0.000886 0.999999 0.000000 0.000117 0.000000 0.000000 1.000000 -0.000000
0.999999 0.000888 0.000000 0.019015 -0.000888 0.999999 0.000000 0.000117 0.000000 0.000000 1.000000 -0.000000
0.999999 0.000888 0.000000 0.019029 -0.000888 0.999999 0.000000 0.000117 0.000000 0.000000 1.000000 -0.000000
0.999999 0.000892 0.000000 0.019047 -0.000892 0.999999 0.000000 0.000118 0.000000 0.000000 1.000000 -0.000000
0.999999 0.000893 0.000000 0.019054 -0.000893 0.999999 0.000000 0.000118 0.000000 0.000000 1.000000 -0.000000
0.999999 0.000895 0.000000 0.019035 -0.000895 0.999999 0.000000 0.000118 0.000000 0.000000 1.000000 -0.000000
0.999999 0.000896 0.000000 0.019049 -0.000896 0.999999 0.000000 0.000119 0.000000 0.000000 1.000000 -0.000000
0.999999 0.000897 0.000000 0.019050 -0.000897 0.999999 0.000000 0.000119 0.000000 0.000000 1.000000 -0.000000
0.999999 0.000898 0.000000 0.019024 -0.000898 0.999999 0.000000 0.000119 0.000000 0.000000 1.000000 -0.000000
0.999999 0.000897 0.000000 0.019045 -0.000897 0.999999 0.000000 0.000119 0.000000 0.000000 1.000000 -0.000000
0.999999 0.000898 0.000000 0.019047 -0.000898 0.999999 0.000000 0.000119 0.000000 0.000000 1.000000 -0.000000
0.999999 0.000897 0.000000 0.019042 -0.000897 0.999999 0.000000 0.000119 0.000000 0.000000 1.000000 -0.000000
0.999999 0.000899 0.000000 0.018986 -0.000899 0.999999 0.000000 0.000120 0.000000 0.000000 1.000000 -0.000000
0.999999 0.000900 0.000000 0.018985 -0.000900 0.999999 0.000000 0.000120 0.000000 0.000000 1.000000 -0.000000
0.999999 0.000901 0.000000 0.018963 -0.000901 0.999999 0.000000 0.000120 0.000000 0.000000 1.000000 -0.000000
0.999999 0.000901 0.000000 0.018950 -0.000901 0.999999 0.000000 0.000120 0.000000 0.000000 1.000000 -0.000000
0.999999 0.000901 0.000000 0.018960 -0.000901 0.999999 0.000000 0.000120 0.000000 0.000000 1.000000 -0.000000
0.999999 0.000902 0.000000 0.018893 -0.000902 0.999999 0.000000 0.000120 0.000000 0.000000 1.000000 -0.000000
0.999999 0.000906 0.000000 0.018856 -0.000906 0.999999 0.000000 0.000121 0.000000 0.000000 1.000000 -0.000000
0.999999 0.000913 0.000000 0.018807 -0.000913 0.999999 0.000000 0.000121 0.000000 0.000000 1.000000 -0.000000
0.999999 0.001531 0.000000 0.015154 -0.001531 0.999999 0.000000 0.000161 0.000000 0.000000 1.000000 -0.000000
0.999998 0.001860 0.000000 0.013163 -0.001860 0.999998 0.000000 0.000174 0.000000 0.000000 1.000000 -0.000000
0.999998 0.001862 0.000000 0.013139 -0.001862 0.999998 0.000000 0.000175 0.000000 0.000000 1.000000 -0.000000
0.999998 0.001866 0.000000 0.013081 -0.001866 0.999998 0.000000 0.000175 0.000000 0.000000 1.000000 -0.000000
0.999998 0.001870 0.000000 0.013025 -0.001870 0.999998 0.000000 0.000176 0.000000 0.000000 1.000000 -0.000000
0.999998 0.001872 0.000000 0.012963 -0.001872 0.999998 0.000000 0.000176 0.000000 0.000000 1.000000 -0.000000
0.999998 0.001874 0.000000 0.012983 -0.001874 0.999998 0.000000 0.000177 0.000000 0.000000 1.000000 -0.000000
0.999998 0.001876 0.000000 0.012921 -0.001876 0.999998 0.000000 0.000177 0.000000 0.000000 1.000000 -0.000000
0.999998 0.001878 0.000000 0.012857 -0.001878 0.999998 0.000000 0.000178 0.000000 0.000000 1.000000 -0.000000
0.999998 0.001880 0.000000 0.012791 -0.001880 0.999998 0.000000 0.000178 0.000000 0.000000 1.000000 -0.000000
0.999998 0.001882 0.000000 0.012748 -0.001882 0.999998 0.000000 0.000179 0.000000 0.000000 1.000000 -0.000000
0.999998 0.001885 0.000000 0.012667 -0.001885 0.999998 0.000000 0.000179 0.000000 0.000000 1.000000 -0.000000
0.999998 0.001888 0.000000 0.012592 -0.001888 0.999998 0.000000 0.000179 0.000000 0.000000 1.000000 -0.000000
0.999998 0.001892 0.000000 0.012476 -0.001892 0.999998 0.000000 0.000180 0.000000 0.000000 1.000000 -0.000000
0.999998 0.001922 0.000000 0.011987 -0.001922 0.999998 0.000000 0.000183 0.000000 0.000000 1.000000 -0.000000
0.999998 0.001925 0.000000 0.011965 -0.001925 0.999998 0.000000 0.000183 0.000000 0.000000 1.000000 -0.000000
0.999998 0.001951 0.000000 0.011568 -0.001951 0.999998 0.000000 0.000186 0.000000 0.000000 1.000000 -0.000000
0.999998 0.001984 0.000000 0.011190 -0.001984 0.999998 0.000000 0.000190 0.000000 0.000000 1.000000 -0.000000
0.999998 0.001987 0.000000 0.011107 -0.001987 0.999998 0.000000 0.000190 0.000000 0.000000 1.000000 -0.000000
0.999998 0.001991 0.000000 0.011005 -0.001991 0.999998 0.000000 0.000191 0.000000 0.000000 1.000000 -0.000000
0.999998 0.001993 0.000000 0.011067 -0.001993 0.999998 0.000000 0.000191 0.000000 0.000000 1.000000 -0.000000
0.999998 0.001994 0.000000 0.011030 -0.001994 0.999998 0.000000 0.000191 0.000000 0.000000 1.000000 -0.000000
0.999998 0.002019 0.000000 0.010644 -0.002019 0.999998 0.000000 0.000195 0.000000 0.000000 1.000000 -0.000000
0.999998 0.002020 0.000000 0.010571 -0.002020 0.999998 0.000000 0.000196 0.000000 0.000000 1.000000 -0.000000
0.999998 0.002049 0.000000 0.010165 -0.002049 0.999998 0.000000 0.000200 0.000000 0.000000 1.000000 -0.000000
0.999998 0.002050 0.000000 0.010149 -0.002050 0.999998 0.000000 0.000200 0.000000 0.000000 1.000000 -0.000000
0.999998 0.002052 0.000000 0.010083 -0.002052 0.999998 0.000000 0.000201 0.000000 0.000000 1.000000 -0.000000
0.999998 0.002054 0.000000 0.010017 -0.002054 0.999998 0.000000 0.000201 0.000000 0.000000 1.000000 -0.000000
0.999998 0.002057 0.000000 0.010016 -0.002057 0.999998 0.000000 0.000202 0.000000 0.000000 1.000000 -0.000000
0.999997 0.002059 0.000000 0.010044 -0.002059 0.999997 0.000000 0.000202 0.000000 0.000000 1.000000 -0.000000
0.999997 0.002062 0.000000 0.010052 -0.002062 0.999997 0.000000 0.000202 0.000000 0.000000 1.000000 -0.000000
0.999997 0.002064 0.000000 0.010068 -0.002064 0.999997 0.000000 0.000202 0.000000 0.000000 1.000000 -0.000000
0.999997 0.002065 0.000000 0.010080 -0.002065 0.999997 0.000000 0.000203 0.000000 0.000000 1.000000 -0.000000
0.999997 0.002068 0.000000 0.010108 -0.002068 0.999997 0.000000 0.000203 0.000000 0.000000 1.000000 -0.000000
0.999997 0.002072 0.000000 0.010135 -0.002072 0.999997 0.000000 0.000203 0.000000 0.000000 1.000000 -0.000000
0.999997 0.002073 0.000000 0.010135 -0.002073 0.999997 0.000000 0.000203 0.000000 0.000000 1.000000 -0.000000
0.999997 0.002077 0.000000 0.010205 -0.002077 0.999997 0.000000 0.000203 0.000000 0.000000 1.000000 -0.000000
0.999997 0.002081 0.000000 0.010236 -0.002081 0.999997 0.000000 0.000203 0.000000 0.000000 1.000000 -0.000000
0.999997 0.002084 0.000000 0.010267 -0.002084 0.999997 0.000000 0.000203 0.000000 0.000000 1.000000 -0.000000
0.999997 0.002085 0.000000 0.010267 -0.002085 0.999997 0.000000 0.000204 0.000000 0.000000 1.000000 -0.000000
0.999997 0.002088 0.000000 0.010303 -0.002088 0.999997 0.000000 0.000204 0.000000 0.000000 1.000000 -0.000000
0.999997 0.002091 0.000000 0.010319 -0.002091 0.999997 0.000000 0.000204 0.000000 0.000000 1.000000 -0.000000
0.999997 0.002093 0.000000 0.010347 -0.002093 0.999997 0.000000 0.000205 0.000000 0.000000 1.000000 -0.000000
0.999997 0.002096 0.000000 0.010362 -0.002096 0.999997 0.000000 0.000205 0.000000 0.000000 1.000000 -0.000000
0.999997 0.002098 0.000000 0.010375 -0.002098 0.999997 0.000000 0.000205 0.000000 0.000000 1.000000 -0.000000
0.999997 0.002101 0.000000 0.010421 -0.002101 0.999997 0.000000 0.000205 0.000000 0.000000 1.000000 -0.000000
0.999997 0.002102 0.000000 0.010426 -0.002102 0.999997 0.000000 0.000205 0.000000 0.000000 1.000000 -0.000000
0.999997 0.002104 0.000000 0.010433 -0.002104 0.999997 0.000000 0.000206 0.000000 0.000000 1.000000 -0.000000
0.999997 0.002108 0.000000 0.010479 -0.002108 0.999997 0.000000 0.000206 0.000000 0.000000 1.000000 -0.000000
0.999997 0.002110 0.000000 0.010512 -0.002110 0.999997 0.000000 0.000206 0.000000 0.000000 1.000000 -0.000000
0.999997 0.002111 0.000000 0.010502 -0.002111 0.999997 0.000000 0.000207 0.000000 0.000000 1.000000 -0.000000
0.999997 0.002113 0.000000 0.010538 -0.002113 0.999997 0.000000 0.000207 0.000000 0.000000 1.000000 -0.000000
0.999997 0.002115 0.000000 0.010551 -0.002115 0.999997 0.000000 0.000207 0.000000 0.000000 1.000000 -0.000000
0.999997 0.002118 0.000000 0.010594 -0.002118 0.999997 0.000000 0.000207 0.000000 0.000000 1.000000 -0.000000
0.999997 0.002121 0.000000 0.010611 -0.002121 0.999997 0.000000 0.000208 0.000000 0.000000 1.000000 -0.000000
0.999997 0.002124 0.000000 0.010633 -0.002124 0.999997 0.000000 0.000208 0.000000 0.000000 1.000000 -0.000000
0.999997 0.002126 0.000000 0.010659 -0.002126 0.999997 0.000000 0.000208 0.000000 0.000000 1.000000 -0.000000
0.999997 0.002129 0.000000 0.010703 -0.002129 0.999997 0.000000 0.000208 0.000000 0.000000 1.000000 -0.000000
0.999997 0.002130 0.000000 0.010690 -0.002130 0.999997 0.000000 0.000208 0.000000 0.000000 1.000000 -0.000000
0.999997 0.002132 0.000000 0.010719 -0.002132 0.999997 0.000000 0.000209 0.000000 0.000000 1.000000 -0.000000
0.999997 0.002136 0.000000 0.010754 -0.002136 0.999997 0.000000 0.000209 0.000000 0.000000 1.000000 -0.000000
0.999997 0.002138 0.000000 0.010761 -0.002138 0.999997 0.000000 0.000209 0.000000 0.000000 1.000000 -0.000000
0.999997 0.002140 0.000000 0.010777 -0.002140 0.999997 0.000000 0.000209 0.000000 0.000000 1.000000 -0.000000
0.999997 0.002143 0.000000 0.010823 -0.002143 0.999997 0.000000 0.000209 0.000000 0.000000 1.000000 -0.000000
0.999997 0.002145 0.000000 0.010847 -0.002145 0.999997 0.000000 0.000210 0.000000 0.000000 1.000000 -0.000000
0.999997 0.002149 0.000000 0.010878 -0.002149 0.999997 0.000000 0.000210 0.000000 0.000000 1.000000 -0.000000
0.999997 0.002150 0.000000 0.010888 -0.002150 0.999997 0.000000 0.000210 0.000000 0.000000 1.000000 -0.000000
0.999997 0.002152 0.000000 0.010901 -0.002152 0.999997 0.000000 0.000210 0.000000 0.000000 1.000000 -0.000000
0.999997 0.002154 0.000000 0.010916 -0.002154 0.999997 0.000000 0.000211 0.000000 0.000000 1.000000 -0.000000
0.999997 0.002156 0.000000 0.010906 -0.002156 0.999997 0.000000 0.000211 0.000000 0.000000 1.000000 -0.000000
0.999997 0.002159 0.000000 0.010902 -0.002159 0.999997 0.000000 0.000211 0.000000 0.000000 1.000000 -0.000000
0.999997 0.002161 0.000000 0.010899 -0.002161 0.999997 0.000000 0.000212 0.000000 0.000000 1.000000 -0.000000
0.999997 0.002164 0.000000 0.010897 -0.002164 0.999997 0.000000 0.000212 0.000000 0.000000 1.000000 -0.000000
0.999997 0.002164 0.000000 0.010863 -0.002164 0.999997 0.000000 0.000213 0.000000 0.000000 1.000000 -0.000000
0.999997 0.002166 0.000000 0.010857 -0.002166 0.999997 0.000000 0.000213 0.000000 0.000000 1.000000 -0.000000
0.999997 0.002164 0.000000 0.010781 -0.002164 0.999997 0.000000 0.000214 0.000000 0.000000 1.000000 -0.000000
0.999997 0.002166 0.000000 0.010808 -0.002166 0.999997 0.000000 0.000214 0.000000 0.000000 1.000000 -0.000000
0.999997 0.002168 0.000000 0.010825 -0.002168 0.999997 0.000000 0.000214 0.000000 0.000000 1.000000 -0.000000
0.999997 0.002169 0.000000 0.010819 -0.002169 0.999997 0.000000 0.000214 0.000000 0.000000 1.000000 -0.000000
0.999997 0.002171 0.000000 0.010816 -0.002171 0.999997 0.000000 0.000215 0.000000 0.000000 1.000000 -0.000000
0.999997 0.002174 0.000000 0.010830 -0.002174 0.999997 0.000000 0.000215 0.000000 0.000000 1.000000 -0.000000
0.999997 0.002174 0.000000 0.010795 -0.002174 0.999997 0.000000 0.000215 0.000000 0.000000 1.000000 -0.000000
0.999997 0.002176 0.000000 0.010807 -0.002176 0.999997 0.000000 0.000215 0.000000 0.000000 1.000000 -0.000000
0.999997 0.002179 0.000000 0.010799 -0.002179 0.999997 0.000000 0.000215 0.000000 0.000000 1.000000 -0.000000
0.999997 0.002183 0.000000 0.010814 -0.002183 0.999997 0.000000 0.000216 0.000000 0.000000 1.000000 -0.000000
0.999997 0.002185 0.000000 0.010808 -0.002185 0.999997 0.000000 0.000216 0.000000 0.000000 1.000000 -0.000000
0.999997 0.002186 0.000000 0.010807 -0.002186 0.999997 0.000000 0.000216 0.000000 0.000000 1.000000 -0.000000
0.999997 0.002186 0.000000 0.010813 -0.002186 0.999997 0.000000 0.000217 0.000000 0.000000 1.000000 -0.000000
0.999997 0.002190 0.000000 0.010790 -0.002190 0.999997 0.000000 0.000217 0.000000 0.000000 1.000000 -0.000000
0.999997 0.002193 0.000000 0.010776 -0.002193 0.999997 0.000000 0.000217 0.000000 0.000000 1.000000 -0.000000
0.999997 0.002195 0.000000 0.010783 -0.002195 0.999997 0.000000 0.000217 0.000000 0.000000 1.000000 -0.000000
0.999997 0.002201 0.000000 0.010771 -0.002201 0.999997 0.000000 0.000217 0.000000 0.000000 1.000000 -0.000000
0.999997 0.002203 0.000000 0.010761 -0.002203 0.999997 0.000000 0.000216 0.000000 0.000000 1.000000 -0.000000
0.999997 0.002212 0.000000 0.010750 -0.002212 0.999997 0.000000 0.000214 0.000000 0.000000 1.000000 -0.000000
0.999997 0.002215 0.000000 0.010788 -0.002215 0.999997 0.000000 0.000213 0.000000 0.000000 1.000000 -0.000000
0.999997 0.002218 0.000000 0.010842 -0.002218 0.999997 0.000000 0.000213 0.000000 0.000000 1.000000 -0.000000
0.999997 0.002222 0.000000 0.010875 -0.002222 0.999997 0.000000 0.000212 0.000000 0.000000 1.000000 -0.000000
0.999997 0.002224 0.000000 0.010920 -0.002224 0.999997 0.000000 0.000211 0.000000 0.000000 1.000000 -0.000000
0.999997 0.002230 0.000000 0.010971 -0.002230 0.999997 0.000000 0.000211 0.000000 0.000000 1.000000 -0.000000
0.999997 0.002235 0.000000 0.010998 -0.002235 0.999997 0.000000 0.000210 0.000000 0.000000 1.000000 -0.000000
0.999997 0.002237 0.000000 0.011017 -0.002237 0.999997 0.000000 0.000210 0.000000 0.000000 1.000000 -0.000000
0.999997 0.002239 0.000000 0.011067 -0.002239 0.999997 0.000000 0.000209 0.000000 0.000000 1.000000 -0.000000
0.999997 0.002243 0.000000 0.011125 -0.002243 0.999997 0.000000 0.000209 0.000000 0.000000 1.000000 -0.000000
0.999997 0.002245 0.000000 0.011148 -0.002245 0.999997 0.000000 0.000208 0.000000 0.000000 1.000000 -0.000000
0.999997 0.002247 0.000000 0.011166 -0.002247 0.999997 0.000000 0.000207 0.000000 0.000000 1.000000 -0.000000
0.999997 0.002250 0.000000 0.011233 -0.002250 0.999997 0.000000 0.000207 0.000000 0.000000 1.000000 -0.000000
0.999997 0.002253 0.000000 0.011282 -0.002253 0.999997 0.000000 0.000206 0.000000 0.000000 1.000000 -0.000000
0.999997 0.002256 0.000000 0.011294 -0.002256 0.999997 0.000000 0.000206 0.000000 0.000000 1.000000 -0.000000
0.999997 0.002258 0.000000 0.011301 -0.002258 0.999997 0.000000 0.000205 0.000000 0.000000 1.000000 -0.000000
0.999997 0.002257 0.000000 0.011289 -0.002257 0.999997 0.000000 0.000205 0.000000 0.000000 1.000000 -0.000000
0.999997 0.002258 0.000000 0.011292 -0.002258 0.999997 0.000000 0.000205 0.000000 0.000000 1.000000 -0.000000
0.999997 0.002258 0.000000 0.011316 -0.002258 0.999997 0.000000 0.000204 0.000000 0.000000 1.000000 -0.000000
0.999997 0.002259 0.000000 0.011283 -0.002259 0.999997 0.000000 0.000204 0.000000 0.000000 1.000000 -0.000000
0.999997 0.002261 0.000000 0.011289 -0.002261 0.999997 0.000000 0.000205 0.000000 0.000000 1.000000 -0.000000
0.999997 0.002261 0.000000 0.011294 -0.002261 0.999997 0.000000 0.000205 0.000000 0.000000 1.000000 -0.000000
0.999997 0.002262 0.000000 0.011290 -0.002262 0.999997 0.000000 0.000205 0.000000 0.000000 1.000000 -0.000000
0.999997 0.002267 0.000000 0.011325 -0.002267 0.999997 0.000000 0.000205 0.000000 0.000000 1.000000 -0.000000
0.999995 0.003059 0.000000 0.022956 -0.003059 0.999995 0.000000 0.000187 0.000000 0.000000 1.000000 -0.000000
0.999990 0.004291 0.000000 0.037753 -0.004291 0.999990 0.000000 0.000132 0.000000 0.000000 1.000000 -0.000000
0.999981 0.005977 0.000000 0.055385 -0.005977 0.999981 0.000000 0.000061 0.000000 0.000000 1.000000 -0.000000
0.999948 0.010130 0.000000 0.100085 -0.010130 0.999948 0.000000 -0.000288 0.000000 0.000000 1.000000 -0.000000
0.999875 0.015772 0.000000 0.170993 -0.015772 0.999875 0.000000 -0.001389 0.000000 0.000000 1.000000 -0.000000
0.999670 0.025664 0.000000 0.289505 -0.025664 0.999670 0.000000 -0.004526 0.000000 0.000000 1.000000 -0.000000
0.999037 0.043857 0.000000 0.432903 -0.043857 0.999037 0.000000 -0.011058 0.000000 0.000000 1.000000 -0.000000
0.997712 0.067588 0.000000 0.647721 -0.067588 0.997712 0.000000 -0.025885 0.000000 0.000000 1.000000 -0.000000
0.995180 0.098051 0.000000 0.901975 -0.098051 0.995180 0.000000 -0.050990 0.000000 0.000000 1.000000 -0.000000
0.991199 0.132373 0.000000 1.204450 -0.132373 0.991199 0.000000 -0.091523 0.000000 0.000000 1.000000 -0.000000
0.985623 0.168957 0.000000 1.544166 -0.168957 0.985623 0.000000 -0.150684 0.000000 0.000000 1.000000 -0.000000
0.978228 0.207527 0.000000 1.921914 -0.207527 0.978228 0.000000 -0.231047 0.000000 0.000000 1.000000 -0.000000
0.970043 0.242929 0.000000 2.352329 -0.242929 0.970043 0.000000 -0.338879 0.000000 0.000000 1.000000 -0.000000
0.962085 0.272745 0.000000 2.830104 -0.272745 0.962085 0.000000 -0.474530 0.000000 0.000000 1.000000 -0.000000
0.956354 0.292207 0.000000 3.414181 -0.292207 0.956354 0.000000 -0.652376 0.000000 0.000000 1.000000 -0.000000
0.955593 0.294689 0.000000 4.035641 -0.294689 0.955593 0.000000 -0.842567 0.000000 0.000000 1.000000 -0.000000
0.958671 0.284513 0.000000 4.741048 -0.284513 0.958671 0.000000 -1.050743 0.000000 0.000000 1.000000 -0.000000
0.964454 0.264246 0.000000 5.537946 -0.264246 0.964454 0.000000 -1.268504 0.000000 0.000000 1.000000 -0.000000
0.970941 0.239316 0.000000 6.399544 -0.239316 0.970941 0.000000 -1.479987 0.000000 0.000000 1.000000 -0.000000
0.977157 0.212517 0.000000 7.361024 -0.212517 0.977157 0.000000 -1.688673 0.000000 0.000000 1.000000 -0.000000
0.982203 0.187820 0.000000 8.400020 -0.187820 0.982203 0.000000 -1.887736 0.000000 0.000000 1.000000 -0.000000
0.985943 0.167075 0.000000 9.496162 -0.167075 0.985943 0.000000 -2.072795 0.000000 0.000000 1.000000 -0.000000
0.989360 0.145481 0.000000 10.691440 -0.145481 0.989360 0.000000 -2.248051 0.000000 0.000000 1.000000 -0.000000
0.992090 0.125522 0.000000 11.978561 -0.125522 0.992090 0.000000 -2.409890 0.000000 0.000000 1.000000 -0.000000
0.993944 0.109882 0.000000 13.346766 -0.109882 0.993944 0.000000 -2.560574 0.000000 0.000000 1.000000 -0.000000
0.995247 0.097373 0.000000 14.745342 -0.097373 0.995247 0.000000 -2.697153 0.000000 0.000000 1.000000 -0.000000
0.996151 0.087641 0.000000 16.228010 -0.087641 0.996151 0.000000 -2.826667 0.000000 0.000000 1.000000 -0.000000
0.996931 0.078278 0.000000 17.712034 -0.078278 0.996931 0.000000 -2.942604 0.000000 0.000000 1.000000 -0.000000
0.997651 0.068485 0.000000 19.309465 -0.068485 0.997651 0.000000 -3.051493 0.000000 0.000000 1.000000 -0.000000
0.998210 0.059793 0.000000 20.886944 -0.059793 0.998210 0.000000 -3.144464 0.000000 0.000000 1.000000 -0.000000
0.998456 0.055543 0.000000 22.530876 -0.055543 0.998456 0.000000 -3.234576 0.000000 0.000000 1.000000 -0.000000
0.998667 0.051603 0.000000 24.190544 -0.051603 0.998667 0.000000 -3.319504 0.000000 0.000000 1.000000 -0.000000
0.998966 0.045448 0.000000 25.875982 -0.045448 0.998966 0.000000 -3.395163 0.000000 0.000000 1.000000 -0.000000
0.999145 0.041330 0.000000 27.605200 -0.041330 0.999145 0.000000 -3.466054 0.000000 0.000000 1.000000 -0.000000
0.999139 0.041470 0.000000 29.327969 -0.041470 0.999139 0.000000 -3.537008 0.000000 0.000000 1.000000 -0.000000
0.998948 0.045855 0.000000 31.065001 -0.045855 0.998948 0.000000 -3.615657 0.000000 0.000000 1.000000 -0.000000
0.998662 0.051709 0.000000 32.866478 -0.051709 0.998662 0.000000 -3.708616 0.000000 0.000000 1.000000 -0.000000
0.998277 0.058675 0.000000 34.637188 -0.058675 0.998277 0.000000 -3.811862 0.000000 0.000000 1.000000 -0.000000
0.998094 0.061698 0.000000 36.412983 -0.061698 0.998094 0.000000 -3.920953 0.000000 0.000000 1.000000 -0.000000
0.998183 0.060249 0.000000 38.245110 -0.060249 0.998183 0.000000 -4.030780 0.000000 0.000000 1.000000 -0.000000
0.998262 0.058920 0.000000 40.081078 -0.058920 0.998262 0.000000 -4.138268 0.000000 0.000000 1.000000 -0.000000
0.998122 0.061243 0.000000 41.917767 -0.061243 0.998122 0.000000 -4.249701 0.000000 0.000000 1.000000 -0.000000
0.997906 0.064673 0.000000 43.800144 -0.064673 0.997906 0.000000 -4.371003 0.000000 0.000000 1.000000 -0.000000
0.997666 0.068279 0.000000 45.682594 -0.068279 0.997666 0.000000 -4.498721 0.000000 0.000000 1.000000 -0.000000
0.997437 0.071537 0.000000 47.541702 -0.071537 0.997437 0.000000 -4.631233 0.000000 0.000000 1.000000 -0.000000
0.997145 0.075505 0.000000 49.457516 -0.075505 0.997145 0.000000 -4.775387 0.000000 0.000000 1.000000 -0.000000
0.996842 0.079405 0.000000 51.345287 -0.079405 0.996842 0.000000 -4.924554 0.000000 0.000000 1.000000 -0.000000
0.996882 0.078898 0.000000 53.344322 -0.078898 0.996882 0.000000 -5.082156 0.000000 0.000000 1.000000 -0.000000
0.997073 0.076444 0.000000 55.326721 -0.076444 0.997073 0.000000 -5.233109 0.000000 0.000000 1.000000 -0.000000
0.997384 0.072274 0.000000 57.335468 -0.072274 0.997384 0.000000 -5.377921 0.000000 0.000000 1.000000 -0.000000
0.997621 0.068938 0.000000 59.331680 -0.068938 0.997621 0.000000 -5.514949 0.000000 0.000000 1.000000 -0.000000
0.997825 0.065908 0.000000 61.338596 -0.065908 0.997825 0.000000 -5.646613 0.000000 0.000000 1.000000 -0.000000
0.997973 0.063633 0.000000 63.337776 -0.063633 0.997973 0.000000 -5.773567 0.000000 0.000000 1.000000 -0.000000
0.998198 0.059996 0.000000 65.345055 -0.059996 0.998198 0.000000 -5.892671 0.000000 0.000000 1.000000 -0.000000
0.998474 0.055219 0.000000 67.371994 -0.055219 0.998474 0.000000 -6.003850 0.000000 0.000000 1.000000 -0.000000
0.998735 0.050267 0.000000 69.417824 -0.050267 0.998735 0.000000 -6.106168 0.000000 0.000000 1.000000 -0.000000
0.999101 0.042374 0.000000 71.406555 -0.042374 0.999101 0.000000 -6.189489 0.000000 0.000000 1.000000 -0.000000
0.999319 0.036879 0.000000 73.467712 -0.036879 0.999319 0.000000 -6.264438 0.000000 0.000000 1.000000 -0.000000
0.999478 0.032310 0.000000 75.512291 -0.032310 0.999478 0.000000 -6.328861 0.000000 0.000000 1.000000 -0.000000
0.999666 0.025838 0.000000 77.605278 -0.025838 0.999666 0.000000 -6.381795 0.000000 0.000000 1.000000 -0.000000
0.999765 0.021680 0.000000 79.574081 -0.021680 0.999765 0.000000 -6.422775 0.000000 0.000000 1.000000 -0.000000
0.999799 0.020039 0.000000 81.631752 -0.020039 0.999799 0.000000 -6.463153 0.000000 0.000000 1.000000 -0.000000
0.999821 0.018890 0.000000 83.713264 -0.018890 0.999821 0.000000 -6.501251 0.000000 0.000000 1.000000 -0.000000
0.999759 0.021938 0.000000 85.734360 -0.021938 0.999759 0.000000 -6.544418 0.000000 0.000000 1.000000 -0.000000
0.999655 0.026238 0.000000 87.773026 -0.026238 0.999655 0.000000 -6.595233 0.000000 0.000000 1.000000 -0.000000
0.999486 0.032041 0.000000 89.811455 -0.032041 0.999486 0.000000 -6.657209 0.000000 0.000000 1.000000 -0.000000
0.999295 0.037539 0.000000 91.839012 -0.037539 0.999295 0.000000 -6.731774 0.000000 0.000000 1.000000 -0.000000
0.999064 0.043250 0.000000 93.833069 -0.043250 0.999064 0.000000 -6.817473 0.000000 0.000000 1.000000 -0.000000
0.998687 0.051222 0.000000 95.954002 -0.051222 0.998687 0.000000 -6.924740 0.000000 0.000000 1.000000 -0.000000
0.998295 0.058368 0.000000 97.999237 -0.058368 0.998295 0.000000 -7.043918 0.000000 0.000000 1.000000 -0.000000
0.997772 0.066707 0.000000 100.006966 -0.066707 0.997772 0.000000 -7.177203 0.000000 0.000000 1.000000 -0.000000
0.997298 0.073463 0.000000 102.060226 -0.073463 0.997298 0.000000 -7.327226 0.000000 0.000000 1.000000 -0.000000
0.996824 0.079632 0.000000 104.084503 -0.079632 0.996824 0.000000 -7.488000 0.000000 0.000000 1.000000 -0.000000
0.996405 0.084719 0.000000 106.059143 -0.084719 0.996405 0.000000 -7.654320 0.000000 0.000000 1.000000 -0.000000
0.995948 0.089933 0.000000 108.099586 -0.089933 0.995948 0.000000 -7.837679 0.000000 0.000000 1.000000 -0.000000
0.995662 0.093044 0.000000 110.129517 -0.093044 0.995662 0.000000 -8.025977 0.000000 0.000000 1.000000 -0.000000
0.995291 0.096931 0.000000 112.155647 -0.096931 0.995291 0.000000 -8.222301 0.000000 0.000000 1.000000 -0.000000
0.994835 0.101501 0.000000 114.189827 -0.101501 0.994835 0.000000 -8.429153 0.000000 0.000000 1.000000 -0.000000
0.994616 0.103628 0.000000 116.177895 -0.103628 0.994616 0.000000 -8.635637 0.000000 0.000000 1.000000 -0.000000
0.994331 0.106326 0.000000 118.177383 -0.106326 0.994331 0.000000 -8.848248 0.000000 0.000000 1.000000 -0.000000
0.994065 0.108783 0.000000 120.147758 -0.108783 0.994065 0.000000 -9.062634 0.000000 0.000000 1.000000 -0.000000
0.993924 0.110063 0.000000 122.145103 -0.110063 0.993924 0.000000 -9.282382 0.000000 0.000000 1.000000 -0.000000
0.994085 0.108598 0.000000 124.193832 -0.108598 0.994085 0.000000 -9.505317 0.000000 0.000000 1.000000 -0.000000
0.994276 0.106844 0.000000 126.231850 -0.106844 0.994276 0.000000 -9.723138 0.000000 0.000000 1.000000 -0.000000
0.994634 0.103453 0.000000 128.248016 -0.103453 0.994634 0.000000 -9.931907 0.000000 0.000000 1.000000 -0.000000
0.995265 0.097192 0.000000 130.253647 -0.097192 0.995265 0.000000 -10.127226 0.000000 0.000000 1.000000 -0.000000
0.995704 0.092595 0.000000 132.309326 -0.092595 0.995704 0.000000 -10.317188 0.000000 0.000000 1.000000 -0.000000
0.996235 0.086693 0.000000 134.339478 -0.086693 0.996235 0.000000 -10.492839 0.000000 0.000000 1.000000 -0.000000
0.996486 0.083753 0.000000 136.449265 -0.083753 0.996486 0.000000 -10.668679 0.000000 0.000000 1.000000 -0.000000
0.996609 0.082279 0.000000 138.551086 -0.082279 0.996609 0.000000 -10.840327 0.000000 0.000000 1.000000 -0.000000
0.996548 0.083017 0.000000 140.654465 -0.083017 0.996548 0.000000 -11.014497 0.000000 0.000000 1.000000 -0.000000
0.996407 0.084694 0.000000 142.772491 -0.084694 0.996407 0.000000 -11.194140 0.000000 0.000000 1.000000 -0.000000
0.996450 0.084186 0.000000 144.827301 -0.084186 0.996450 0.000000 -11.366549 0.000000 0.000000 1.000000 -0.000000
0.996476 0.083878 0.000000 146.924072 -0.083878 0.996476 0.000000 -11.541417 0.000000 0.000000 1.000000 -0.000000
0.996485 0.083770 0.000000 148.998123 -0.083770 0.996485 0.000000 -11.715205 0.000000 0.000000 1.000000 -0.000000
0.996374 0.085077 0.000000 151.060852 -0.085077 0.996374 0.000000 -11.890497 0.000000 0.000000 1.000000 -0.000000
0.996399 0.084785 0.000000 153.207718 -0.084785 0.996399 0.000000 -12.072616 0.000000 0.000000 1.000000 -0.000000
0.996246 0.086565 0.000000 155.313522 -0.086565 0.996246 0.000000 -12.254617 0.000000 0.000000 1.000000 -0.000000
0.996047 0.088832 0.000000 157.473999 -0.088832 0.996047 0.000000 -12.446802 0.000000 0.000000 1.000000 -0.000000
0.995969 0.089695 0.000000 159.654526 -0.089695 0.995969 0.000000 -12.642344 0.000000 0.000000 1.000000 -0.000000
0.995722 0.092400 0.000000 161.812714 -0.092400 0.995722 0.000000 -12.841900 0.000000 0.000000 1.000000 -0.000000
0.995548 0.094255 0.000000 164.005112 -0.094255 0.995548 0.000000 -13.048751 0.000000 0.000000 1.000000 -0.000000
