1.000000 -0.000003 0.000000 0.000084 0.000003 1.000000 0.000000 0.000004 0.000000 0.000000 1.000000 0.000000
1.000000 -0.000008 0.000000 0.000244 0.000008 1.000000 0.000000 0.000007 0.000000 0.000000 1.000000 0.000000
1.000000 -0.000012 0.000000 0.000269 0.000012 1.000000 0.000000 0.000011 0.000000 0.000000 1.000000 0.000000
1.000000 -0.000241 0.000000 0.013705 0.000241 1.000000 0.000000 0.000366 0.000000 0.000000 1.000000 0.000000
1.000000 -0.000248 0.000000 0.013886 0.000248 1.000000 0.000000 0.000370 0.000000 0.000000 1.000000 0.000000
1.000000 -0.000249 0.000000 0.013995 0.000249 1.000000 0.000000 0.000372 0.000000 0.000000 1.000000 0.000000
1.000000 -0.000253 0.000000 0.013931 0.000253 1.000000 0.000000 0.000374 0.000000 0.000000 1.000000 0.000000
1.000000 -0.000259 0.000000 0.014035 0.000259 1.000000 0.000000 0.000380 0.000000 0.000000 1.000000 0.000000
1.000000 -0.000264 0.000000 0.014172 0.000264 1.000000 0.000000 0.000381 0.000000 0.000000 1.000000 0.000000
1.000000 -0.000270 0.000000 0.014224 0.000270 1.000000 0.000000 0.000386 0.000000 0.000000 1.000000 0.000000
1.000000 -0.000274 0.000000 0.014370 0.000274 1.000000 0.000000 0.000392 0.000000 0.000000 1.000000 0.000000
1.000000 -0.000278 0.000000 0.014500 0.000278 1.000000 0.000000 0.000395 0.000000 0.000000 1.000000 0.000000
1.000000 -0.000281 0.000000 0.014593 0.000281 1.000000 0.000000 0.000398 0.000000 0.000000 1.000000 0.000000
1.000000 -0.000285 0.000000 0.014592 0.000285 1.000000 0.000000 0.000402 0.000000 0.000000 1.000000 0.000000
1.000000 -0.000288 0.000000 0.014724 0.000288 1.000000 0.000000 0.000405 0.000000 0.000000 1.000000 0.000000
1.000000 -0.000290 0.000000 0.014846 0.000290 1.000000 0.000000 0.000407 0.000000 0.000000 1.000000 0.000000
1.000000 -0.000292 0.000000 0.014799 0.000292 1.000000 0.000000 0.000412 0.000000 0.000000 1.000000 0.000000
1.000000 -0.000294 0.000000 0.014769 0.000294 1.000000 0.000000 0.000414 0.000000 0.000000 1.000000 0.000000
1.000000 -0.000297 0.000000 0.014781 0.000297 1.000000 0.000000 0.000417 0.000000 0.000000 1.000000 0.000000
1.000000 -0.000301 0.000000 0.014994 0.000301 1.000000 0.000000 0.000420 0.000000 0.000000 1.000000 0.000000
1.000000 -0.000303 0.000000 0.014967 0.000303 1.000000 0.000000 0.000422 0.000000 0.000000 1.000000 0.000000
1.000000 -0.000309 0.000000 0.015045 0.000309 1.000000 0.000000 0.000425 0.000000 0.000000 1.000000 0.000000
1.000000 -0.000315 0.000000 0.015038 0.000315 1.000000 0.000000 0.000429 0.000000 0.000000 1.000000 0.000000
1.000000 -0.000320 0.000000 0.015144 0.000320 1.000000 0.000000 0.000432 0.000000 0.000000 1.000000 0.000000
1.000000 -0.000324 0.000000 0.015284 0.000324 1.000000 0.000000 0.000437 0.000000 0.000000 1.000000 0.000000
1.000000 -0.000330 0.000000 0.015289 0.000330 1.000000 0.000000 0.000441 0.000000 0.000000 1.000000 0.000000
1.000000 -0.000337 0.000000 0.015431 0.000337 1.000000 0.000000 0.000451 0.000000 0.000000 1.000000 0.000000
1.000000 -0.000338 0.000000 0.015639 0.000338 1.000000 0.000000 0.000453 0.000000 0.000000 1.000000 0.000000
1.000000 -0.000343 0.000000 0.015738 0.000343 1.000000 0.000000 0.000456 0.000000 0.000000 1.000000 0.000000
1.000000 -0.000348 0.000000 0.015842 0.000348 1.000000 0.000000 0.000459 0.000000 0.000000 1.000000 0.000000
1.000000 -0.000351 0.000000 0.015937 0.000351 1.000000 0.000000 0.000461 0.000000 0.000000 1.000000 0.000000
1.000000 -0.000352 0.000000 0.016018 0.000352 1.000000 0.000000 0.000461 0.000000 0.000000 1.000000 0.000000
1.000000 -0.000355 0.000000 0.015979 0.000355 1.000000 0.000000 0.000461 0.000000 0.000000 1.000000 0.000000
1.000000 -0.000355 0.000000 0.015873 0.000355 1.000000 0.000000 0.000462 0.000000 0.000000 1.000000 0.000000
1.000000 -0.000360 0.000000 0.015944 0.000360 1.000000 0.000000 0.000465 0.000000 0.000000 1.000000 0.000000
1.000000 -0.000362 0.000000 0.016077 0.000362 1.000000 0.000000 0.000465 0.000000 0.000000 1.000000 0.000000
1.000000 -0.000362 0.000000 0.016138 0.000362 1.000000 0.000000 0.000468 0.000000 0.000000 1.000000 0.000000
1.000000 -0.000498 0.000000 0.028336 0.000498 1.000000 0.000000 0.000751 0.000000 0.000000 1.000000 0.000000
1.000000 -0.000498 0.000000 0.028382 0.000498 1.000000 0.000000 0.000753 0.000000 0.000000 1.000000 0.000000
1.000000 -0.000498 0.000000 0.028360 0.000498 1.000000 0.000000 0.000755 0.000000 0.000000 1.000000 0.000000
1.000000 -0.000499 0.000000 0.028479 0.000499 1.000000 0.000000 0.000759 0.000000 0.000000 1.000000 0.000000
1.000000 -0.000497 0.000000 0.028557 0.000497 1.000000 0.000000 0.000758 0.000000 0.000000 1.000000 0.000000
1.000000 -0.000799 0.000000 0.043984 0.000799 1.000000 0.000000 0.001248 0.000000 0.000000 1.000000 0.000000
1.000000 -0.000802 0.000000 0.044023 0.000802 1.000000 0.000000 0.001250 0.000000 0.000000 1.000000 0.000000
1.000000 -0.000805 0.000000 0.044160 0.000805 1.000000 0.000000 0.001252 0.000000 0.000000 1.000000 0.000000
1.000000 -0.000810 0.000000 0.044402 0.000810 1.000000 0.000000 0.001256 0.000000 0.000000 1.000000 0.000000
1.000000 -0.000813 0.000000 0.044447 0.000813 1.000000 0.000000 0.001261 0.000000 0.000000 1.000000 0.000000
1.000000 -0.000816 0.000000 0.044634 0.000816 1.000000 0.000000 0.001262 0.000000 0.000000 1.000000 0.000000
1.000000 -0.000818 0.000000 0.044706 0.000818 1.000000 0.000000 0.001266 0.000000 0.000000 1.000000 0.000000
1.000000 -0.000916 0.000000 0.056580 0.000916 1.000000 0.000000 0.001437 0.000000 0.000000 1.000000 0.000000
1.000000 -0.000921 0.000000 0.056741 0.000921 1.000000 0.000000 0.001440 0.000000 0.000000 1.000000 0.000000
1.000000 -0.000923 0.000000 0.056842 0.000923 1.000000 0.000000 0.001440 0.000000 0.000000 1.000000 0.000000
1.000000 -0.000924 0.000000 0.056947 0.000924 1.000000 0.000000 0.001442 0.000000 0.000000 1.000000 0.000000
1.000000 -0.000927 0.000000 0.057113 0.000927 1.000000 0.000000 0.001445 0.000000 0.000000 1.000000 0.000000
1.000000 -0.000928 0.000000 0.057205 0.000928 1.000000 0.000000 0.001446 0.000000 0.000000 1.000000 0.000000
1.000000 -0.000931 0.000000 0.057371 0.000931 1.000000 0.000000 0.001450 0.000000 0.000000 1.000000 0.000000
1.000000 -0.000933 0.000000 0.057551 0.000933 1.000000 0.000000 0.001454 0.000000 0.000000 1.000000 0.000000
1.000000 -0.000936 0.000000 0.057542 0.000936 1.000000 0.000000 0.001458 0.000000 0.000000 1.000000 0.000000
1.000000 -0.000938 0.000000 0.057599 0.000938 1.000000 0.000000 0.001462 0.000000 0.000000 1.000000 0.000000
1.000000 -0.000939 0.000000 0.057657 0.000939 1.000000 0.000000 0.001463 0.000000 0.000000 1.000000 0.000000
1.000000 -0.000942 0.000000 0.057705 0.000942 1.000000 0.000000 0.001466 0.000000 0.000000 1.000000 0.000000
1.000000 -0.000944 0.000000 0.057856 0.000944 1.000000 0.000000 0.001469 0.000000 0.000000 1.000000 0.000000
1.000000 -0.000948 0.000000 0.057985 0.000948 1.000000 0.000000 0.001471 0.000000 0.000000 1.000000 0.000000
1.000000 -0.000951 0.000000 0.058093 0.000951 1.000000 0.000000 0.001474 0.000000 0.000000 1.000000 0.000000
1.000000 -0.000954 0.000000 0.058224 0.000954 1.000000 0.000000 0.001478 0.000000 0.000000 1.000000 0.000000
1.000000 -0.000959 0.000000 0.058243 0.000959 1.000000 0.000000 0.001480 0.000000 0.000000 1.000000 0.000000
1.000000 -0.000965 0.000000 0.058358 0.000965 1.000000 0.000000 0.001484 0.000000 0.000000 1.000000 0.000000
1.000000 -0.000969 0.000000 0.058395 0.000969 1.000000 0.000000 0.001484 0.000000 0.000000 1.000000 0.000000
0.999999 -0.001154 0.000000 0.071202 0.001154 0.999999 0.000000 0.001825 0.000000 0.000000 1.000000 0.000000
0.999999 -0.001155 0.000000 0.071277 0.001155 0.999999 0.000000 0.001827 0.000000 0.000000 1.000000 0.000000
0.999999 -0.001158 0.000000 0.071496 0.001158 0.999999 0.000000 0.001831 0.000000 0.000000 1.000000 0.000000
0.999999 -0.001164 0.000000 0.071587 0.001164 0.999999 0.000000 0.001830 0.000000 0.000000 1.000000 0.000000
0.999999 -0.001164 0.000000 0.071692 0.001164 0.999999 0.000000 0.001830 0.000000 0.000000 1.000000 0.000000
0.999999 -0.001166 0.000000 0.071837 0.001166 0.999999 0.000000 0.001830 0.000000 0.000000 1.000000 0.000000
0.999999 -0.001172 0.000000 0.072033 0.001172 0.999999 0.000000 0.001834 0.000000 0.000000 1.000000 0.000000
0.999999 -0.001174 0.000000 0.072223 0.001174 0.999999 0.000000 0.001836 0.000000 0.000000 1.000000 0.000000
0.999999 -0.001173 0.000000 0.072266 0.001173 0.999999 0.000000 0.001841 0.000000 0.000000 1.000000 0.000000
0.999999 -0.001177 0.000000 0.072440 0.001177 0.999999 0.000000 0.001843 0.000000 0.000000 1.000000 0.000000
0.999999 -0.001178 0.000000 0.072521 0.001178 0.999999 0.000000 0.001845 0.000000 0.000000 1.000000 0.000000
0.999999 -0.001179 0.000000 0.072639 0.001179 0.999999 0.000000 0.001847 0.000000 0.000000 1.000000 0.000000
0.999999 -0.001181 0.000000 0.072765 0.001181 0.999999 0.000000 0.001845 0.000000 0.000000 1.000000 0.000000
0.999999 -0.001179 0.000000 0.072798 0.001179 0.999999 0.000000 0.001847 0.000000 0.000000 1.000000 0.000000
0.999999 -0.001181 0.000000 0.072930 0.001181 0.999999 0.000000 0.001851 0.000000 0.000000 1.000000 0.000000
0.999999 -0.001185 0.000000 0.073112 0.001185 0.999999 0.000000 0.001851 0.000000 0.000000 1.000000 0.000000
0.999999 -0.001185 0.000000 0.073205 0.001185 0.999999 0.000000 0.001851 0.000000 0.000000 1.000000 0.000000
0.999999 -0.001190 0.000000 0.073377 0.001190 0.999999 0.000000 0.001852 0.000000 0.000000 1.000000 0.000000
0.999999 -0.001191 0.000000 0.073479 0.001191 0.999999 0.000000 0.001851 0.000000 0.000000 1.000000 0.000000
0.999999 -0.001193 0.000000 0.073616 0.001193 0.999999 0.000000 0.001854 0.000000 0.000000 1.000000 0.000000
0.999999 -0.001197 0.000000 0.073820 0.001197 0.999999 0.000000 0.001849 0.000000 0.000000 1.000000 0.000000
0.999999 -0.001198 0.000000 0.073914 0.001198 0.999999 0.000000 0.001847 0.000000 0.000000 1.000000 0.000000
0.999999 -0.001201 0.000000 0.074036 0.001201 0.999999 0.000000 0.001847 0.000000 0.000000 1.000000 0.000000
0.999999 -0.001202 0.000000 0.074144 0.001202 0.999999 0.000000 0.001853 0.000000 0.000000 1.000000 0.000000
0.999999 -0.001205 0.000000 0.074224 0.001205 0.999999 0.000000 0.001850 0.000000 0.000000 1.000000 0.000000
0.999999 -0.001207 0.000000 0.074236 0.001207 0.999999 0.000000 0.001849 0.000000 0.000000 1.000000 0.000000
0.999999 -0.001207 0.000000 0.074403 0.001207 0.999999 0.000000 0.001854 0.000000 0.000000 1.000000 0.000000
0.999999 -0.001208 0.000000 0.074486 0.001208 0.999999 0.000000 0.001860 0.000000 0.000000 1.000000 0.000000
0.999999 -0.001211 0.000000 0.074622 0.001211 0.999999 0.000000 0.001860 0.000000 0.000000 1.000000 0.000000
0.999999 -0.001213 0.000000 0.074673 0.001213 0.999999 0.000000 0.001864 0.000000 0.000000 1.000000 0.000000
0.999999 -0.001214 0.000000 0.074754 0.001214 0.999999 0.000000 0.001866 0.000000 0.000000 1.000000 0.000000
0.999999 -0.001216 0.000000 0.074948 0.001216 0.999999 0.000000 0.001867 0.000000 0.000000 1.000000 0.000000
0.999999 -0.001218 0.000000 0.075033 0.001218 0.999999 0.000000 0.001870 0.000000 0.000000 1.000000 0.000000
0.999999 -0.001221 0.000000 0.075116 0.001221 0.999999 0.000000 0.001871 0.000000 0.000000 1.000000 0.000000
0.999999 -0.001225 0.000000 0.075260 0.001225 0.999999 0.000000 0.001876 0.000000 0.000000 1.000000 0.000000
0.999999 -0.001479 0.000000 0.088596 0.001479 0.999999 0.000000 0.002370 0.000000 0.000000 1.000000 0.000000
0.999999 -0.001483 0.000000 0.088785 0.001483 0.999999 0.000000 0.002376 0.000000 0.000000 1.000000 0.000000
0.999999 -0.001486 0.000000 0.088924 0.001486 0.999999 0.000000 0.002380 0.000000 0.000000 1.000000 0.000000
0.999999 -0.001490 0.000000 0.089138 0.001490 0.999999 0.000000 0.002383 0.000000 0.000000 1.000000 0.000000
0.999999 -0.001493 0.000000 0.089362 0.001493 0.999999 0.000000 0.002389 0.000000 0.000000 1.000000 0.000000
0.999999 -0.001495 0.000000 0.089565 0.001495 0.999999 0.000000 0.002390 0.000000 0.000000 1.000000 0.000000
0.999999 -0.001703 0.000000 0.102714 0.001703 0.999999 0.000000 0.002906 0.000000 0.000000 1.000000 0.000000
0.999999 -0.001707 0.000000 0.102793 0.001707 0.999999 0.000000 0.002911 0.000000 0.000000 1.000000 0.000000
0.999999 -0.001709 0.000000 0.102923 0.001709 0.999999 0.000000 0.002913 0.000000 0.000000 1.000000 0.000000
0.999999 -0.001711 0.000000 0.103069 0.001711 0.999999 0.000000 0.002914 0.000000 0.000000 1.000000 0.000000
0.999999 -0.001715 0.000000 0.103105 0.001715 0.999999 0.000000 0.002916 0.000000 0.000000 1.000000 0.000000
0.999999 -0.001714 0.000000 0.103232 0.001714 0.999999 0.000000 0.002918 0.000000 0.000000 1.000000 0.000000
0.999999 -0.001717 0.000000 0.103375 0.001717 0.999999 0.000000 0.002919 0.000000 0.000000 1.000000 0.000000
0.999999 -0.001720 0.000000 0.103472 0.001720 0.999999 0.000000 0.002920 0.000000 0.000000 1.000000 0.000000
0.999999 -0.001722 0.000000 0.103633 0.001722 0.999999 0.000000 0.002922 0.000000 0.000000 1.000000 0.000000
0.999999 -0.001723 0.000000 0.103816 0.001723 0.999999 0.000000 0.002925 0.000000 0.000000 1.000000 0.000000
0.999999 -0.001721 0.000000 0.103945 0.001721 0.999999 0.000000 0.002927 0.000000 0.000000 1.000000 0.000000
0.999999 -0.001723 0.000000 0.104072 0.001723 0.999999 0.000000 0.002929 0.000000 0.000000 1.000000 0.000000
0.999999 -0.001723 0.000000 0.104083 0.001723 0.999999 0.000000 0.002932 0.000000 0.000000 1.000000 0.000000
0.999999 -0.001723 0.000000 0.104015 0.001723 0.999999 0.000000 0.002934 0.000000 0.000000 1.000000 0.000000
0.999999 -0.001725 0.000000 0.104111 0.001725 0.999999 0.000000 0.002938 0.000000 0.000000 1.000000 0.000000
0.999999 -0.001727 0.000000 0.104191 0.001727 0.999999 0.000000 0.002940 0.000000 0.000000 1.000000 0.000000
0.999999 -0.001728 0.000000 0.104266 0.001728 0.999999 0.000000 0.002942 0.000000 0.000000 1.000000 0.000000
0.999999 -0.001730 0.000000 0.104328 0.001730 0.999999 0.000000 0.002945 0.000000 0.000000 1.000000 0.000000
0.999998 -0.001733 0.000000 0.104368 0.001733 0.999998 0.000000 0.002946 0.000000 0.000000 1.000000 0.000000
0.999998 -0.001735 0.000000 0.104430 0.001735 0.999998 0.000000 0.002949 0.000000 0.000000 1.000000 0.000000
0.999998 -0.001738 0.000000 0.104490 0.001738 0.999998 0.000000 0.002951 0.000000 0.000000 1.000000 0.000000
0.999998 -0.001744 0.000000 0.104541 0.001744 0.999998 0.000000 0.002952 0.000000 0.000000 1.000000 0.000000
0.999998 -0.001750 0.000000 0.104599 0.001750 0.999998 0.000000 0.002951 0.000000 0.000000 1.000000 0.000000
0.999998 -0.001752 0.000000 0.104652 0.001752 0.999998 0.000000 0.002952 0.000000 0.000000 1.000000 0.000000
0.999998 -0.001755 0.000000 0.104604 0.001755 0.999998 0.000000 0.002951 0.000000 0.000000 1.000000 0.000000
0.999998 -0.001759 0.000000 0.104624 0.001759 0.999998 0.000000 0.002949 0.000000 0.000000 1.000000 0.000000
0.999998 -0.001764 0.000000 0.104741 0.001764 0.999998 0.000000 0.002948 0.000000 0.000000 1.000000 0.000000
0.999998 -0.001767 0.000000 0.104779 0.001767 0.999998 0.000000 0.002949 0.000000 0.000000 1.000000 0.000000
0.999998 -0.001771 0.000000 0.104720 0.001771 0.999998 0.000000 0.002948 0.000000 0.000000 1.000000 0.000000
0.999998 -0.001773 0.000000 0.104815 0.001773 0.999998 0.000000 0.002950 0.000000 0.000000 1.000000 0.000000
0.999998 -0.001770 0.000000 0.104614 0.001770 0.999998 0.000000 0.002951 0.000000 0.000000 1.000000 0.000000
0.999998 -0.001746 0.000000 0.103600 0.001746 0.999998 0.000000 0.002965 0.000000 0.000000 1.000000 0.000000
0.999998 -0.001736 0.000000 0.103391 0.001736 0.999998 0.000000 0.002974 0.000000 0.000000 1.000000 0.000000
0.999999 -0.001369 0.000000 0.091129 0.001369 0.999999 0.000000 0.003105 0.000000 0.000000 1.000000 0.000000
1.000000 -0.000713 0.000000 0.072369 0.000713 1.000000 0.000000 0.002500 0.000000 0.000000 1.000000 0.000000
1.000000 -0.000710 0.000000 0.072231 0.000710 1.000000 0.000000 0.002508 0.000000 0.000000 1.000000 0.000000
1.000000 -0.000281 0.000000 0.062681 0.000281 1.000000 0.000000 0.002386 0.000000 0.000000 1.000000 0.000000
1.000000 -0.000283 0.000000 0.062644 0.000283 1.000000 0.000000 0.002400 0.000000 0.000000 1.000000 0.000000
1.000000 -0.000286 0.000000 0.062629 0.000286 1.000000 0.000000 0.002406 0.000000 0.000000 1.000000 0.000000
1.000000 -0.000285 0.000000 0.062634 0.000285 1.000000 0.000000 0.002407 0.000000 0.000000 1.000000 0.000000
1.000000 -0.000288 0.000000 0.062526 0.000288 1.000000 0.000000 0.002410 0.000000 0.000000 1.000000 0.000000
1.000000 -0.000291 0.000000 0.062370 0.000291 1.000000 0.000000 0.002412 0.000000 0.000000 1.000000 0.000000
1.000000 -0.000292 0.000000 0.062251 0.000292 1.000000 0.000000 0.002415 0.000000 0.000000 1.000000 0.000000
1.000000 -0.000294 0.000000 0.062279 0.000294 1.000000 0.000000 0.002417 0.000000 0.000000 1.000000 0.000000
1.000000 -0.000294 0.000000 0.062244 0.000294 1.000000 0.000000 0.002419 0.000000 0.000000 1.000000 0.000000
1.000000 -0.000294 0.000000 0.062220 0.000294 1.000000 0.000000 0.002421 0.000000 0.000000 1.000000 0.000000
1.000000 -0.000293 0.000000 0.062033 0.000293 1.000000 0.000000 0.002424 0.000000 0.000000 1.000000 0.000000
1.000000 -0.000198 0.000000 0.056864 0.000198 1.000000 0.000000 0.002385 0.000000 0.000000 1.000000 0.000000
1.000000 -0.000194 0.000000 0.056833 0.000194 1.000000 0.000000 0.002390 0.000000 0.000000 1.000000 0.000000
1.000000 -0.000198 0.000000 0.056822 0.000198 1.000000 0.000000 0.002392 0.000000 0.000000 1.000000 0.000000
1.000000 -0.000198 0.000000 0.056864 0.000198 1.000000 0.000000 0.002392 0.000000 0.000000 1.000000 0.000000
1.000000 -0.000200 0.000000 0.056942 0.000200 1.000000 0.000000 0.002392 0.000000 0.000000 1.000000 0.000000
1.000000 -0.000200 0.000000 0.057099 0.000200 1.000000 0.000000 0.002394 0.000000 0.000000 1.000000 0.000000
1.000000 -0.000202 0.000000 0.057232 0.000202 1.000000 0.000000 0.002396 0.000000 0.000000 1.000000 0.000000
1.000000 -0.000205 0.000000 0.057346 0.000205 1.000000 0.000000 0.002397 0.000000 0.000000 1.000000 0.000000
1.000000 -0.000208 0.000000 0.057466 0.000208 1.000000 0.000000 0.002399 0.000000 0.000000 1.000000 0.000000
1.000000 -0.000213 0.000000 0.057526 0.000213 1.000000 0.000000 0.002402 0.000000 0.000000 1.000000 0.000000
1.000000 -0.000214 0.000000 0.057710 0.000214 1.000000 0.000000 0.002403 0.000000 0.000000 1.000000 0.000000
1.000000 -0.000218 0.000000 0.057846 0.000218 1.000000 0.000000 0.002406 0.000000 0.000000 1.000000 0.000000
1.000000 -0.000220 0.000000 0.057933 0.000220 1.000000 0.000000 0.002408 0.000000 0.000000 1.000000 0.000000
1.000000 -0.000221 0.000000 0.058076 0.000221 1.000000 0.000000 0.002410 0.000000 0.000000 1.000000 0.000000
1.000000 -0.000222 0.000000 0.058264 0.000222 1.000000 0.000000 0.002414 0.000000 0.000000 1.000000 0.000000
1.000000 -0.000224 0.000000 0.058415 0.000224 1.000000 0.000000 0.002419 0.000000 0.000000 1.000000 0.000000
1.000000 -0.000225 0.000000 0.058602 0.000225 1.000000 0.000000 0.002423 0.000000 0.000000 1.000000 0.000000
1.000000 -0.000228 0.000000 0.058784 0.000228 1.000000 0.000000 0.002426 0.000000 0.000000 1.000000 0.000000
1.000000 -0.000230 0.000000 0.058905 0.000230 1.000000 0.000000 0.002430 0.000000 0.000000 1.000000 0.000000
1.000000 -0.000232 0.000000 0.059120 0.000232 1.000000 0.000000 0.002434 0.000000 0.000000 1.000000 0.000000
1.000000 -0.000232 0.000000 0.059307 0.000232 1.000000 0.000000 0.002439 0.000000 0.000000 1.000000 0.000000
1.000000 -0.000233 0.000000 0.059388 0.000233 1.000000 0.000000 0.002442 0.000000 0.000000 1.000000 0.000000
1.000000 -0.000235 0.000000 0.059522 0.000235 1.000000 0.000000 0.002445 0.000000 0.000000 1.000000 0.000000
1.000000 -0.000235 0.000000 0.059685 0.000235 1.000000 0.000000 0.002448 0.000000 0.000000 1.000000 0.000000
1.000000 -0.000236 0.000000 0.059837 0.000236 1.000000 0.000000 0.002451 0.000000 0.000000 1.000000 0.000000
1.000000 -0.000238 0.000000 0.059921 0.000238 1.000000 0.000000 0.002456 0.000000 0.000000 1.000000 0.000000
1.000000 -0.000238 0.000000 0.060106 0.000238 1.000000 0.000000 0.002458 0.000000 0.000000 1.000000 0.000000
1.000000 -0.000238 0.000000 0.060231 0.000238 1.000000 0.000000 0.002461 0.000000 0.000000 1.000000 0.000000
1.000000 -0.000240 0.000000 0.060434 0.000240 1.000000 0.000000 0.002463 0.000000 0.000000 1.000000 0.000000
1.000000 -0.000242 0.000000 0.060545 0.000242 1.000000 0.000000 0.002466 0.000000 0.000000 1.000000 0.000000
1.000000 -0.000244 0.000000 0.060632 0.000244 1.000000 0.000000 0.002468 0.000000 0.000000 1.000000 0.000000
1.000000 -0.000246 0.000000 0.060769 0.000246 1.000000 0.000000 0.002470 0.000000 0.000000 1.000000 0.000000
1.000000 -0.000248 0.000000 0.060853 0.000248 1.000000 0.000000 0.002473 0.000000 0.000000 1.000000 0.000000
1.000000 -0.000250 0.000000 0.060976 0.000250 1.000000 0.000000 0.002473 0.000000 0.000000 1.000000 0.000000
1.000000 -0.000250 0.000000 0.061206 0.000250 1.000000 0.000000 0.002475 0.000000 0.000000 1.000000 0.000000
1.000000 -0.000253 0.000000 0.061288 0.000253 1.000000 0.000000 0.002476 0.000000 0.000000 1.000000 0.000000
1.000000 -0.000258 0.000000 0.061366 0.000258 1.000000 0.000000 0.002478 0.000000 0.000000 1.000000 0.000000
1.000000 -0.000259 0.000000 0.061611 0.000259 1.000000 0.000000 0.002481 0.000000 0.000000 1.000000 0.000000
1.000000 -0.000264 0.000000 0.061721 0.000264 1.000000 0.000000 0.002485 0.000000 0.000000 1.000000 0.000000
1.000000 -0.000169 0.000000 0.072943 0.000169 1.000000 0.000000 0.002482 0.000000 0.000000 1.000000 0.000000
1.000000 -0.000170 0.000000 0.073169 0.000170 1.000000 0.000000 0.002482 0.000000 0.000000 1.000000 0.000000
1.000000 -0.000169 0.000000 0.073328 0.000169 1.000000 0.000000 0.002484 0.000000 0.000000 1.000000 0.000000
1.000000 -0.000170 0.000000 0.073547 0.000170 1.000000 0.000000 0.002485 0.000000 0.000000 1.000000 0.000000
1.000000 -0.000172 0.000000 0.073758 0.000172 1.000000 0.000000 0.002485 0.000000 0.000000 1.000000 0.000000
1.000000 -0.000175 0.000000 0.073821 0.000175 1.000000 0.000000 0.002484 0.000000 0.000000 1.000000 0.000000
1.000000 -0.000179 0.000000 0.073873 0.000179 1.000000 0.000000 0.002485 0.000000 0.000000 1.000000 0.000000
1.000000 -0.000125 0.000000 0.085086 0.000125 1.000000 0.000000 0.002522 0.000000 0.000000 1.000000 0.000000
1.000000 -0.000126 0.000000 0.085145 0.000126 1.000000 0.000000 0.002521 0.000000 0.000000 1.000000 0.000000
1.000000 -0.000126 0.000000 0.085238 0.000126 1.000000 0.000000 0.002523 0.000000 0.000000 1.000000 0.000000
1.000000 -0.000127 0.000000 0.085418 0.000127 1.000000 0.000000 0.002528 0.000000 0.000000 1.000000 0.000000
1.000000 -0.000293 0.000000 0.099124 0.000293 1.000000 0.000000 0.002779 0.000000 0.000000 1.000000 0.000000
1.000000 -0.000293 0.000000 0.099337 0.000293 1.000000 0.000000 0.002783 0.000000 0.000000 1.000000 0.000000
1.000000 -0.000298 0.000000 0.099456 0.000298 1.000000 0.000000 0.002784 0.000000 0.000000 1.000000 0.000000
1.000000 -0.000585 0.000000 0.113877 0.000585 1.000000 0.000000 0.003147 0.000000 0.000000 1.000000 0.000000
1.000000 -0.000817 0.000000 0.129081 0.000817 1.000000 0.000000 0.003675 0.000000 0.000000 1.000000 0.000000
1.000000 -0.000822 0.000000 0.129237 0.000822 1.000000 0.000000 0.003681 0.000000 0.000000 1.000000 0.000000
1.000000 -0.000822 0.000000 0.129351 0.000822 1.000000 0.000000 0.003685 0.000000 0.000000 1.000000 0.000000
1.000000 -0.000831 0.000000 0.129477 0.000831 1.000000 0.000000 0.003687 0.000000 0.000000 1.000000 0.000000
1.000000 -0.000837 0.000000 0.129712 0.000837 1.000000 0.000000 0.003685 0.000000 0.000000 1.000000 0.000000
1.000000 -0.000847 0.000000 0.129927 0.000847 1.000000 0.000000 0.003682 0.000000 0.000000 1.000000 0.000000
1.000000 -0.000855 0.000000 0.130044 0.000855 1.000000 0.000000 0.003675 0.000000 0.000000 1.000000 0.000000
1.000000 -0.000858 0.000000 0.130238 0.000858 1.000000 0.000000 0.003676 0.000000 0.000000 1.000000 0.000000
0.999999 -0.001156 0.000000 0.142972 0.001156 0.999999 0.000000 0.004125 0.000000 0.000000 1.000000 0.000000
0.999999 -0.001413 0.000000 0.157653 0.001413 0.999999 0.000000 0.004270 0.000000 0.000000 1.000000 0.000000
0.999999 -0.001417 0.000000 0.157871 0.001417 0.999999 0.000000 0.004269 0.000000 0.000000 1.000000 0.000000
0.999999 -0.001421 0.000000 0.157975 0.001421 0.999999 0.000000 0.004273 0.000000 0.000000 1.000000 0.000000
0.999999 -0.001423 0.000000 0.158213 0.001423 0.999999 0.000000 0.004276 0.000000 0.000000 1.000000 0.000000
0.999999 -0.001521 0.000000 0.171706 0.001521 0.999999 0.000000 0.004489 0.000000 0.000000 1.000000 0.000000
0.999999 -0.001525 0.000000 0.171928 0.001525 0.999999 0.000000 0.004487 0.000000 0.000000 1.000000 0.000000
0.999999 -0.001527 0.000000 0.172034 0.001527 0.999999 0.000000 0.004490 0.000000 0.000000 1.000000 0.000000
0.999998 -0.001777 0.000000 0.187723 0.001777 0.999998 0.000000 0.005193 0.000000 0.000000 1.000000 0.000000
0.999998 -0.002000 0.000000 0.201986 0.002000 0.999998 0.000000 0.005654 0.000000 0.000000 1.000000 0.000000
0.999998 -0.002008 0.000000 0.202183 0.002008 0.999998 0.000000 0.005650 0.000000 0.000000 1.000000 0.000000
0.999998 -0.002010 0.000000 0.202399 0.002010 0.999998 0.000000 0.005659 0.000000 0.000000 1.000000 0.000000
0.999998 -0.002013 0.000000 0.202482 0.002013 0.999998 0.000000 0.005659 0.000000 0.000000 1.000000 0.000000
0.999998 -0.002013 0.000000 0.202498 0.002013 0.999998 0.000000 0.005659 0.000000 0.000000 1.000000 0.000000
0.999998 -0.002015 0.000000 0.202652 0.002015 0.999998 0.000000 0.005662 0.000000 0.000000 1.000000 0.000000
0.999998 -0.002011 0.000000 0.202712 0.002011 0.999998 0.000000 0.005661 0.000000 0.000000 1.000000 0.000000
0.999998 -0.002001 0.000000 0.202550 0.002001 0.999998 0.000000 0.005651 0.000000 0.000000 1.000000 0.000000
0.999999 -0.001585 0.000000 0.199969 0.001585 0.999999 0.000000 0.005284 0.000000 0.000000 1.000000 0.000000
0.999999 -0.001581 0.000000 0.200143 0.001581 0.999999 0.000000 0.005262 0.000000 0.000000 1.000000 0.000000
0.999999 -0.001384 0.000000 0.207129 0.001384 0.999999 0.000000 0.005285 0.000000 0.000000 1.000000 0.000000
0.999999 -0.001389 0.000000 0.207309 0.001389 0.999999 0.000000 0.005271 0.000000 0.000000 1.000000 0.000000
0.999999 -0.001593 0.000000 0.220380 0.001593 0.999999 0.000000 0.005197 0.000000 0.000000 1.000000 0.000000
0.999998 -0.001741 0.000000 0.232880 0.001741 0.999998 0.000000 0.005039 0.000000 0.000000 1.000000 0.000000
0.999998 -0.002010 0.000000 0.244313 0.002010 0.999998 0.000000 0.005036 0.000000 0.000000 1.000000 0.000000
0.999997 -0.002348 0.000000 0.258144 0.002348 0.999997 0.000000 0.005088 0.000000 0.000000 1.000000 0.000000
0.999997 -0.002576 0.000000 0.271155 0.002576 0.999997 0.000000 0.005296 0.000000 0.000000 1.000000 0.000000
0.999996 -0.002722 0.000000 0.281448 0.002722 0.999996 0.000000 0.005204 0.000000 0.000000 1.000000 0.000000
0.999996 -0.002727 0.000000 0.281571 0.002727 0.999996 0.000000 0.005194 0.000000 0.000000 1.000000 0.000000
0.999996 -0.002734 0.000000 0.281647 0.002734 0.999996 0.000000 0.005175 0.000000 0.000000 1.000000 0.000000
0.999996 -0.002948 0.000000 0.293724 0.002948 0.999996 0.000000 0.005027 0.000000 0.000000 1.000000 0.000000
0.999996 -0.002954 0.000000 0.293903 0.002954 0.999996 0.000000 0.005019 0.000000 0.000000 1.000000 0.000000
0.999996 -0.002952 0.000000 0.293994 0.002952 0.999996 0.000000 0.005017 0.000000 0.000000 1.000000 0.000000
0.999996 -0.002959 0.000000 0.294076 0.002959 0.999996 0.000000 0.005010 0.000000 0.000000 1.000000 0.000000
0.999996 -0.002968 0.000000 0.294194 0.002968 0.999996 0.000000 0.005004 0.000000 0.000000 1.000000 0.000000
0.999994 -0.003344 0.000000 0.305253 0.003344 0.999994 0.000000 0.005159 0.000000 0.000000 1.000000 0.000000
0.999993 -0.003642 0.000000 0.315789 0.003642 0.999993 0.000000 0.005167 0.000000 0.000000 1.000000 0.000000
0.999993 -0.003646 0.000000 0.315831 0.003646 0.999993 0.000000 0.005166 0.000000 0.000000 1.000000 0.000000
0.999993 -0.003648 0.000000 0.316006 0.003648 0.999993 0.000000 0.005167 0.000000 0.000000 1.000000 0.000000
0.999993 -0.003654 0.000000 0.316113 0.003654 0.999993 0.000000 0.005163 0.000000 0.000000 1.000000 0.000000
0.999993 -0.003656 0.000000 0.316256 0.003656 0.999993 0.000000 0.005164 0.000000 0.000000 1.000000 0.000000
0.999993 -0.003651 0.000000 0.316426 0.003651 0.999993 0.000000 0.005162 0.000000 0.000000 1.000000 0.000000
0.999996 -0.002713 0.000000 0.345786 0.002713 0.999996 0.000000 0.006016 0.000000 0.000000 1.000000 0.000000
0.999998 -0.001769 0.000000 0.374057 0.001769 0.999998 0.000000 0.006274 0.000000 0.000000 1.000000 0.000000
1.000000 -0.000019 0.000000 0.366071 0.000019 1.000000 0.000000 0.009296 0.000000 0.000000 1.000000 0.000000
0.999992 0.003908 0.000000 0.345166 -0.003908 0.999992 0.000000 0.021307 0.000000 0.000000 1.000000 0.000000
0.999973 0.007284 0.000000 0.326199 -0.007284 0.999973 0.000000 0.021665 0.000000 0.000000 1.000000 0.000000
0.999856 0.016972 0.000000 0.255685 -0.016972 0.999856 0.000000 0.052597 0.000000 0.000000 1.000000 0.000000
0.999483 0.032142 0.000000 0.133013 -0.032142 0.999483 0.000000 0.043004 0.000000 0.000000 1.000000 0.000000
0.998442 0.055798 0.000000 0.370655 -0.055798 0.998442 0.000000 0.019154 0.000000 0.000000 1.000000 0.000000
0.996299 0.085956 0.000000 0.668027 -0.085956 0.996299 0.000000 -0.028591 0.000000 0.000000 1.000000 0.000000
0.992904 0.118920 0.000000 1.027068 -0.118920 0.992904 0.000000 -0.078122 0.000000 0.000000 1.000000 0.000000
0.988302 0.152512 0.000000 1.449973 -0.152512 0.988302 0.000000 -0.143043 0.000000 0.000000 1.000000 0.000000
0.982601 0.185731 0.000000 1.882579 -0.185731 0.982601 0.000000 -0.205841 0.000000 0.000000 1.000000 0.000000
0.976026 0.217654 0.000000 2.393168 -0.217654 0.976026 0.000000 -0.326488 0.000000 0.000000 1.000000 0.000000
0.968945 0.247276 0.000000 2.934903 -0.247276 0.968945 0.000000 -0.460511 0.000000 0.000000 1.000000 0.000000
0.963879 0.266342 0.000000 3.585657 -0.266342 0.963879 0.000000 -0.587589 0.000000 0.000000 1.000000 0.000000
0.963291 0.268459 0.000000 4.239158 -0.268459 0.963291 0.000000 -0.693671 0.000000 0.000000 1.000000 0.000000
0.966206 0.257770 0.000000 5.039243 -0.257770 0.966206 0.000000 -0.841522 0.000000 0.000000 1.000000 0.000000
0.971768 0.235937 0.000000 5.909137 -0.235937 0.971768 0.000000 -1.003003 0.000000 0.000000 1.000000 0.000000
0.977889 0.209123 0.000000 6.848589 -0.209123 0.977889 0.000000 -1.141390 0.000000 0.000000 1.000000 0.000000
0.983096 0.183092 0.000000 7.867300 -0.183092 0.983096 0.000000 -1.281061 0.000000 0.000000 1.000000 0.000000
0.987307 0.158820 0.000000 8.973223 -0.158820 0.987307 0.000000 -1.427170 0.000000 0.000000 1.000000 0.000000
0.990518 0.137380 0.000000 10.159220 -0.137380 0.990518 0.000000 -1.550379 0.000000 0.000000 1.000000 0.000000
0.993126 0.117047 0.000000 11.450946 -0.117047 0.993126 0.000000 -1.603699 0.000000 0.000000 1.000000 0.000000
0.995295 0.096893 0.000000 12.788179 -0.096893 0.995295 0.000000 -1.641927 0.000000 0.000000 1.000000 0.000000
0.996618 0.082172 0.000000 14.188973 -0.082172 0.996618 0.000000 -1.718785 0.000000 0.000000 1.000000 0.000000
0.997550 0.069961 0.000000 15.711776 -0.069961 0.997550 0.000000 -1.790694 0.000000 0.000000 1.000000 0.000000
0.998241 0.059283 0.000000 17.164414 -0.059283 0.998241 0.000000 -1.859683 0.000000 0.000000 1.000000 0.000000
0.998849 0.047970 0.000000 18.702989 -0.047970 0.998849 0.000000 -1.894561 0.000000 0.000000 1.000000 0.000000
0.999287 0.037748 0.000000 20.378810 -0.037748 0.999287 0.000000 -1.929592 0.000000 0.000000 1.000000 0.000000
0.999477 0.032323 0.000000 22.034884 -0.032323 0.999477 0.000000 -1.912801 0.000000 0.000000 1.000000 0.000000
0.999616 0.027697 0.000000 23.717999 -0.027697 0.999616 0.000000 -1.923854 0.000000 0.000000 1.000000 0.000000
0.999798 0.020095 0.000000 25.486548 -0.020095 0.999798 0.000000 -1.889644 0.000000 0.000000 1.000000 0.000000
0.999902 0.014002 0.000000 27.323767 -0.014002 0.999902 0.000000 -1.880858 0.000000 0.000000 1.000000 0.000000
0.999958 0.009116 0.000000 29.161034 -0.009116 0.999958 0.000000 -1.858377 0.000000 0.000000 1.000000 0.000000
0.999954 0.009630 0.000000 30.983044 -0.009630 0.999954 0.000000 -1.799836 0.000000 0.000000 1.000000 0.000000
0.999899 0.014214 0.000000 32.821371 -0.014214 0.999899 0.000000 -1.750461 0.000000 0.000000 1.000000 0.000000
0.999811 0.019440 0.000000 34.595612 -0.019440 0.999811 0.000000 -1.741773 0.000000 0.000000 1.000000 0.000000
0.999697 0.024598 0.000000 36.577643 -0.024598 0.999697 0.000000 -1.742776 0.000000 0.000000 1.000000 0.000000
0.999673 0.025575 0.000000 38.476748 -0.025575 0.999673 0.000000 -1.737724 0.000000 0.000000 1.000000 0.000000
0.999680 0.025309 0.000000 40.384483 -0.025309 0.999680 0.000000 -1.722341 0.000000 0.000000 1.000000 0.000000
0.999694 0.024725 0.000000 42.140831 -0.024725 0.999694 0.000000 -1.705110 0.000000 0.000000 1.000000 0.000000
0.999609 0.027966 0.000000 44.142459 -0.027966 0.999609 0.000000 -1.722199 0.000000 0.000000 1.000000 0.000000
0.999520 0.030983 0.000000 46.077801 -0.030983 0.999520 0.000000 -1.742587 0.000000 0.000000 1.000000 0.000000
0.999390 0.034928 0.000000 47.949042 -0.034928 0.999390 0.000000 -1.762641 0.000000 0.000000 1.000000 0.000000
0.999203 0.039918 0.000000 49.880783 -0.039918 0.999203 0.000000 -1.807262 0.000000 0.000000 1.000000 0.000000
0.999099 0.042430 0.000000 51.874558 -0.042430 0.999099 0.000000 -1.874292 0.000000 0.000000 1.000000 0.000000
0.998957 0.045663 0.000000 53.605732 -0.045663 0.998957 0.000000 -1.933991 0.000000 0.000000 1.000000 0.000000
0.998991 0.044906 0.000000 55.559808 -0.044906 0.998991 0.000000 -1.993024 0.000000 0.000000 1.000000 0.000000
0.999136 0.041561 0.000000 57.518280 -0.041561 0.999136 0.000000 -2.051971 0.000000 0.000000 1.000000 0.000000
0.999485 0.032081 0.000000 59.789134 -0.032081 0.999485 0.000000 -2.033736 0.000000 0.000000 1.000000 0.000000
0.999632 0.027133 0.000000 61.908418 -0.027133 0.999632 0.000000 -2.043187 0.000000 0.000000 1.000000 0.000000
0.999749 0.022386 0.000000 64.016652 -0.022386 0.999749 0.000000 -2.041543 0.000000 0.000000 1.000000 0.000000
0.999859 0.016812 0.000000 66.149581 -0.016812 0.999859 0.000000 -2.004275 0.000000 0.000000 1.000000 0.000000
0.999903 0.013947 0.000000 68.329963 -0.013947 0.999903 0.000000 -1.971929 0.000000 0.000000 1.000000 0.000000
0.999959 0.009065 0.000000 70.570510 -0.009065 0.999959 0.000000 -1.951247 0.000000 0.000000 1.000000 0.000000
0.999992 0.004108 0.000000 72.700564 -0.004108 0.999992 0.000000 -1.914808 0.000000 0.000000 1.000000 0.000000
0.999997 -0.002355 0.000000 74.865972 0.002355 0.999997 0.000000 -1.855349 0.000000 0.000000 1.000000 0.000000
0.999965 -0.008356 0.000000 76.903605 0.008356 0.999965 0.000000 -1.792447 0.000000 0.000000 1.000000 0.000000
0.999902 -0.013982 0.000000 78.903657 0.013982 0.999902 0.000000 -1.711013 0.000000 0.000000 1.000000 0.000000
0.999797 -0.020161 0.000000 80.978804 0.020161 0.999797 0.000000 -1.622177 0.000000 0.000000 1.000000 0.000000
0.999701 -0.024447 0.000000 82.984807 0.024447 0.999701 0.000000 -1.515687 0.000000 0.000000 1.000000 0.000000
0.999642 -0.026767 0.000000 84.988084 0.026767 0.999642 0.000000 -1.430746 0.000000 0.000000 1.000000 0.000000
0.999564 -0.029524 0.000000 87.115499 0.029524 0.999564 0.000000 -1.334876 0.000000 0.000000 1.000000 0.000000
0.999594 -0.028480 0.000000 89.231754 0.028480 0.999594 0.000000 -1.210769 0.000000 0.000000 1.000000 0.000000
0.999708 -0.024184 0.000000 91.322358 0.024184 0.999708 0.000000 -1.104640 0.000000 0.000000 1.000000 0.000000
0.999753 -0.022204 0.000000 93.449173 0.022204 0.999753 0.000000 -1.014980 0.000000 0.000000 1.000000 0.000000
0.999863 -0.016576 0.000000 95.687390 0.016576 0.999863 0.000000 -0.934142 0.000000 0.000000 1.000000 0.000000
0.999944 -0.010609 0.000000 97.792479 0.010609 0.999944 0.000000 -0.886501 0.000000 0.000000 1.000000 0.000000
0.999999 -0.001607 0.000000 100.076993 0.001607 0.999999 0.000000 -0.864134 0.000000 0.000000 1.000000 0.000000
0.999989 0.004775 0.000000 102.194772 -0.004775 0.999989 0.000000 -0.862801 0.000000 0.000000 1.000000 0.000000
0.999882 0.015375 0.000000 104.271266 -0.015375 0.999882 0.000000 -0.886350 0.000000 0.000000 1.000000 0.000000
0.999732 0.023148 0.000000 106.482296 -0.023148 0.999732 0.000000 -0.864903 0.000000 0.000000 1.000000 0.000000
0.999498 0.031685 0.000000 108.528457 -0.031685 0.999498 0.000000 -0.892005 0.000000 0.000000 1.000000 0.000000
0.999167 0.040819 0.000000 110.577609 -0.040819 0.999167 0.000000 -0.911088 0.000000 0.000000 1.000000 0.000000
0.998904 0.046816 0.000000 112.688440 -0.046816 0.998904 0.000000 -0.955472 0.000000 0.000000 1.000000 0.000000
0.998688 0.051200 0.000000 114.840070 -0.051200 0.998688 0.000000 -0.988935 0.000000 0.000000 1.000000 0.000000
0.998365 0.057164 0.000000 116.986004 -0.057164 0.998365 0.000000 -1.062743 0.000000 0.000000 1.000000 0.000000
0.998040 0.062578 0.000000 119.023532 -0.062578 0.998040 0.000000 -1.180387 0.000000 0.000000 1.000000 0.000000
0.997866 0.065297 0.000000 121.140504 -0.065297 0.997866 0.000000 -1.290102 0.000000 0.000000 1.000000 0.000000
0.997637 0.068704 0.000000 123.296756 -0.068704 0.997637 0.000000 -1.393005 0.000000 0.000000 1.000000 0.000000
0.997430 0.071642 0.000000 125.418743 -0.071642 0.997430 0.000000 -1.494564 0.000000 0.000000 1.000000 0.000000
0.997273 0.073797 0.000000 127.522052 -0.073797 0.997273 0.000000 -1.604328 0.000000 0.000000 1.000000 0.000000
0.997211 0.074628 0.000000 129.626664 -0.074628 0.997211 0.000000 -1.726153 0.000000 0.000000 1.000000 0.000000
0.997291 0.073552 0.000000 131.755455 -0.073552 0.997291 0.000000 -1.832560 0.000000 0.000000 1.000000 0.000000
0.997662 0.068343 0.000000 133.969997 -0.068343 0.997662 0.000000 -1.945637 0.000000 0.000000 1.000000 0.000000
0.998089 0.061800 0.000000 136.076223 -0.061800 0.998089 0.000000 -2.050408 0.000000 0.000000 1.000000 0.000000
0.998431 0.055996 0.000000 138.083708 -0.055996 0.998431 0.000000 -2.133419 0.000000 0.000000 1.000000 0.000000
0.998851 0.047916 0.000000 140.150455 -0.047916 0.998851 0.000000 -2.210006 0.000000 0.000000 1.000000 0.000000
0.999063 0.043270 0.000000 142.332312 -0.043270 0.999063 0.000000 -2.272802 0.000000 0.000000 1.000000 0.000000
0.999137 0.041539 0.000000 144.484706 -0.041539 0.999137 0.000000 -2.308444 0.000000 0.000000 1.000000 0.000000
0.999140 0.041461 0.000000 146.637325 -0.041461 0.999140 0.000000 -2.344467 0.000000 0.000000 1.000000 0.000000
0.999148 0.041276 0.000000 148.813962 -0.041276 0.999148 0.000000 -2.401713 0.000000 0.000000 1.000000 0.000000
0.999125 0.041815 0.000000 151.084721 -0.041815 0.999125 0.000000 -2.442217 0.000000 0.000000 1.000000 0.000000
0.999097 0.042477 0.000000 153.268384 -0.042477 0.999097 0.000000 -2.473950 0.000000 0.000000 1.000000 0.000000
0.999163 0.040913 0.000000 155.153477 -0.040913 0.999163 0.000000 -2.572138 0.000000 0.000000 1.000000 0.000000
0.999064 0.043258 0.000000 157.340198 -0.043258 0.999064 0.000000 -2.625814 0.000000 0.000000 1.000000 0.000000
0.998977 0.045231 0.000000 159.489602 -0.045231 0.998977 0.000000 -2.701830 0.000000 0.000000 1.000000 0.000000
0.998993 0.044870 0.000000 160.621942 -0.044870 0.998993 0.000000 -2.744213 0.000000 0.000000 1.000000 0.000000
0.998883 0.047256 0.000000 162.890739 -0.047256 0.998883 0.000000 -2.829128 0.000000 0.000000 1.000000 0.000000
0.998747 0.050041 0.000000 165.128702 -0.050041 0.998747 0.000000 -2.906786 0.000000 0.000000 1.000000 0.000000
0.998558 0.053693 0.000000 167.374691 -0.053693 0.998558 0.000000 -3.009878 0.000000 0.000000 1.000000 0.000000
0.998528 0.054241 0.000000 169.601922 -0.054241 0.998528 0.000000 -3.085025 0.000000 0.000000 1.000000 0.000000
0.998392 0.056688 0.000000 171.840915 -0.056688 0.998392 0.000000 -3.180586 0.000000 0.000000 1.000000 0.000000
0.998732 0.050349 0.000000 173.634589 -0.050349 0.998732 0.000000 -3.266446 0.000000 0.000000 1.000000 0.000000
0.998746 0.050054 0.000000 175.858537 -0.050054 0.998746 0.000000 -3.344801 0.000000 0.000000 1.000000 0.000000
