1.000000 -0.000004 0.000000 0.000134 0.000004 1.000000 0.000000 0.000004 0.000000 0.000000 1.000000 0.000000
1.000000 -0.000322 0.000000 0.013767 0.000322 1.000000 0.000000 0.000447 0.000000 0.000000 1.000000 0.000000
1.000000 -0.000328 0.000000 0.013806 0.000328 1.000000 0.000000 0.000451 0.000000 0.000000 1.000000 0.000000
1.000000 -0.000588 0.000000 0.029103 0.000588 1.000000 0.000000 0.000765 0.000000 0.000000 1.000000 0.000000
1.000000 -0.000919 0.000000 0.043679 0.000919 1.000000 0.000000 0.001234 0.000000 0.000000 1.000000 0.000000
1.000000 -0.000922 0.000000 0.043853 0.000922 1.000000 0.000000 0.001236 0.000000 0.000000 1.000000 0.000000
1.000000 -0.000928 0.000000 0.043752 0.000928 1.000000 0.000000 0.001239 0.000000 0.000000 1.000000 0.000000
1.000000 -0.000937 0.000000 0.043918 0.000937 1.000000 0.000000 0.001244 0.000000 0.000000 1.000000 0.000000
1.000000 -0.000946 0.000000 0.044137 0.000946 1.000000 0.000000 0.001246 0.000000 0.000000 1.000000 0.000000
1.000000 -0.000955 0.000000 0.044219 0.000955 1.000000 0.000000 0.001251 0.000000 0.000000 1.000000 0.000000
1.000000 -0.000961 0.000000 0.044453 0.000961 1.000000 0.000000 0.001257 0.000000 0.000000 1.000000 0.000000
1.000000 -0.000967 0.000000 0.044662 0.000967 1.000000 0.000000 0.001260 0.000000 0.000000 1.000000 0.000000
1.000000 -0.000973 0.000000 0.044810 0.000973 1.000000 0.000000 0.001263 0.000000 0.000000 1.000000 0.000000
1.000000 -0.000979 0.000000 0.044809 0.000979 1.000000 0.000000 0.001267 0.000000 0.000000 1.000000 0.000000
1.000000 -0.000984 0.000000 0.045020 0.000984 1.000000 0.000000 0.001270 0.000000 0.000000 1.000000 0.000000
1.000000 -0.000988 0.000000 0.045215 0.000988 1.000000 0.000000 0.001273 0.000000 0.000000 1.000000 0.000000
1.000000 -0.000990 0.000000 0.045139 0.000990 1.000000 0.000000 0.001277 0.000000 0.000000 1.000000 0.000000
1.000000 -0.000994 0.000000 0.045092 0.000994 1.000000 0.000000 0.001279 0.000000 0.000000 1.000000 0.000000
1.000000 -0.000998 0.000000 0.045112 0.000998 1.000000 0.000000 0.001282 0.000000 0.000000 1.000000 0.000000
0.999999 -0.001153 0.000000 0.058754 0.001153 0.999999 0.000000 0.001489 0.000000 0.000000 1.000000 0.000000
0.999999 -0.001157 0.000000 0.058711 0.001157 0.999999 0.000000 0.001490 0.000000 0.000000 1.000000 0.000000
0.999999 -0.001166 0.000000 0.058836 0.001166 0.999999 0.000000 0.001493 0.000000 0.000000 1.000000 0.000000
0.999999 -0.001176 0.000000 0.058825 0.001176 0.999999 0.000000 0.001498 0.000000 0.000000 1.000000 0.000000
0.999999 -0.001184 0.000000 0.058994 0.001184 0.999999 0.000000 0.001501 0.000000 0.000000 1.000000 0.000000
0.999999 -0.001190 0.000000 0.059219 0.001190 0.999999 0.000000 0.001506 0.000000 0.000000 1.000000 0.000000
0.999999 -0.001200 0.000000 0.059227 0.001200 0.999999 0.000000 0.001510 0.000000 0.000000 1.000000 0.000000
0.999999 -0.001212 0.000000 0.059454 0.001212 0.999999 0.000000 0.001520 0.000000 0.000000 1.000000 0.000000
0.999999 -0.001297 0.000000 0.072002 0.001297 0.999999 0.000000 0.001685 0.000000 0.000000 1.000000 0.000000
0.999999 -0.001306 0.000000 0.072160 0.001306 0.999999 0.000000 0.001688 0.000000 0.000000 1.000000 0.000000
0.999999 -0.001313 0.000000 0.072327 0.001313 0.999999 0.000000 0.001692 0.000000 0.000000 1.000000 0.000000
0.999999 -0.001318 0.000000 0.072478 0.001318 0.999999 0.000000 0.001695 0.000000 0.000000 1.000000 0.000000
0.999999 -0.001320 0.000000 0.072608 0.001320 0.999999 0.000000 0.001694 0.000000 0.000000 1.000000 0.000000
0.999999 -0.001325 0.000000 0.072546 0.001325 0.999999 0.000000 0.001694 0.000000 0.000000 1.000000 0.000000
0.999999 -0.001324 0.000000 0.072376 0.001324 0.999999 0.000000 0.001695 0.000000 0.000000 1.000000 0.000000
0.999999 -0.001333 0.000000 0.072489 0.001333 0.999999 0.000000 0.001699 0.000000 0.000000 1.000000 0.000000
0.999999 -0.001335 0.000000 0.072701 0.001335 0.999999 0.000000 0.001698 0.000000 0.000000 1.000000 0.000000
0.999999 -0.001336 0.000000 0.072800 0.001336 0.999999 0.000000 0.001701 0.000000 0.000000 1.000000 0.000000
0.999999 -0.001489 0.000000 0.086762 0.001489 0.999999 0.000000 0.001959 0.000000 0.000000 1.000000 0.000000
0.999999 -0.001489 0.000000 0.086835 0.001489 0.999999 0.000000 0.001961 0.000000 0.000000 1.000000 0.000000
0.999999 -0.001490 0.000000 0.086800 0.001490 0.999999 0.000000 0.001964 0.000000 0.000000 1.000000 0.000000
0.999999 -0.001491 0.000000 0.086991 0.001491 0.999999 0.000000 0.001967 0.000000 0.000000 1.000000 0.000000
0.999999 -0.001488 0.000000 0.087116 0.001488 0.999999 0.000000 0.001966 0.000000 0.000000 1.000000 0.000000
0.999998 -0.001822 0.000000 0.104359 0.001822 0.999998 0.000000 0.002403 0.000000 0.000000 1.000000 0.000000
0.999998 -0.001827 0.000000 0.104421 0.001827 0.999998 0.000000 0.002406 0.000000 0.000000 1.000000 0.000000
0.999998 -0.001832 0.000000 0.104640 0.001832 0.999998 0.000000 0.002407 0.000000 0.000000 1.000000 0.000000
0.999998 -0.002127 0.000000 0.119490 0.002127 0.999998 0.000000 0.002866 0.000000 0.000000 1.000000 0.000000
0.999998 -0.002132 0.000000 0.119562 0.002132 0.999998 0.000000 0.002871 0.000000 0.000000 1.000000 0.000000
0.999997 -0.002361 0.000000 0.133411 0.002361 0.999997 0.000000 0.003204 0.000000 0.000000 1.000000 0.000000
0.999997 -0.002365 0.000000 0.133527 0.002365 0.999997 0.000000 0.003208 0.000000 0.000000 1.000000 0.000000
0.999997 -0.002478 0.000000 0.147374 0.002478 0.999997 0.000000 0.003384 0.000000 0.000000 1.000000 0.000000
0.999996 -0.002724 0.000000 0.160306 0.002724 0.999996 0.000000 0.003715 0.000000 0.000000 1.000000 0.000000
0.999996 -0.002727 0.000000 0.160468 0.002727 0.999996 0.000000 0.003716 0.000000 0.000000 1.000000 0.000000
0.999996 -0.002729 0.000000 0.160635 0.002729 0.999996 0.000000 0.003718 0.000000 0.000000 1.000000 0.000000
0.999996 -0.002836 0.000000 0.172162 0.002836 0.999996 0.000000 0.003931 0.000000 0.000000 1.000000 0.000000
0.999996 -0.002837 0.000000 0.172310 0.002837 0.999996 0.000000 0.003933 0.000000 0.000000 1.000000 0.000000
0.999995 -0.003052 0.000000 0.184828 0.003052 0.999995 0.000000 0.004317 0.000000 0.000000 1.000000 0.000000
0.999995 -0.003235 0.000000 0.198187 0.003235 0.999995 0.000000 0.004653 0.000000 0.000000 1.000000 0.000000
0.999995 -0.003240 0.000000 0.198173 0.003240 0.999995 0.000000 0.004657 0.000000 0.000000 1.000000 0.000000
0.999995 -0.003243 0.000000 0.198264 0.003243 0.999995 0.000000 0.004661 0.000000 0.000000 1.000000 0.000000
0.999995 -0.003245 0.000000 0.198356 0.003245 0.999995 0.000000 0.004663 0.000000 0.000000 1.000000 0.000000
0.999995 -0.003249 0.000000 0.198434 0.003249 0.999995 0.000000 0.004667 0.000000 0.000000 1.000000 0.000000
0.999995 -0.003252 0.000000 0.198675 0.003252 0.999995 0.000000 0.004670 0.000000 0.000000 1.000000 0.000000
0.999995 -0.003258 0.000000 0.198882 0.003258 0.999995 0.000000 0.004672 0.000000 0.000000 1.000000 0.000000
0.999995 -0.003264 0.000000 0.199055 0.003264 0.999995 0.000000 0.004675 0.000000 0.000000 1.000000 0.000000
0.999995 -0.003269 0.000000 0.199263 0.003269 0.999995 0.000000 0.004680 0.000000 0.000000 1.000000 0.000000
0.999995 -0.003277 0.000000 0.199295 0.003277 0.999995 0.000000 0.004683 0.000000 0.000000 1.000000 0.000000
0.999995 -0.003286 0.000000 0.199478 0.003286 0.999995 0.000000 0.004686 0.000000 0.000000 1.000000 0.000000
0.999995 -0.003292 0.000000 0.199537 0.003292 0.999995 0.000000 0.004687 0.000000 0.000000 1.000000 0.000000
0.999994 -0.003503 0.000000 0.214391 0.003503 0.999994 0.000000 0.005029 0.000000 0.000000 1.000000 0.000000
0.999994 -0.003506 0.000000 0.214511 0.003506 0.999994 0.000000 0.005032 0.000000 0.000000 1.000000 0.000000
0.999993 -0.003750 0.000000 0.229102 0.003750 0.999993 0.000000 0.005641 0.000000 0.000000 1.000000 0.000000
0.999993 -0.003759 0.000000 0.229248 0.003759 0.999993 0.000000 0.005641 0.000000 0.000000 1.000000 0.000000
0.999993 -0.003760 0.000000 0.229416 0.003760 0.999993 0.000000 0.005642 0.000000 0.000000 1.000000 0.000000
0.999993 -0.003763 0.000000 0.229647 0.003763 0.999993 0.000000 0.005642 0.000000 0.000000 1.000000 0.000000
0.999992 -0.004100 0.000000 0.243909 0.004100 0.999992 0.000000 0.006373 0.000000 0.000000 1.000000 0.000000
0.999991 -0.004254 0.000000 0.258309 0.004254 0.999991 0.000000 0.006897 0.000000 0.000000 1.000000 0.000000
0.999991 -0.004253 0.000000 0.258378 0.004253 0.999991 0.000000 0.006902 0.000000 0.000000 1.000000 0.000000
0.999990 -0.004519 0.000000 0.273235 0.004519 0.999990 0.000000 0.007405 0.000000 0.000000 1.000000 0.000000
0.999990 -0.004520 0.000000 0.273365 0.004520 0.999990 0.000000 0.007407 0.000000 0.000000 1.000000 0.000000
0.999990 -0.004522 0.000000 0.273554 0.004522 0.999990 0.000000 0.007410 0.000000 0.000000 1.000000 0.000000
0.999990 -0.004524 0.000000 0.273755 0.004524 0.999990 0.000000 0.007408 0.000000 0.000000 1.000000 0.000000
0.999990 -0.004521 0.000000 0.273809 0.004521 0.999990 0.000000 0.007411 0.000000 0.000000 1.000000 0.000000
0.999990 -0.004525 0.000000 0.274019 0.004525 0.999990 0.000000 0.007415 0.000000 0.000000 1.000000 0.000000
0.999989 -0.004703 0.000000 0.286932 0.004703 0.999989 0.000000 0.007625 0.000000 0.000000 1.000000 0.000000
0.999989 -0.004703 0.000000 0.287081 0.004703 0.999989 0.000000 0.007626 0.000000 0.000000 1.000000 0.000000
0.999988 -0.004952 0.000000 0.300109 0.004952 0.999988 0.000000 0.007919 0.000000 0.000000 1.000000 0.000000
0.999988 -0.004954 0.000000 0.300273 0.004954 0.999988 0.000000 0.007919 0.000000 0.000000 1.000000 0.000000
0.999988 -0.004956 0.000000 0.300491 0.004956 0.999988 0.000000 0.007924 0.000000 0.000000 1.000000 0.000000
0.999987 -0.005189 0.000000 0.314390 0.005189 0.999987 0.000000 0.008196 0.000000 0.000000 1.000000 0.000000
0.999987 -0.005190 0.000000 0.314542 0.005190 0.999987 0.000000 0.008194 0.000000 0.000000 1.000000 0.000000
0.999987 -0.005195 0.000000 0.314737 0.005195 0.999987 0.000000 0.008195 0.000000 0.000000 1.000000 0.000000
0.999986 -0.005197 0.000000 0.314909 0.005197 0.999986 0.000000 0.008202 0.000000 0.000000 1.000000 0.000000
0.999986 -0.005201 0.000000 0.315037 0.005201 0.999986 0.000000 0.008199 0.000000 0.000000 1.000000 0.000000
0.999986 -0.005204 0.000000 0.315056 0.005204 0.999986 0.000000 0.008199 0.000000 0.000000 1.000000 0.000000
0.999985 -0.005409 0.000000 0.329388 0.005409 0.999985 0.000000 0.008733 0.000000 0.000000 1.000000 0.000000
0.999985 -0.005412 0.000000 0.329520 0.005412 0.999985 0.000000 0.008740 0.000000 0.000000 1.000000 0.000000
0.999985 -0.005416 0.000000 0.329738 0.005416 0.999985 0.000000 0.008741 0.000000 0.000000 1.000000 0.000000
0.999985 -0.005418 0.000000 0.329820 0.005418 0.999985 0.000000 0.008746 0.000000 0.000000 1.000000 0.000000
0.999985 -0.005420 0.000000 0.329948 0.005420 0.999985 0.000000 0.008748 0.000000 0.000000 1.000000 0.000000
0.999985 -0.005548 0.000000 0.343772 0.005548 0.999985 0.000000 0.008994 0.000000 0.000000 1.000000 0.000000
0.999985 -0.005550 0.000000 0.343909 0.005550 0.999985 0.000000 0.008997 0.000000 0.000000 1.000000 0.000000
0.999985 -0.005555 0.000000 0.344043 0.005555 0.999985 0.000000 0.008999 0.000000 0.000000 1.000000 0.000000
0.999985 -0.005562 0.000000 0.344273 0.005562 0.999985 0.000000 0.009006 0.000000 0.000000 1.000000 0.000000
0.999983 -0.005846 0.000000 0.359461 0.005846 0.999983 0.000000 0.009501 0.000000 0.000000 1.000000 0.000000
0.999981 -0.006166 0.000000 0.373247 0.006166 0.999981 0.000000 0.010184 0.000000 0.000000 1.000000 0.000000
0.999981 -0.006170 0.000000 0.373470 0.006170 0.999981 0.000000 0.010189 0.000000 0.000000 1.000000 0.000000
0.999979 -0.006436 0.000000 0.388057 0.006436 0.999979 0.000000 0.010858 0.000000 0.000000 1.000000 0.000000
0.999977 -0.006715 0.000000 0.402985 0.006715 0.999977 0.000000 0.011525 0.000000 0.000000 1.000000 0.000000
0.999976 -0.006961 0.000000 0.417211 0.006961 0.999976 0.000000 0.011987 0.000000 0.000000 1.000000 0.000000
0.999974 -0.007193 0.000000 0.432184 0.007193 0.999974 0.000000 0.012511 0.000000 0.000000 1.000000 0.000000
0.999974 -0.007200 0.000000 0.432310 0.007200 0.999974 0.000000 0.012517 0.000000 0.000000 1.000000 0.000000
0.999974 -0.007204 0.000000 0.432519 0.007204 0.999974 0.000000 0.012521 0.000000 0.000000 1.000000 0.000000
0.999974 -0.007207 0.000000 0.432752 0.007207 0.999974 0.000000 0.012523 0.000000 0.000000 1.000000 0.000000
0.999974 -0.007212 0.000000 0.432810 0.007212 0.999974 0.000000 0.012525 0.000000 0.000000 1.000000 0.000000
0.999974 -0.007211 0.000000 0.433012 0.007211 0.999974 0.000000 0.012528 0.000000 0.000000 1.000000 0.000000
0.999974 -0.007216 0.000000 0.433242 0.007216 0.999974 0.000000 0.012531 0.000000 0.000000 1.000000 0.000000
0.999974 -0.007220 0.000000 0.433396 0.007220 0.999974 0.000000 0.012533 0.000000 0.000000 1.000000 0.000000
0.999972 -0.007421 0.000000 0.446916 0.007421 0.999972 0.000000 0.012882 0.000000 0.000000 1.000000 0.000000
0.999971 -0.007581 0.000000 0.461341 0.007581 0.999971 0.000000 0.013215 0.000000 0.000000 1.000000 0.000000
0.999971 -0.007578 0.000000 0.461548 0.007578 0.999971 0.000000 0.013218 0.000000 0.000000 1.000000 0.000000
0.999971 -0.007581 0.000000 0.461751 0.007581 0.999971 0.000000 0.013221 0.000000 0.000000 1.000000 0.000000
0.999971 -0.007581 0.000000 0.461769 0.007581 0.999971 0.000000 0.013225 0.000000 0.000000 1.000000 0.000000
0.999971 -0.007581 0.000000 0.461660 0.007581 0.999971 0.000000 0.013226 0.000000 0.000000 1.000000 0.000000
0.999971 -0.007584 0.000000 0.461813 0.007584 0.999971 0.000000 0.013231 0.000000 0.000000 1.000000 0.000000
0.999971 -0.007588 0.000000 0.461942 0.007588 0.999971 0.000000 0.013234 0.000000 0.000000 1.000000 0.000000
0.999971 -0.007589 0.000000 0.462061 0.007589 0.999971 0.000000 0.013237 0.000000 0.000000 1.000000 0.000000
0.999971 -0.007591 0.000000 0.462159 0.007591 0.999971 0.000000 0.013240 0.000000 0.000000 1.000000 0.000000
0.999971 -0.007596 0.000000 0.462225 0.007596 0.999971 0.000000 0.013242 0.000000 0.000000 1.000000 0.000000
0.999971 -0.007600 0.000000 0.462323 0.007600 0.999971 0.000000 0.013246 0.000000 0.000000 1.000000 0.000000
0.999971 -0.007605 0.000000 0.462418 0.007605 0.999971 0.000000 0.013248 0.000000 0.000000 1.000000 0.000000
0.999971 -0.007615 0.000000 0.462501 0.007615 0.999971 0.000000 0.013249 0.000000 0.000000 1.000000 0.000000
0.999971 -0.007624 0.000000 0.462594 0.007624 0.999971 0.000000 0.013249 0.000000 0.000000 1.000000 0.000000
0.999971 -0.007626 0.000000 0.462678 0.007626 0.999971 0.000000 0.013251 0.000000 0.000000 1.000000 0.000000
0.999971 -0.007632 0.000000 0.462602 0.007632 0.999971 0.000000 0.013249 0.000000 0.000000 1.000000 0.000000
0.999971 -0.007638 0.000000 0.462634 0.007638 0.999971 0.000000 0.013248 0.000000 0.000000 1.000000 0.000000
0.999971 -0.007647 0.000000 0.462821 0.007647 0.999971 0.000000 0.013248 0.000000 0.000000 1.000000 0.000000
0.999971 -0.007651 0.000000 0.462881 0.007651 0.999971 0.000000 0.013249 0.000000 0.000000 1.000000 0.000000
0.999971 -0.007658 0.000000 0.462788 0.007658 0.999971 0.000000 0.013247 0.000000 0.000000 1.000000 0.000000
0.999971 -0.007661 0.000000 0.462939 0.007661 0.999971 0.000000 0.013250 0.000000 0.000000 1.000000 0.000000
0.999971 -0.007632 0.000000 0.461853 0.007632 0.999971 0.000000 0.013255 0.000000 0.000000 1.000000 0.000000
0.999971 -0.007566 0.000000 0.459231 0.007566 0.999971 0.000000 0.013266 0.000000 0.000000 1.000000 0.000000
0.999972 -0.007508 0.000000 0.458690 0.007508 0.999972 0.000000 0.013301 0.000000 0.000000 1.000000 0.000000
0.999975 -0.007081 0.000000 0.444576 0.007081 0.999975 0.000000 0.013321 0.000000 0.000000 1.000000 0.000000
0.999980 -0.006364 0.000000 0.424123 0.006364 0.999980 0.000000 0.012701 0.000000 0.000000 1.000000 0.000000
0.999980 -0.006360 0.000000 0.423903 0.006360 0.999980 0.000000 0.012707 0.000000 0.000000 1.000000 0.000000
0.999983 -0.005855 0.000000 0.412689 0.005855 0.999983 0.000000 0.012537 0.000000 0.000000 1.000000 0.000000
0.999983 -0.005857 0.000000 0.412630 0.005857 0.999983 0.000000 0.012551 0.000000 0.000000 1.000000 0.000000
0.999983 -0.005862 0.000000 0.412606 0.005862 0.999983 0.000000 0.012556 0.000000 0.000000 1.000000 0.000000
0.999983 -0.005861 0.000000 0.412614 0.005861 0.999983 0.000000 0.012558 0.000000 0.000000 1.000000 0.000000
0.999983 -0.005866 0.000000 0.412441 0.005866 0.999983 0.000000 0.012560 0.000000 0.000000 1.000000 0.000000
0.999983 -0.005882 0.000000 0.412025 0.005882 0.999983 0.000000 0.012567 0.000000 0.000000 1.000000 0.000000
0.999983 -0.005883 0.000000 0.411836 0.005883 0.999983 0.000000 0.012568 0.000000 0.000000 1.000000 0.000000
0.999983 -0.005886 0.000000 0.411881 0.005886 0.999983 0.000000 0.012571 0.000000 0.000000 1.000000 0.000000
0.999983 -0.005887 0.000000 0.411824 0.005887 0.999983 0.000000 0.012573 0.000000 0.000000 1.000000 0.000000
0.999983 -0.005887 0.000000 0.411786 0.005887 0.999983 0.000000 0.012574 0.000000 0.000000 1.000000 0.000000
0.999983 -0.005768 0.000000 0.408471 0.005768 0.999983 0.000000 0.012615 0.000000 0.000000 1.000000 0.000000
0.999984 -0.005635 0.000000 0.401333 0.005635 0.999984 0.000000 0.012535 0.000000 0.000000 1.000000 0.000000
0.999984 -0.005630 0.000000 0.401284 0.005630 0.999984 0.000000 0.012540 0.000000 0.000000 1.000000 0.000000
0.999984 -0.005635 0.000000 0.401266 0.005635 0.999984 0.000000 0.012541 0.000000 0.000000 1.000000 0.000000
0.999984 -0.005636 0.000000 0.401334 0.005636 0.999984 0.000000 0.012542 0.000000 0.000000 1.000000 0.000000
0.999984 -0.005638 0.000000 0.401458 0.005638 0.999984 0.000000 0.012543 0.000000 0.000000 1.000000 0.000000
0.999983 -0.005807 0.000000 0.414748 0.005807 0.999983 0.000000 0.012842 0.000000 0.000000 1.000000 0.000000
0.999983 -0.005811 0.000000 0.414962 0.005811 0.999983 0.000000 0.012846 0.000000 0.000000 1.000000 0.000000
0.999983 -0.005816 0.000000 0.415144 0.005816 0.999983 0.000000 0.012848 0.000000 0.000000 1.000000 0.000000
0.999983 -0.005820 0.000000 0.415336 0.005820 0.999983 0.000000 0.012851 0.000000 0.000000 1.000000 0.000000
0.999983 -0.005827 0.000000 0.415432 0.005827 0.999983 0.000000 0.012854 0.000000 0.000000 1.000000 0.000000
0.999982 -0.005992 0.000000 0.428658 0.005992 0.999982 0.000000 0.013141 0.000000 0.000000 1.000000 0.000000
0.999982 -0.005997 0.000000 0.428876 0.005997 0.999982 0.000000 0.013145 0.000000 0.000000 1.000000 0.000000
0.999982 -0.006002 0.000000 0.429015 0.006002 0.999982 0.000000 0.013147 0.000000 0.000000 1.000000 0.000000
0.999982 -0.006003 0.000000 0.429244 0.006003 0.999982 0.000000 0.013151 0.000000 0.000000 1.000000 0.000000
0.999981 -0.006098 0.000000 0.442169 0.006098 0.999981 0.000000 0.013388 0.000000 0.000000 1.000000 0.000000
0.999981 -0.006100 0.000000 0.442412 0.006100 0.999981 0.000000 0.013396 0.000000 0.000000 1.000000 0.000000
0.999981 -0.006216 0.000000 0.455239 0.006216 0.999981 0.000000 0.013685 0.000000 0.000000 1.000000 0.000000
0.999980 -0.006359 0.000000 0.467902 0.006359 0.999980 0.000000 0.013925 0.000000 0.000000 1.000000 0.000000
0.999980 -0.006363 0.000000 0.468095 0.006363 0.999980 0.000000 0.013930 0.000000 0.000000 1.000000 0.000000
0.999979 -0.006483 0.000000 0.481974 0.006483 0.999979 0.000000 0.014262 0.000000 0.000000 1.000000 0.000000
0.999978 -0.006687 0.000000 0.495732 0.006687 0.999978 0.000000 0.014732 0.000000 0.000000 1.000000 0.000000
0.999978 -0.006689 0.000000 0.495861 0.006689 0.999978 0.000000 0.014736 0.000000 0.000000 1.000000 0.000000
0.999978 -0.006692 0.000000 0.496076 0.006692 0.999978 0.000000 0.014740 0.000000 0.000000 1.000000 0.000000
0.999977 -0.006814 0.000000 0.506884 0.006814 0.999977 0.000000 0.014975 0.000000 0.000000 1.000000 0.000000
0.999977 -0.006815 0.000000 0.507129 0.006815 0.999977 0.000000 0.014980 0.000000 0.000000 1.000000 0.000000
0.999977 -0.006817 0.000000 0.507262 0.006817 0.999977 0.000000 0.014987 0.000000 0.000000 1.000000 0.000000
0.999976 -0.006907 0.000000 0.521133 0.006907 0.999976 0.000000 0.015224 0.000000 0.000000 1.000000 0.000000
0.999976 -0.006908 0.000000 0.521332 0.006908 0.999976 0.000000 0.015228 0.000000 0.000000 1.000000 0.000000
0.999975 -0.007001 0.000000 0.534379 0.007001 0.999975 0.000000 0.015448 0.000000 0.000000 1.000000 0.000000
0.999975 -0.007005 0.000000 0.534556 0.007005 0.999975 0.000000 0.015452 0.000000 0.000000 1.000000 0.000000
0.999975 -0.007008 0.000000 0.534695 0.007008 0.999975 0.000000 0.015455 0.000000 0.000000 1.000000 0.000000
0.999975 -0.007012 0.000000 0.534914 0.007012 0.999975 0.000000 0.015459 0.000000 0.000000 1.000000 0.000000
0.999975 -0.007015 0.000000 0.535048 0.007015 0.999975 0.000000 0.015462 0.000000 0.000000 1.000000 0.000000
0.999975 -0.007017 0.000000 0.535245 0.007017 0.999975 0.000000 0.015464 0.000000 0.000000 1.000000 0.000000
0.999975 -0.007120 0.000000 0.549283 0.007120 0.999975 0.000000 0.015718 0.000000 0.000000 1.000000 0.000000
0.999975 -0.007125 0.000000 0.549415 0.007125 0.999975 0.000000 0.015720 0.000000 0.000000 1.000000 0.000000
0.999975 -0.007132 0.000000 0.549539 0.007132 0.999975 0.000000 0.015724 0.000000 0.000000 1.000000 0.000000
0.999974 -0.007245 0.000000 0.563682 0.007245 0.999974 0.000000 0.016020 0.000000 0.000000 1.000000 0.000000
0.999974 -0.007252 0.000000 0.563859 0.007252 0.999974 0.000000 0.016025 0.000000 0.000000 1.000000 0.000000
0.999975 -0.007138 0.000000 0.577279 0.007138 0.999975 0.000000 0.016115 0.000000 0.000000 1.000000 0.000000
0.999974 -0.007220 0.000000 0.591101 0.007220 0.999974 0.000000 0.016319 0.000000 0.000000 1.000000 0.000000
0.999975 -0.007046 0.000000 0.601241 0.007046 0.999975 0.000000 0.016590 0.000000 0.000000 1.000000 0.000000
0.999975 -0.007131 0.000000 0.614597 0.007131 0.999975 0.000000 0.016851 0.000000 0.000000 1.000000 0.000000
0.999973 -0.007326 0.000000 0.628596 0.007326 0.999973 0.000000 0.017102 0.000000 0.000000 1.000000 0.000000
0.999973 -0.007331 0.000000 0.628697 0.007331 0.999973 0.000000 0.017102 0.000000 0.000000 1.000000 0.000000
0.999973 -0.007338 0.000000 0.628780 0.007338 0.999973 0.000000 0.017104 0.000000 0.000000 1.000000 0.000000
0.999974 -0.007274 0.000000 0.641953 0.007274 0.999974 0.000000 0.017231 0.000000 0.000000 1.000000 0.000000
0.999974 -0.007274 0.000000 0.642047 0.007274 0.999974 0.000000 0.017231 0.000000 0.000000 1.000000 0.000000
0.999974 -0.007275 0.000000 0.642197 0.007275 0.999974 0.000000 0.017233 0.000000 0.000000 1.000000 0.000000
0.999972 -0.007426 0.000000 0.655392 0.007426 0.999972 0.000000 0.017589 0.000000 0.000000 1.000000 0.000000
0.999971 -0.007611 0.000000 0.671038 0.007611 0.999971 0.000000 0.017921 0.000000 0.000000 1.000000 0.000000
0.999970 -0.007788 0.000000 0.685600 0.007788 0.999970 0.000000 0.018326 0.000000 0.000000 1.000000 0.000000
0.999970 -0.007795 0.000000 0.685791 0.007795 0.999970 0.000000 0.018329 0.000000 0.000000 1.000000 0.000000
0.999967 -0.008115 0.000000 0.701917 0.008115 0.999967 0.000000 0.018757 0.000000 0.000000 1.000000 0.000000
0.999965 -0.008368 0.000000 0.718973 0.008368 0.999965 0.000000 0.019324 0.000000 0.000000 1.000000 0.000000
0.999963 -0.008624 0.000000 0.732622 0.008624 0.999963 0.000000 0.019817 0.000000 0.000000 1.000000 0.000000
0.999963 -0.008625 0.000000 0.732804 0.008625 0.999963 0.000000 0.019823 0.000000 0.000000 1.000000 0.000000
0.999963 -0.008639 0.000000 0.733006 0.008639 0.999963 0.000000 0.019826 0.000000 0.000000 1.000000 0.000000
0.999960 -0.008933 0.000000 0.747036 0.008933 0.999960 0.000000 0.020157 0.000000 0.000000 1.000000 0.000000
0.999957 -0.009326 0.000000 0.760873 0.009326 0.999957 0.000000 0.020721 0.000000 0.000000 1.000000 0.000000
0.999956 -0.009338 0.000000 0.761060 0.009338 0.999956 0.000000 0.020716 0.000000 0.000000 1.000000 0.000000
0.999955 -0.009491 0.000000 0.773219 0.009491 0.999955 0.000000 0.020939 0.000000 0.000000 1.000000 0.000000
0.999952 -0.009829 0.000000 0.787716 0.009829 0.999952 0.000000 0.021456 0.000000 0.000000 1.000000 0.000000
0.999949 -0.010114 0.000000 0.804143 0.010114 0.999949 0.000000 0.021725 0.000000 0.000000 1.000000 0.000000
0.999947 -0.010295 0.000000 0.816981 0.010295 0.999947 0.000000 0.021935 0.000000 0.000000 1.000000 0.000000
0.999947 -0.010302 0.000000 0.817148 0.010302 0.999947 0.000000 0.021941 0.000000 0.000000 1.000000 0.000000
0.999946 -0.010418 0.000000 0.831840 0.010418 0.999946 0.000000 0.022262 0.000000 0.000000 1.000000 0.000000
0.999945 -0.010527 0.000000 0.847288 0.010527 0.999945 0.000000 0.022586 0.000000 0.000000 1.000000 0.000000
0.999943 -0.010682 0.000000 0.861200 0.010682 0.999943 0.000000 0.022739 0.000000 0.000000 1.000000 0.000000
0.999943 -0.010686 0.000000 0.861369 0.010686 0.999943 0.000000 0.022744 0.000000 0.000000 1.000000 0.000000
0.999940 -0.010962 0.000000 0.878870 0.010962 0.999940 0.000000 0.023513 0.000000 0.000000 1.000000 0.000000
0.999937 -0.011213 0.000000 0.895054 0.011213 0.999937 0.000000 0.024073 0.000000 0.000000 1.000000 0.000000
0.999933 -0.011569 0.000000 0.911393 0.011569 0.999933 0.000000 0.024312 0.000000 0.000000 1.000000 0.000000
0.999929 -0.011922 0.000000 0.929457 0.011922 0.999929 0.000000 0.025354 0.000000 0.000000 1.000000 0.000000
0.999929 -0.011927 0.000000 0.929591 0.011927 0.999929 0.000000 0.025355 0.000000 0.000000 1.000000 0.000000
0.999929 -0.011927 0.000000 0.929617 0.011927 0.999929 0.000000 0.025356 0.000000 0.000000 1.000000 0.000000
0.999927 -0.012086 0.000000 0.941350 0.012086 0.999927 0.000000 0.025700 0.000000 0.000000 1.000000 0.000000
0.999927 -0.012081 0.000000 0.941447 0.012081 0.999927 0.000000 0.025699 0.000000 0.000000 1.000000 0.000000
0.999928 -0.012018 0.000000 0.941048 0.012018 0.999928 0.000000 0.025669 0.000000 0.000000 1.000000 0.000000
0.999935 -0.011423 0.000000 0.937391 0.011423 0.999935 0.000000 0.025260 0.000000 0.000000 1.000000 0.000000
0.999937 -0.011259 0.000000 0.940051 0.011259 0.999937 0.000000 0.025146 0.000000 0.000000 1.000000 0.000000
0.999939 -0.011001 0.000000 0.949138 0.011001 0.999939 0.000000 0.025258 0.000000 0.000000 1.000000 0.000000
0.999938 -0.011151 0.000000 0.960670 0.011151 0.999938 0.000000 0.025125 0.000000 0.000000 1.000000 0.000000
0.999935 -0.011383 0.000000 0.975593 0.011383 0.999935 0.000000 0.025211 0.000000 0.000000 1.000000 0.000000
0.999933 -0.011552 0.000000 0.989799 0.011552 0.999933 0.000000 0.025220 0.000000 0.000000 1.000000 0.000000
0.999930 -0.011865 0.000000 1.003122 0.011865 0.999930 0.000000 0.025352 0.000000 0.000000 1.000000 0.000000
0.999925 -0.012248 0.000000 1.018841 0.012248 0.999925 0.000000 0.025560 0.000000 0.000000 1.000000 0.000000
0.999922 -0.012507 0.000000 1.033671 0.012507 0.999922 0.000000 0.025895 0.000000 0.000000 1.000000 0.000000
0.999920 -0.012677 0.000000 1.045731 0.012677 0.999920 0.000000 0.025942 0.000000 0.000000 1.000000 0.000000
0.999920 -0.012684 0.000000 1.045927 0.012684 0.999920 0.000000 0.025934 0.000000 0.000000 1.000000 0.000000
0.999919 -0.012697 0.000000 1.046050 0.012697 0.999919 0.000000 0.025916 0.000000 0.000000 1.000000 0.000000
0.999916 -0.012944 0.000000 1.060086 0.012944 0.999916 0.000000 0.025932 0.000000 0.000000 1.000000 0.000000
0.999912 -0.013245 0.000000 1.072232 0.013245 0.999912 0.000000 0.026123 0.000000 0.000000 1.000000 0.000000
0.999912 -0.013243 0.000000 1.072378 0.013243 0.999912 0.000000 0.026123 0.000000 0.000000 1.000000 0.000000
0.999912 -0.013254 0.000000 1.072509 0.013254 0.999912 0.000000 0.026118 0.000000 0.000000 1.000000 0.000000
0.999912 -0.013268 0.000000 1.072698 0.013268 0.999912 0.000000 0.026114 0.000000 0.000000 1.000000 0.000000
0.999906 -0.013705 0.000000 1.085573 0.013705 0.999906 0.000000 0.026394 0.000000 0.000000 1.000000 0.000000
0.999901 -0.014054 0.000000 1.097902 0.014054 0.999901 0.000000 0.026539 0.000000 0.000000 1.000000 0.000000
0.999901 -0.014061 0.000000 1.097969 0.014061 0.999901 0.000000 0.026538 0.000000 0.000000 1.000000 0.000000
0.999898 -0.014259 0.000000 1.110692 0.014259 0.999898 0.000000 0.026905 0.000000 0.000000 1.000000 0.000000
0.999898 -0.014269 0.000000 1.110863 0.014269 0.999898 0.000000 0.026904 0.000000 0.000000 1.000000 0.000000
0.999898 -0.014272 0.000000 1.111091 0.014272 0.999898 0.000000 0.026907 0.000000 0.000000 1.000000 0.000000
0.999903 -0.013937 0.000000 1.124822 0.013937 0.999903 0.000000 0.027322 0.000000 0.000000 1.000000 0.000000
0.999916 -0.012938 0.000000 1.155899 0.012938 0.999916 0.000000 0.028353 0.000000 0.000000 1.000000 0.000000
0.999929 -0.011893 0.000000 1.186003 0.011893 0.999929 0.000000 0.028872 0.000000 0.000000 1.000000 0.000000
0.999949 -0.010051 0.000000 1.177930 0.010051 0.999949 0.000000 0.031099 0.000000 0.000000 1.000000 0.000000
0.999982 -0.005977 0.000000 1.155911 0.005977 0.999982 0.000000 0.042879 0.000000 0.000000 1.000000 0.000000
1.000000 0.000024 0.000000 1.119986 -0.000024 1.000000 0.000000 0.061025 0.000000 0.000000 1.000000 0.000000
0.999953 0.009733 0.000000 1.049109 -0.009733 0.999953 0.000000 0.088498 0.000000 0.000000 1.000000 0.000000
0.999688 0.024959 0.000000 0.926058 -0.024959 0.999688 0.000000 0.076084 0.000000 0.000000 1.000000 0.000000
0.998786 0.049269 0.000000 1.160240 -0.049269 0.998786 0.000000 0.062082 0.000000 0.000000 1.000000 0.000000
0.996870 0.079063 0.000000 1.444365 -0.079063 0.996870 0.000000 0.028131 0.000000 0.000000 1.000000 0.000000
0.993497 0.113861 0.000000 1.771285 -0.113861 0.993497 0.000000 0.001756 0.000000 0.000000 1.000000 0.000000
0.988396 0.151898 0.000000 2.130324 -0.151898 0.988396 0.000000 -0.075392 0.000000 0.000000 1.000000 0.000000
0.981164 0.193177 0.000000 2.510053 -0.193177 0.981164 0.000000 -0.127159 0.000000 0.000000 1.000000 0.000000
0.973717 0.227760 0.000000 2.966986 -0.227760 0.973717 0.000000 -0.238863 0.000000 0.000000 1.000000 0.000000
0.997185 -0.074985 0.000000 3.502593 0.074985 0.997185 0.000000 -0.168497 0.000000 0.000000 1.000000 0.000000
0.998270 -0.058796 0.000000 4.124430 0.058796 0.998270 0.000000 -0.112781 0.000000 0.000000 1.000000 0.000000
0.998486 -0.055008 0.000000 4.773547 0.055008 0.998486 0.000000 -0.046800 0.000000 0.000000 1.000000 0.000000
0.998021 -0.062880 0.000000 5.524496 0.062880 0.998021 0.000000 0.040024 0.000000 0.000000 1.000000 0.000000
0.996488 -0.083732 0.000000 6.326597 0.083732 0.996488 0.000000 0.129904 0.000000 0.000000 1.000000 0.000000
0.993763 -0.111509 0.000000 7.205929 0.111509 0.993763 0.000000 0.294611 0.000000 0.000000 1.000000 0.000000
0.990458 -0.137817 0.000000 8.248566 0.137817 0.990458 0.000000 0.500945 0.000000 0.000000 1.000000 0.000000
0.986816 -0.161848 0.000000 9.315764 0.161848 0.986816 0.000000 0.674216 0.000000 0.000000 1.000000 0.000000
0.983255 -0.182233 0.000000 10.392697 0.182233 0.983255 0.000000 0.913750 0.000000 0.000000 1.000000 0.000000
0.979716 -0.200392 0.000000 11.603103 0.200392 0.979716 0.000000 1.185734 0.000000 0.000000 1.000000 0.000000
0.975986 -0.217835 0.000000 12.883115 0.217835 0.975986 0.000000 1.522912 0.000000 0.000000 1.000000 0.000000
0.972756 -0.231832 0.000000 14.216873 0.231832 0.972756 0.000000 1.876195 0.000000 0.000000 1.000000 0.000000
0.969572 -0.244808 0.000000 15.621669 0.244808 0.969572 0.000000 2.244519 0.000000 0.000000 1.000000 0.000000
0.967516 -0.252809 0.000000 17.035876 0.252809 0.967516 0.000000 2.637907 0.000000 0.000000 1.000000 0.000000
0.965097 -0.261894 0.000000 18.485518 0.261894 0.965097 0.000000 3.041673 0.000000 0.000000 1.000000 0.000000
0.962078 -0.272774 0.000000 20.037401 0.272774 0.962078 0.000000 3.512641 0.000000 0.000000 1.000000 0.000000
0.960060 -0.279795 0.000000 21.541573 0.279795 0.960060 0.000000 3.975140 0.000000 0.000000 1.000000 0.000000
0.959352 -0.282211 0.000000 23.126181 0.282211 0.959352 0.000000 4.475623 0.000000 0.000000 1.000000 0.000000
0.958036 -0.286649 0.000000 24.748296 0.286649 0.958036 0.000000 5.008873 0.000000 0.000000 1.000000 0.000000
0.956922 -0.290347 0.000000 26.372319 0.290347 0.956922 0.000000 5.560849 0.000000 0.000000 1.000000 0.000000
0.956922 -0.290344 0.000000 28.003611 0.290344 0.956922 0.000000 6.075238 0.000000 0.000000 1.000000 0.000000
0.957679 -0.287837 0.000000 29.665358 0.287837 0.957679 0.000000 6.599104 0.000000 0.000000 1.000000 0.000000
0.958865 -0.283861 0.000000 31.485555 0.283861 0.958865 0.000000 7.169975 0.000000 0.000000 1.000000 0.000000
0.961009 -0.276519 0.000000 33.145227 0.276519 0.961009 0.000000 7.698496 0.000000 0.000000 1.000000 0.000000
0.962219 -0.272275 0.000000 34.828542 0.272275 0.962219 0.000000 8.210914 0.000000 0.000000 1.000000 0.000000
0.963106 -0.269123 0.000000 36.586378 0.269123 0.963106 0.000000 8.726092 0.000000 0.000000 1.000000 0.000000
0.962954 -0.269666 0.000000 38.318899 0.269666 0.962954 0.000000 9.242678 0.000000 0.000000 1.000000 0.000000
0.963043 -0.269346 0.000000 40.060938 0.269346 0.963043 0.000000 9.760802 0.000000 0.000000 1.000000 0.000000
0.963269 -0.268539 0.000000 41.883408 0.268539 0.963269 0.000000 10.301165 0.000000 0.000000 1.000000 0.000000
0.963669 -0.267100 0.000000 43.743226 0.267100 0.963669 0.000000 10.835119 0.000000 0.000000 1.000000 0.000000
0.964998 -0.262259 0.000000 45.458377 0.262259 0.964998 0.000000 11.322631 0.000000 0.000000 1.000000 0.000000
0.966021 -0.258465 0.000000 47.334930 0.258465 0.966021 0.000000 11.844126 0.000000 0.000000 1.000000 0.000000
0.966616 -0.256231 0.000000 49.268752 0.256231 0.966616 0.000000 12.368049 0.000000 0.000000 1.000000 0.000000
0.967718 -0.252035 0.000000 51.091596 0.252035 0.967718 0.000000 12.872192 0.000000 0.000000 1.000000 0.000000
0.967474 -0.252972 0.000000 53.051661 0.252972 0.967474 0.000000 13.398171 0.000000 0.000000 1.000000 0.000000
0.966307 -0.257391 0.000000 54.986625 0.257391 0.966307 0.000000 13.956277 0.000000 0.000000 1.000000 0.000000
0.964538 -0.263946 0.000000 56.959154 0.263946 0.964538 0.000000 14.520640 0.000000 0.000000 1.000000 0.000000
0.963860 -0.266410 0.000000 58.875136 0.266410 0.963860 0.000000 15.074271 0.000000 0.000000 1.000000 0.000000
0.962741 -0.270425 0.000000 60.875943 0.270425 0.962741 0.000000 15.668746 0.000000 0.000000 1.000000 0.000000
0.961692 -0.274133 0.000000 62.812956 0.274133 0.961692 0.000000 16.246224 0.000000 0.000000 1.000000 0.000000
0.960107 -0.279634 0.000000 62.794240 0.279634 0.960107 0.000000 16.281028 0.000000 0.000000 1.000000 0.000000
0.958518 -0.285031 0.000000 64.769625 0.285031 0.958518 0.000000 16.888442 0.000000 0.000000 1.000000 0.000000
0.957743 -0.287625 0.000000 66.689254 0.287625 0.957743 0.000000 17.528102 0.000000 0.000000 1.000000 0.000000
0.955058 -0.296420 0.000000 68.564658 0.296420 0.955058 0.000000 18.173003 0.000000 0.000000 1.000000 0.000000
0.953299 -0.302029 0.000000 70.498427 0.302029 0.953299 0.000000 18.831277 0.000000 0.000000 1.000000 0.000000
0.951287 -0.308308 0.000000 72.402954 0.308308 0.951287 0.000000 19.487246 0.000000 0.000000 1.000000 0.000000
0.949448 -0.313924 0.000000 74.319870 0.313924 0.949448 0.000000 20.168719 0.000000 0.000000 1.000000 0.000000
0.946546 -0.322568 0.000000 76.223545 0.322568 0.946546 0.000000 20.846777 0.000000 0.000000 1.000000 0.000000
0.945374 -0.325986 0.000000 78.020270 0.325986 0.945374 0.000000 21.503972 0.000000 0.000000 1.000000 0.000000
0.945542 -0.325499 0.000000 80.027253 0.325499 0.945542 0.000000 22.248699 0.000000 0.000000 1.000000 0.000000
0.946286 -0.323331 0.000000 81.967267 0.323331 0.946286 0.000000 22.958421 0.000000 0.000000 1.000000 0.000000
0.947240 -0.320525 0.000000 83.941025 0.320525 0.947240 0.000000 23.675724 0.000000 0.000000 1.000000 0.000000
0.948862 -0.315692 0.000000 85.899408 0.315692 0.948862 0.000000 24.358597 0.000000 0.000000 1.000000 0.000000
0.951183 -0.308628 0.000000 87.790154 0.308628 0.951183 0.000000 25.048636 0.000000 0.000000 1.000000 0.000000
0.952912 -0.303247 0.000000 89.849372 0.303247 0.952912 0.000000 25.708659 0.000000 0.000000 1.000000 0.000000
0.956615 -0.291356 0.000000 91.985818 0.291356 0.956615 0.000000 26.366930 0.000000 0.000000 1.000000 0.000000
0.958310 -0.285732 0.000000 93.981130 0.285732 0.958310 0.000000 26.974738 0.000000 0.000000 1.000000 0.000000
0.960414 -0.278577 0.000000 95.890931 0.278577 0.960414 0.000000 27.553477 0.000000 0.000000 1.000000 0.000000
0.962483 -0.271343 0.000000 97.965623 0.271343 0.962483 0.000000 28.188570 0.000000 0.000000 1.000000 0.000000
0.963830 -0.266517 0.000000 99.880169 0.266517 0.963830 0.000000 28.740308 0.000000 0.000000 1.000000 0.000000
0.965274 -0.261239 0.000000 101.786848 0.261239 0.965274 0.000000 29.306831 0.000000 0.000000 1.000000 0.000000
0.967290 -0.253675 0.000000 103.778180 0.253675 0.967290 0.000000 29.860273 0.000000 0.000000 1.000000 0.000000
0.968073 -0.250670 0.000000 105.771249 0.250670 0.968073 0.000000 30.439401 0.000000 0.000000 1.000000 0.000000
0.970238 -0.242155 0.000000 107.664376 0.242155 0.970238 0.000000 30.974998 0.000000 0.000000 1.000000 0.000000
0.971837 -0.235655 0.000000 109.657051 0.235655 0.971837 0.000000 31.489085 0.000000 0.000000 1.000000 0.000000
0.971431 -0.237324 0.000000 111.631766 0.237324 0.971431 0.000000 31.988789 0.000000 0.000000 1.000000 0.000000
0.972035 -0.234834 0.000000 113.760408 0.234834 0.972035 0.000000 32.553553 0.000000 0.000000 1.000000 0.000000
0.972578 -0.232578 0.000000 115.640974 0.232578 0.972578 0.000000 33.034777 0.000000 0.000000 1.000000 0.000000
0.972487 -0.232959 0.000000 117.558056 0.232959 0.972487 0.000000 33.521219 0.000000 0.000000 1.000000 0.000000
0.972304 -0.233721 0.000000 119.529165 0.233721 0.972304 0.000000 34.052947 0.000000 0.000000 1.000000 0.000000
0.971687 -0.236272 0.000000 121.565001 0.236272 0.971687 0.000000 34.559085 0.000000 0.000000 1.000000 0.000000
0.970295 -0.241927 0.000000 123.569469 0.241927 0.970295 0.000000 35.042634 0.000000 0.000000 1.000000 0.000000
0.969121 -0.246585 0.000000 125.566392 0.246585 0.969121 0.000000 35.541484 0.000000 0.000000 1.000000 0.000000
0.968160 -0.250331 0.000000 127.564989 0.250331 0.968160 0.000000 36.086528 0.000000 0.000000 1.000000 0.000000
0.965840 -0.259139 0.000000 129.521880 0.259139 0.965840 0.000000 36.625720 0.000000 0.000000 1.000000 0.000000
0.964874 -0.262712 0.000000 131.551003 0.262712 0.964874 0.000000 37.203135 0.000000 0.000000 1.000000 0.000000
0.964601 -0.263715 0.000000 133.378905 0.263715 0.964601 0.000000 37.713286 0.000000 0.000000 1.000000 0.000000
0.964265 -0.264940 0.000000 135.397069 0.264940 0.964265 0.000000 38.292136 0.000000 0.000000 1.000000 0.000000
0.964557 -0.263875 0.000000 137.475991 0.263875 0.964557 0.000000 38.876720 0.000000 0.000000 1.000000 0.000000
0.964400 -0.264448 0.000000 137.468860 0.264448 0.964400 0.000000 38.877819 0.000000 0.000000 1.000000 0.000000
0.964493 -0.264109 0.000000 139.464300 0.264109 0.964493 0.000000 39.459335 0.000000 0.000000 1.000000 0.000000
0.964066 -0.265663 0.000000 141.438320 0.265663 0.964066 0.000000 40.005080 0.000000 0.000000 1.000000 0.000000
0.964770 -0.263094 0.000000 143.420328 0.263094 0.964770 0.000000 40.571139 0.000000 0.000000 1.000000 0.000000
0.964848 -0.262807 0.000000 145.516160 0.262807 0.964848 0.000000 41.137527 0.000000 0.000000 1.000000 0.000000
0.964974 -0.262345 0.000000 147.613176 0.262345 0.964974 0.000000 41.724029 0.000000 0.000000 1.000000 0.000000
0.965621 -0.259955 0.000000 149.683705 0.259955 0.965621 0.000000 42.280337 0.000000 0.000000 1.000000 0.000000
0.966081 -0.258240 0.000000 151.787950 0.258240 0.966081 0.000000 42.851774 0.000000 0.000000 1.000000 0.000000
0.967011 -0.254734 0.000000 153.920326 0.254734 0.967011 0.000000 43.424380 0.000000 0.000000 1.000000 0.000000
0.967570 -0.252604 0.000000 156.079397 0.252604 0.967570 0.000000 43.995978 0.000000 0.000000 1.000000 0.000000
0.968194 -0.250200 0.000000 158.243819 0.250200 0.968194 0.000000 44.567743 0.000000 0.000000 1.000000 0.000000
0.968450 -0.249208 0.000000 160.399013 0.249208 0.968450 0.000000 45.146701 0.000000 0.000000 1.000000 0.000000
0.969478 -0.245178 0.000000 162.589823 0.245178 0.969478 0.000000 45.715910 0.000000 0.000000 1.000000 0.000000
0.969676 -0.244395 0.000000 164.772295 0.244395 0.969676 0.000000 46.273876 0.000000 0.000000 1.000000 0.000000
