1.000000 -0.000003 0.000000 0.000084 0.000003 1.000000 0.000000 0.000004 0.000000 0.000000 1.000000 0.000000
1.000000 -0.000006 0.000000 0.000108 0.000006 1.000000 0.000000 0.000006 0.000000 0.000000 1.000000 0.000000
1.000000 -0.000236 0.000000 0.013544 0.000236 1.000000 0.000000 0.000361 0.000000 0.000000 1.000000 0.000000
1.000000 -0.000242 0.000000 0.013725 0.000242 1.000000 0.000000 0.000365 0.000000 0.000000 1.000000 0.000000
1.000000 -0.000244 0.000000 0.013834 0.000244 1.000000 0.000000 0.000367 0.000000 0.000000 1.000000 0.000000
1.000000 -0.000248 0.000000 0.013771 0.000248 1.000000 0.000000 0.000370 0.000000 0.000000 1.000000 0.000000
1.000000 -0.000254 0.000000 0.013874 0.000254 1.000000 0.000000 0.000375 0.000000 0.000000 1.000000 0.000000
1.000000 -0.000259 0.000000 0.014011 0.000259 1.000000 0.000000 0.000377 0.000000 0.000000 1.000000 0.000000
1.000000 -0.000265 0.000000 0.014063 0.000265 1.000000 0.000000 0.000382 0.000000 0.000000 1.000000 0.000000
1.000000 -0.000268 0.000000 0.014209 0.000268 1.000000 0.000000 0.000387 0.000000 0.000000 1.000000 0.000000
1.000000 -0.000272 0.000000 0.014340 0.000272 1.000000 0.000000 0.000390 0.000000 0.000000 1.000000 0.000000
1.000000 -0.000276 0.000000 0.014432 0.000276 1.000000 0.000000 0.000393 0.000000 0.000000 1.000000 0.000000
1.000000 -0.000280 0.000000 0.014432 0.000280 1.000000 0.000000 0.000397 0.000000 0.000000 1.000000 0.000000
1.000000 -0.000283 0.000000 0.014563 0.000283 1.000000 0.000000 0.000400 0.000000 0.000000 1.000000 0.000000
1.000000 -0.000285 0.000000 0.014685 0.000285 1.000000 0.000000 0.000402 0.000000 0.000000 1.000000 0.000000
1.000000 -0.000287 0.000000 0.014638 0.000287 1.000000 0.000000 0.000407 0.000000 0.000000 1.000000 0.000000
1.000000 -0.000289 0.000000 0.014608 0.000289 1.000000 0.000000 0.000409 0.000000 0.000000 1.000000 0.000000
1.000000 -0.000292 0.000000 0.014621 0.000292 1.000000 0.000000 0.000412 0.000000 0.000000 1.000000 0.000000
1.000000 -0.000296 0.000000 0.014833 0.000296 1.000000 0.000000 0.000416 0.000000 0.000000 1.000000 0.000000
1.000000 -0.000298 0.000000 0.014806 0.000298 1.000000 0.000000 0.000417 0.000000 0.000000 1.000000 0.000000
1.000000 -0.000304 0.000000 0.014884 0.000304 1.000000 0.000000 0.000420 0.000000 0.000000 1.000000 0.000000
1.000000 -0.000310 0.000000 0.014877 0.000310 1.000000 0.000000 0.000425 0.000000 0.000000 1.000000 0.000000
1.000000 -0.000314 0.000000 0.014983 0.000314 1.000000 0.000000 0.000427 0.000000 0.000000 1.000000 0.000000
1.000000 -0.000319 0.000000 0.015124 0.000319 1.000000 0.000000 0.000432 0.000000 0.000000 1.000000 0.000000
1.000000 -0.000325 0.000000 0.015128 0.000325 1.000000 0.000000 0.000437 0.000000 0.000000 1.000000 0.000000
1.000000 -0.000332 0.000000 0.015270 0.000332 1.000000 0.000000 0.000446 0.000000 0.000000 1.000000 0.000000
1.000000 -0.000333 0.000000 0.015479 0.000333 1.000000 0.000000 0.000448 0.000000 0.000000 1.000000 0.000000
1.000000 -0.000338 0.000000 0.015577 0.000338 1.000000 0.000000 0.000451 0.000000 0.000000 1.000000 0.000000
1.000000 -0.000343 0.000000 0.015682 0.000343 1.000000 0.000000 0.000455 0.000000 0.000000 1.000000 0.000000
1.000000 -0.000346 0.000000 0.015776 0.000346 1.000000 0.000000 0.000457 0.000000 0.000000 1.000000 0.000000
1.000000 -0.000347 0.000000 0.015857 0.000347 1.000000 0.000000 0.000457 0.000000 0.000000 1.000000 0.000000
1.000000 -0.000350 0.000000 0.015818 0.000350 1.000000 0.000000 0.000456 0.000000 0.000000 1.000000 0.000000
1.000000 -0.000350 0.000000 0.015712 0.000350 1.000000 0.000000 0.000457 0.000000 0.000000 1.000000 0.000000
1.000000 -0.000355 0.000000 0.015783 0.000355 1.000000 0.000000 0.000461 0.000000 0.000000 1.000000 0.000000
1.000000 -0.000356 0.000000 0.015916 0.000356 1.000000 0.000000 0.000460 0.000000 0.000000 1.000000 0.000000
1.000000 -0.000357 0.000000 0.015978 0.000357 1.000000 0.000000 0.000463 0.000000 0.000000 1.000000 0.000000
1.000000 -0.000493 0.000000 0.028175 0.000493 1.000000 0.000000 0.000746 0.000000 0.000000 1.000000 0.000000
1.000000 -0.000493 0.000000 0.028221 0.000493 1.000000 0.000000 0.000748 0.000000 0.000000 1.000000 0.000000
1.000000 -0.000493 0.000000 0.028199 0.000493 1.000000 0.000000 0.000751 0.000000 0.000000 1.000000 0.000000
1.000000 -0.000494 0.000000 0.028319 0.000494 1.000000 0.000000 0.000754 0.000000 0.000000 1.000000 0.000000
1.000000 -0.000492 0.000000 0.028396 0.000492 1.000000 0.000000 0.000753 0.000000 0.000000 1.000000 0.000000
1.000000 -0.000794 0.000000 0.043823 0.000794 1.000000 0.000000 0.001243 0.000000 0.000000 1.000000 0.000000
1.000000 -0.000797 0.000000 0.043862 0.000797 1.000000 0.000000 0.001246 0.000000 0.000000 1.000000 0.000000
1.000000 -0.000800 0.000000 0.043999 0.000800 1.000000 0.000000 0.001247 0.000000 0.000000 1.000000 0.000000
1.000000 -0.000804 0.000000 0.044241 0.000804 1.000000 0.000000 0.001251 0.000000 0.000000 1.000000 0.000000
1.000000 -0.000808 0.000000 0.044286 0.000808 1.000000 0.000000 0.001256 0.000000 0.000000 1.000000 0.000000
1.000000 -0.000811 0.000000 0.044473 0.000811 1.000000 0.000000 0.001258 0.000000 0.000000 1.000000 0.000000
1.000000 -0.000813 0.000000 0.044545 0.000813 1.000000 0.000000 0.001262 0.000000 0.000000 1.000000 0.000000
1.000000 -0.000911 0.000000 0.056419 0.000911 1.000000 0.000000 0.001432 0.000000 0.000000 1.000000 0.000000
1.000000 -0.000916 0.000000 0.056580 0.000916 1.000000 0.000000 0.001435 0.000000 0.000000 1.000000 0.000000
1.000000 -0.000918 0.000000 0.056681 0.000918 1.000000 0.000000 0.001435 0.000000 0.000000 1.000000 0.000000
1.000000 -0.000919 0.000000 0.056786 0.000919 1.000000 0.000000 0.001437 0.000000 0.000000 1.000000 0.000000
1.000000 -0.000922 0.000000 0.056952 0.000922 1.000000 0.000000 0.001440 0.000000 0.000000 1.000000 0.000000
1.000000 -0.000923 0.000000 0.057044 0.000923 1.000000 0.000000 0.001441 0.000000 0.000000 1.000000 0.000000
1.000000 -0.000926 0.000000 0.057210 0.000926 1.000000 0.000000 0.001445 0.000000 0.000000 1.000000 0.000000
1.000000 -0.000928 0.000000 0.057390 0.000928 1.000000 0.000000 0.001449 0.000000 0.000000 1.000000 0.000000
1.000000 -0.000931 0.000000 0.057381 0.000931 1.000000 0.000000 0.001453 0.000000 0.000000 1.000000 0.000000
1.000000 -0.000933 0.000000 0.057438 0.000933 1.000000 0.000000 0.001457 0.000000 0.000000 1.000000 0.000000
1.000000 -0.000934 0.000000 0.057496 0.000934 1.000000 0.000000 0.001459 0.000000 0.000000 1.000000 0.000000
1.000000 -0.000937 0.000000 0.057544 0.000937 1.000000 0.000000 0.001462 0.000000 0.000000 1.000000 0.000000
1.000000 -0.000939 0.000000 0.057695 0.000939 1.000000 0.000000 0.001464 0.000000 0.000000 1.000000 0.000000
1.000000 -0.000942 0.000000 0.057824 0.000942 1.000000 0.000000 0.001466 0.000000 0.000000 1.000000 0.000000
1.000000 -0.000946 0.000000 0.057932 0.000946 1.000000 0.000000 0.001469 0.000000 0.000000 1.000000 0.000000
1.000000 -0.000949 0.000000 0.058063 0.000949 1.000000 0.000000 0.001473 0.000000 0.000000 1.000000 0.000000
1.000000 -0.000954 0.000000 0.058083 0.000954 1.000000 0.000000 0.001476 0.000000 0.000000 1.000000 0.000000
1.000000 -0.000960 0.000000 0.058197 0.000960 1.000000 0.000000 0.001479 0.000000 0.000000 1.000000 0.000000
1.000000 -0.000964 0.000000 0.058234 0.000964 1.000000 0.000000 0.001479 0.000000 0.000000 1.000000 0.000000
0.999999 -0.001149 0.000000 0.071041 0.001149 0.999999 0.000000 0.001820 0.000000 0.000000 1.000000 0.000000
0.999999 -0.001150 0.000000 0.071116 0.001150 0.999999 0.000000 0.001822 0.000000 0.000000 1.000000 0.000000
0.999999 -0.001153 0.000000 0.071335 0.001153 0.999999 0.000000 0.001826 0.000000 0.000000 1.000000 0.000000
0.999999 -0.001158 0.000000 0.071427 0.001158 0.999999 0.000000 0.001825 0.000000 0.000000 1.000000 0.000000
0.999999 -0.001159 0.000000 0.071532 0.001159 0.999999 0.000000 0.001825 0.000000 0.000000 1.000000 0.000000
0.999999 -0.001161 0.000000 0.071676 0.001161 0.999999 0.000000 0.001825 0.000000 0.000000 1.000000 0.000000
0.999999 -0.001167 0.000000 0.071872 0.001167 0.999999 0.000000 0.001830 0.000000 0.000000 1.000000 0.000000
0.999999 -0.001169 0.000000 0.072062 0.001169 0.999999 0.000000 0.001832 0.000000 0.000000 1.000000 0.000000
0.999999 -0.001168 0.000000 0.072105 0.001168 0.999999 0.000000 0.001836 0.000000 0.000000 1.000000 0.000000
0.999999 -0.001172 0.000000 0.072279 0.001172 0.999999 0.000000 0.001838 0.000000 0.000000 1.000000 0.000000
0.999999 -0.001173 0.000000 0.072360 0.001173 0.999999 0.000000 0.001840 0.000000 0.000000 1.000000 0.000000
0.999999 -0.001174 0.000000 0.072478 0.001174 0.999999 0.000000 0.001842 0.000000 0.000000 1.000000 0.000000
0.999999 -0.001175 0.000000 0.072604 0.001175 0.999999 0.000000 0.001840 0.000000 0.000000 1.000000 0.000000
0.999999 -0.001173 0.000000 0.072638 0.001173 0.999999 0.000000 0.001842 0.000000 0.000000 1.000000 0.000000
0.999999 -0.001176 0.000000 0.072769 0.001176 0.999999 0.000000 0.001846 0.000000 0.000000 1.000000 0.000000
0.999999 -0.001180 0.000000 0.072951 0.001180 0.999999 0.000000 0.001846 0.000000 0.000000 1.000000 0.000000
0.999999 -0.001180 0.000000 0.073044 0.001180 0.999999 0.000000 0.001846 0.000000 0.000000 1.000000 0.000000
0.999999 -0.001185 0.000000 0.073216 0.001185 0.999999 0.000000 0.001847 0.000000 0.000000 1.000000 0.000000
0.999999 -0.001186 0.000000 0.073319 0.001186 0.999999 0.000000 0.001846 0.000000 0.000000 1.000000 0.000000
0.999999 -0.001187 0.000000 0.073455 0.001187 0.999999 0.000000 0.001849 0.000000 0.000000 1.000000 0.000000
0.999999 -0.001192 0.000000 0.073659 0.001192 0.999999 0.000000 0.001844 0.000000 0.000000 1.000000 0.000000
0.999999 -0.001192 0.000000 0.073754 0.001192 0.999999 0.000000 0.001842 0.000000 0.000000 1.000000 0.000000
0.999999 -0.001195 0.000000 0.073876 0.001195 0.999999 0.000000 0.001842 0.000000 0.000000 1.000000 0.000000
0.999999 -0.001197 0.000000 0.073983 0.001197 0.999999 0.000000 0.001848 0.000000 0.000000 1.000000 0.000000
0.999999 -0.001200 0.000000 0.074063 0.001200 0.999999 0.000000 0.001845 0.000000 0.000000 1.000000 0.000000
0.999999 -0.001201 0.000000 0.074075 0.001201 0.999999 0.000000 0.001845 0.000000 0.000000 1.000000 0.000000
0.999999 -0.001201 0.000000 0.074242 0.001201 0.999999 0.000000 0.001849 0.000000 0.000000 1.000000 0.000000
0.999999 -0.001203 0.000000 0.074325 0.001203 0.999999 0.000000 0.001855 0.000000 0.000000 1.000000 0.000000
0.999999 -0.001206 0.000000 0.074461 0.001206 0.999999 0.000000 0.001855 0.000000 0.000000 1.000000 0.000000
0.999999 -0.001207 0.000000 0.074512 0.001207 0.999999 0.000000 0.001859 0.000000 0.000000 1.000000 0.000000
0.999999 -0.001208 0.000000 0.074593 0.001208 0.999999 0.000000 0.001861 0.000000 0.000000 1.000000 0.000000
0.999999 -0.001211 0.000000 0.074787 0.001211 0.999999 0.000000 0.001862 0.000000 0.000000 1.000000 0.000000
0.999999 -0.001213 0.000000 0.074872 0.001213 0.999999 0.000000 0.001865 0.000000 0.000000 1.000000 0.000000
0.999999 -0.001216 0.000000 0.074956 0.001216 0.999999 0.000000 0.001866 0.000000 0.000000 1.000000 0.000000
0.999999 -0.001220 0.000000 0.075099 0.001220 0.999999 0.000000 0.001871 0.000000 0.000000 1.000000 0.000000
0.999999 -0.001473 0.000000 0.088435 0.001473 0.999999 0.000000 0.002365 0.000000 0.000000 1.000000 0.000000
0.999999 -0.001478 0.000000 0.088624 0.001478 0.999999 0.000000 0.002371 0.000000 0.000000 1.000000 0.000000
0.999999 -0.001481 0.000000 0.088763 0.001481 0.999999 0.000000 0.002374 0.000000 0.000000 1.000000 0.000000
0.999999 -0.001484 0.000000 0.088978 0.001484 0.999999 0.000000 0.002378 0.000000 0.000000 1.000000 0.000000
0.999999 -0.001487 0.000000 0.089201 0.001487 0.999999 0.000000 0.002384 0.000000 0.000000 1.000000 0.000000
0.999999 -0.001490 0.000000 0.089404 0.001490 0.999999 0.000000 0.002385 0.000000 0.000000 1.000000 0.000000
0.999999 -0.001697 0.000000 0.102553 0.001697 0.999999 0.000000 0.002901 0.000000 0.000000 1.000000 0.000000
0.999999 -0.001702 0.000000 0.102632 0.001702 0.999999 0.000000 0.002906 0.000000 0.000000 1.000000 0.000000
0.999999 -0.001704 0.000000 0.102763 0.001704 0.999999 0.000000 0.002908 0.000000 0.000000 1.000000 0.000000
0.999999 -0.001706 0.000000 0.102908 0.001706 0.999999 0.000000 0.002909 0.000000 0.000000 1.000000 0.000000
0.999999 -0.001709 0.000000 0.102944 0.001709 0.999999 0.000000 0.002911 0.000000 0.000000 1.000000 0.000000
0.999999 -0.001709 0.000000 0.103071 0.001709 0.999999 0.000000 0.002913 0.000000 0.000000 1.000000 0.000000
0.999999 -0.001712 0.000000 0.103215 0.001712 0.999999 0.000000 0.002914 0.000000 0.000000 1.000000 0.000000
0.999999 -0.001714 0.000000 0.103311 0.001714 0.999999 0.000000 0.002915 0.000000 0.000000 1.000000 0.000000
0.999999 -0.001717 0.000000 0.103472 0.001717 0.999999 0.000000 0.002917 0.000000 0.000000 1.000000 0.000000
0.999999 -0.001718 0.000000 0.103655 0.001718 0.999999 0.000000 0.002920 0.000000 0.000000 1.000000 0.000000
0.999999 -0.001716 0.000000 0.103785 0.001716 0.999999 0.000000 0.002922 0.000000 0.000000 1.000000 0.000000
0.999999 -0.001718 0.000000 0.103911 0.001718 0.999999 0.000000 0.002924 0.000000 0.000000 1.000000 0.000000
0.999999 -0.001718 0.000000 0.103923 0.001718 0.999999 0.000000 0.002927 0.000000 0.000000 1.000000 0.000000
0.999999 -0.001718 0.000000 0.103855 0.001718 0.999999 0.000000 0.002929 0.000000 0.000000 1.000000 0.000000
0.999999 -0.001720 0.000000 0.103951 0.001720 0.999999 0.000000 0.002933 0.000000 0.000000 1.000000 0.000000
0.999999 -0.001722 0.000000 0.104031 0.001722 0.999999 0.000000 0.002935 0.000000 0.000000 1.000000 0.000000
0.999999 -0.001723 0.000000 0.104106 0.001723 0.999999 0.000000 0.002937 0.000000 0.000000 1.000000 0.000000
0.999999 -0.001724 0.000000 0.104167 0.001724 0.999999 0.000000 0.002940 0.000000 0.000000 1.000000 0.000000
0.999999 -0.001727 0.000000 0.104208 0.001727 0.999999 0.000000 0.002941 0.000000 0.000000 1.000000 0.000000
0.999999 -0.001730 0.000000 0.104269 0.001730 0.999999 0.000000 0.002944 0.000000 0.000000 1.000000 0.000000
0.999998 -0.001733 0.000000 0.104329 0.001733 0.999998 0.000000 0.002946 0.000000 0.000000 1.000000 0.000000
0.999998 -0.001739 0.000000 0.104381 0.001739 0.999998 0.000000 0.002947 0.000000 0.000000 1.000000 0.000000
0.999998 -0.001745 0.000000 0.104439 0.001745 0.999998 0.000000 0.002946 0.000000 0.000000 1.000000 0.000000
0.999998 -0.001746 0.000000 0.104491 0.001746 0.999998 0.000000 0.002947 0.000000 0.000000 1.000000 0.000000
0.999998 -0.001750 0.000000 0.104443 0.001750 0.999998 0.000000 0.002945 0.000000 0.000000 1.000000 0.000000
0.999998 -0.001753 0.000000 0.104463 0.001753 0.999998 0.000000 0.002944 0.000000 0.000000 1.000000 0.000000
0.999998 -0.001759 0.000000 0.104580 0.001759 0.999998 0.000000 0.002943 0.000000 0.000000 1.000000 0.000000
0.999998 -0.001762 0.000000 0.104618 0.001762 0.999998 0.000000 0.002944 0.000000 0.000000 1.000000 0.000000
0.999998 -0.001766 0.000000 0.104560 0.001766 0.999998 0.000000 0.002943 0.000000 0.000000 1.000000 0.000000
0.999998 -0.001768 0.000000 0.104654 0.001768 0.999998 0.000000 0.002944 0.000000 0.000000 1.000000 0.000000
0.999998 -0.001765 0.000000 0.104454 0.001765 0.999998 0.000000 0.002946 0.000000 0.000000 1.000000 0.000000
0.999998 -0.001741 0.000000 0.103439 0.001741 0.999998 0.000000 0.002959 0.000000 0.000000 1.000000 0.000000
0.999999 -0.001731 0.000000 0.103230 0.001731 0.999999 0.000000 0.002969 0.000000 0.000000 1.000000 0.000000
0.999999 -0.001364 0.000000 0.090968 0.001364 0.999999 0.000000 0.003100 0.000000 0.000000 1.000000 0.000000
1.000000 -0.000708 0.000000 0.072208 0.000708 1.000000 0.000000 0.002495 0.000000 0.000000 1.000000 0.000000
1.000000 -0.000705 0.000000 0.072071 0.000705 1.000000 0.000000 0.002503 0.000000 0.000000 1.000000 0.000000
1.000000 -0.000276 0.000000 0.062520 0.000276 1.000000 0.000000 0.002381 0.000000 0.000000 1.000000 0.000000
1.000000 -0.000277 0.000000 0.062483 0.000277 1.000000 0.000000 0.002395 0.000000 0.000000 1.000000 0.000000
1.000000 -0.000280 0.000000 0.062469 0.000280 1.000000 0.000000 0.002401 0.000000 0.000000 1.000000 0.000000
1.000000 -0.000280 0.000000 0.062473 0.000280 1.000000 0.000000 0.002402 0.000000 0.000000 1.000000 0.000000
1.000000 -0.000283 0.000000 0.062365 0.000283 1.000000 0.000000 0.002405 0.000000 0.000000 1.000000 0.000000
1.000000 -0.000286 0.000000 0.062209 0.000286 1.000000 0.000000 0.002408 0.000000 0.000000 1.000000 0.000000
1.000000 -0.000286 0.000000 0.062090 0.000286 1.000000 0.000000 0.002410 0.000000 0.000000 1.000000 0.000000
1.000000 -0.000289 0.000000 0.062118 0.000289 1.000000 0.000000 0.002412 0.000000 0.000000 1.000000 0.000000
1.000000 -0.000289 0.000000 0.062083 0.000289 1.000000 0.000000 0.002415 0.000000 0.000000 1.000000 0.000000
1.000000 -0.000289 0.000000 0.062060 0.000289 1.000000 0.000000 0.002416 0.000000 0.000000 1.000000 0.000000
1.000000 -0.000288 0.000000 0.061872 0.000288 1.000000 0.000000 0.002419 0.000000 0.000000 1.000000 0.000000
1.000000 -0.000193 0.000000 0.056703 0.000193 1.000000 0.000000 0.002381 0.000000 0.000000 1.000000 0.000000
1.000000 -0.000189 0.000000 0.056672 0.000189 1.000000 0.000000 0.002385 0.000000 0.000000 1.000000 0.000000
1.000000 -0.000192 0.000000 0.056661 0.000192 1.000000 0.000000 0.002387 0.000000 0.000000 1.000000 0.000000
1.000000 -0.000193 0.000000 0.056703 0.000193 1.000000 0.000000 0.002387 0.000000 0.000000 1.000000 0.000000
1.000000 -0.000194 0.000000 0.056781 0.000194 1.000000 0.000000 0.002387 0.000000 0.000000 1.000000 0.000000
1.000000 -0.000195 0.000000 0.056938 0.000195 1.000000 0.000000 0.002389 0.000000 0.000000 1.000000 0.000000
1.000000 -0.000197 0.000000 0.057072 0.000197 1.000000 0.000000 0.002391 0.000000 0.000000 1.000000 0.000000
1.000000 -0.000200 0.000000 0.057185 0.000200 1.000000 0.000000 0.002392 0.000000 0.000000 1.000000 0.000000
1.000000 -0.000203 0.000000 0.057305 0.000203 1.000000 0.000000 0.002394 0.000000 0.000000 1.000000 0.000000
1.000000 -0.000207 0.000000 0.057365 0.000207 1.000000 0.000000 0.002397 0.000000 0.000000 1.000000 0.000000
1.000000 -0.000209 0.000000 0.057550 0.000209 1.000000 0.000000 0.002398 0.000000 0.000000 1.000000 0.000000
1.000000 -0.000212 0.000000 0.057686 0.000212 1.000000 0.000000 0.002401 0.000000 0.000000 1.000000 0.000000
1.000000 -0.000215 0.000000 0.057773 0.000215 1.000000 0.000000 0.002403 0.000000 0.000000 1.000000 0.000000
1.000000 -0.000216 0.000000 0.057916 0.000216 1.000000 0.000000 0.002405 0.000000 0.000000 1.000000 0.000000
1.000000 -0.000217 0.000000 0.058103 0.000217 1.000000 0.000000 0.002409 0.000000 0.000000 1.000000 0.000000
1.000000 -0.000219 0.000000 0.058255 0.000219 1.000000 0.000000 0.002415 0.000000 0.000000 1.000000 0.000000
1.000000 -0.000220 0.000000 0.058441 0.000220 1.000000 0.000000 0.002418 0.000000 0.000000 1.000000 0.000000
1.000000 -0.000223 0.000000 0.058623 0.000223 1.000000 0.000000 0.002421 0.000000 0.000000 1.000000 0.000000
1.000000 -0.000225 0.000000 0.058744 0.000225 1.000000 0.000000 0.002425 0.000000 0.000000 1.000000 0.000000
1.000000 -0.000227 0.000000 0.058959 0.000227 1.000000 0.000000 0.002430 0.000000 0.000000 1.000000 0.000000
1.000000 -0.000227 0.000000 0.059147 0.000227 1.000000 0.000000 0.002434 0.000000 0.000000 1.000000 0.000000
1.000000 -0.000228 0.000000 0.059227 0.000228 1.000000 0.000000 0.002438 0.000000 0.000000 1.000000 0.000000
1.000000 -0.000230 0.000000 0.059362 0.000230 1.000000 0.000000 0.002440 0.000000 0.000000 1.000000 0.000000
1.000000 -0.000230 0.000000 0.059524 0.000230 1.000000 0.000000 0.002443 0.000000 0.000000 1.000000 0.000000
1.000000 -0.000231 0.000000 0.059677 0.000231 1.000000 0.000000 0.002446 0.000000 0.000000 1.000000 0.000000
1.000000 -0.000232 0.000000 0.059760 0.000232 1.000000 0.000000 0.002451 0.000000 0.000000 1.000000 0.000000
1.000000 -0.000232 0.000000 0.059946 0.000232 1.000000 0.000000 0.002454 0.000000 0.000000 1.000000 0.000000
1.000000 -0.000233 0.000000 0.060070 0.000233 1.000000 0.000000 0.002456 0.000000 0.000000 1.000000 0.000000
1.000000 -0.000234 0.000000 0.060273 0.000234 1.000000 0.000000 0.002458 0.000000 0.000000 1.000000 0.000000
1.000000 -0.000237 0.000000 0.060384 0.000237 1.000000 0.000000 0.002461 0.000000 0.000000 1.000000 0.000000
1.000000 -0.000239 0.000000 0.060471 0.000239 1.000000 0.000000 0.002463 0.000000 0.000000 1.000000 0.000000
1.000000 -0.000241 0.000000 0.060608 0.000241 1.000000 0.000000 0.002465 0.000000 0.000000 1.000000 0.000000
1.000000 -0.000243 0.000000 0.060692 0.000243 1.000000 0.000000 0.002468 0.000000 0.000000 1.000000 0.000000
1.000000 -0.000244 0.000000 0.060815 0.000244 1.000000 0.000000 0.002468 0.000000 0.000000 1.000000 0.000000
1.000000 -0.000245 0.000000 0.061045 0.000245 1.000000 0.000000 0.002470 0.000000 0.000000 1.000000 0.000000
1.000000 -0.000248 0.000000 0.061127 0.000248 1.000000 0.000000 0.002471 0.000000 0.000000 1.000000 0.000000
1.000000 -0.000253 0.000000 0.061205 0.000253 1.000000 0.000000 0.002473 0.000000 0.000000 1.000000 0.000000
1.000000 -0.000254 0.000000 0.061450 0.000254 1.000000 0.000000 0.002476 0.000000 0.000000 1.000000 0.000000
1.000000 -0.000258 0.000000 0.061561 0.000258 1.000000 0.000000 0.002480 0.000000 0.000000 1.000000 0.000000
1.000000 -0.000164 0.000000 0.072782 0.000164 1.000000 0.000000 0.002477 0.000000 0.000000 1.000000 0.000000
1.000000 -0.000165 0.000000 0.073008 0.000165 1.000000 0.000000 0.002477 0.000000 0.000000 1.000000 0.000000
1.000000 -0.000164 0.000000 0.073168 0.000164 1.000000 0.000000 0.002479 0.000000 0.000000 1.000000 0.000000
1.000000 -0.000165 0.000000 0.073386 0.000165 1.000000 0.000000 0.002480 0.000000 0.000000 1.000000 0.000000
1.000000 -0.000167 0.000000 0.073597 0.000167 1.000000 0.000000 0.002480 0.000000 0.000000 1.000000 0.000000
1.000000 -0.000170 0.000000 0.073660 0.000170 1.000000 0.000000 0.002479 0.000000 0.000000 1.000000 0.000000
1.000000 -0.000174 0.000000 0.073712 0.000174 1.000000 0.000000 0.002480 0.000000 0.000000 1.000000 0.000000
1.000000 -0.000120 0.000000 0.084925 0.000120 1.000000 0.000000 0.002517 0.000000 0.000000 1.000000 0.000000
1.000000 -0.000120 0.000000 0.084984 0.000120 1.000000 0.000000 0.002516 0.000000 0.000000 1.000000 0.000000
1.000000 -0.000121 0.000000 0.085077 0.000121 1.000000 0.000000 0.002518 0.000000 0.000000 1.000000 0.000000
1.000000 -0.000121 0.000000 0.085258 0.000121 1.000000 0.000000 0.002523 0.000000 0.000000 1.000000 0.000000
1.000000 -0.000288 0.000000 0.098963 0.000288 1.000000 0.000000 0.002773 0.000000 0.000000 1.000000 0.000000
1.000000 -0.000288 0.000000 0.099176 0.000288 1.000000 0.000000 0.002778 0.000000 0.000000 1.000000 0.000000
1.000000 -0.000292 0.000000 0.099296 0.000292 1.000000 0.000000 0.002779 0.000000 0.000000 1.000000 0.000000
1.000000 -0.000580 0.000000 0.113717 0.000580 1.000000 0.000000 0.003141 0.000000 0.000000 1.000000 0.000000
1.000000 -0.000812 0.000000 0.128921 0.000812 1.000000 0.000000 0.003670 0.000000 0.000000 1.000000 0.000000
1.000000 -0.000816 0.000000 0.129076 0.000816 1.000000 0.000000 0.003676 0.000000 0.000000 1.000000 0.000000
1.000000 -0.000817 0.000000 0.129190 0.000817 1.000000 0.000000 0.003680 0.000000 0.000000 1.000000 0.000000
1.000000 -0.000826 0.000000 0.129317 0.000826 1.000000 0.000000 0.003682 0.000000 0.000000 1.000000 0.000000
1.000000 -0.000831 0.000000 0.129551 0.000831 1.000000 0.000000 0.003679 0.000000 0.000000 1.000000 0.000000
1.000000 -0.000842 0.000000 0.129766 0.000842 1.000000 0.000000 0.003677 0.000000 0.000000 1.000000 0.000000
1.000000 -0.000849 0.000000 0.129883 0.000849 1.000000 0.000000 0.003670 0.000000 0.000000 1.000000 0.000000
1.000000 -0.000853 0.000000 0.130077 0.000853 1.000000 0.000000 0.003671 0.000000 0.000000 1.000000 0.000000
0.999999 -0.001151 0.000000 0.142811 0.001151 0.999999 0.000000 0.004120 0.000000 0.000000 1.000000 0.000000
0.999999 -0.001408 0.000000 0.157492 0.001408 0.999999 0.000000 0.004264 0.000000 0.000000 1.000000 0.000000
0.999999 -0.001412 0.000000 0.157710 0.001412 0.999999 0.000000 0.004264 0.000000 0.000000 1.000000 0.000000
0.999999 -0.001416 0.000000 0.157815 0.001416 0.999999 0.000000 0.004268 0.000000 0.000000 1.000000 0.000000
0.999999 -0.001418 0.000000 0.158052 0.001418 0.999999 0.000000 0.004271 0.000000 0.000000 1.000000 0.000000
0.999999 -0.001516 0.000000 0.171545 0.001516 0.999999 0.000000 0.004484 0.000000 0.000000 1.000000 0.000000
0.999999 -0.001520 0.000000 0.171767 0.001520 0.999999 0.000000 0.004481 0.000000 0.000000 1.000000 0.000000
0.999999 -0.001522 0.000000 0.171873 0.001522 0.999999 0.000000 0.004484 0.000000 0.000000 1.000000 0.000000
0.999998 -0.001772 0.000000 0.187562 0.001772 0.999998 0.000000 0.005187 0.000000 0.000000 1.000000 0.000000
0.999998 -0.001995 0.000000 0.201825 0.001995 0.999998 0.000000 0.005648 0.000000 0.000000 1.000000 0.000000
0.999998 -0.002003 0.000000 0.202022 0.002003 0.999998 0.000000 0.005644 0.000000 0.000000 1.000000 0.000000
0.999998 -0.002004 0.000000 0.202238 0.002004 0.999998 0.000000 0.005653 0.000000 0.000000 1.000000 0.000000
0.999998 -0.002007 0.000000 0.202321 0.002007 0.999998 0.000000 0.005653 0.000000 0.000000 1.000000 0.000000
0.999998 -0.002008 0.000000 0.202337 0.002008 0.999998 0.000000 0.005654 0.000000 0.000000 1.000000 0.000000
0.999998 -0.002010 0.000000 0.202491 0.002010 0.999998 0.000000 0.005656 0.000000 0.000000 1.000000 0.000000
0.999998 -0.002006 0.000000 0.202552 0.002006 0.999998 0.000000 0.005655 0.000000 0.000000 1.000000 0.000000
0.999998 -0.001996 0.000000 0.202390 0.001996 0.999998 0.000000 0.005645 0.000000 0.000000 1.000000 0.000000
0.999999 -0.001580 0.000000 0.199808 0.001580 0.999999 0.000000 0.005278 0.000000 0.000000 1.000000 0.000000
0.999999 -0.001576 0.000000 0.199982 0.001576 0.999999 0.000000 0.005256 0.000000 0.000000 1.000000 0.000000
0.999999 -0.001379 0.000000 0.206968 0.001379 0.999999 0.000000 0.005279 0.000000 0.000000 1.000000 0.000000
0.999999 -0.001384 0.000000 0.207148 0.001384 0.999999 0.000000 0.005265 0.000000 0.000000 1.000000 0.000000
0.999999 -0.001588 0.000000 0.220219 0.001588 0.999999 0.000000 0.005192 0.000000 0.000000 1.000000 0.000000
0.999998 -0.001736 0.000000 0.232719 0.001736 0.999998 0.000000 0.005033 0.000000 0.000000 1.000000 0.000000
0.999998 -0.002005 0.000000 0.244152 0.002005 0.999998 0.000000 0.005030 0.000000 0.000000 1.000000 0.000000
0.999997 -0.002343 0.000000 0.257983 0.002343 0.999997 0.000000 0.005082 0.000000 0.000000 1.000000 0.000000
0.999997 -0.002571 0.000000 0.270994 0.002571 0.999997 0.000000 0.005290 0.000000 0.000000 1.000000 0.000000
0.999996 -0.002717 0.000000 0.281288 0.002717 0.999996 0.000000 0.005198 0.000000 0.000000 1.000000 0.000000
0.999996 -0.002721 0.000000 0.281410 0.002721 0.999996 0.000000 0.005188 0.000000 0.000000 1.000000 0.000000
0.999996 -0.002729 0.000000 0.281487 0.002729 0.999996 0.000000 0.005169 0.000000 0.000000 1.000000 0.000000
0.999996 -0.002942 0.000000 0.293563 0.002942 0.999996 0.000000 0.005021 0.000000 0.000000 1.000000 0.000000
0.999996 -0.002948 0.000000 0.293742 0.002948 0.999996 0.000000 0.005013 0.000000 0.000000 1.000000 0.000000
0.999996 -0.002947 0.000000 0.293833 0.002947 0.999996 0.000000 0.005011 0.000000 0.000000 1.000000 0.000000
0.999996 -0.002954 0.000000 0.293915 0.002954 0.999996 0.000000 0.005004 0.000000 0.000000 1.000000 0.000000
0.999996 -0.002963 0.000000 0.294033 0.002963 0.999996 0.000000 0.004997 0.000000 0.000000 1.000000 0.000000
0.999994 -0.003338 0.000000 0.305093 0.003338 0.999994 0.000000 0.005153 0.000000 0.000000 1.000000 0.000000
0.999993 -0.003636 0.000000 0.315628 0.003636 0.999993 0.000000 0.005161 0.000000 0.000000 1.000000 0.000000
0.999993 -0.003641 0.000000 0.315670 0.003641 0.999993 0.000000 0.005160 0.000000 0.000000 1.000000 0.000000
0.999993 -0.003643 0.000000 0.315845 0.003643 0.999993 0.000000 0.005161 0.000000 0.000000 1.000000 0.000000
0.999993 -0.003649 0.000000 0.315952 0.003649 0.999993 0.000000 0.005157 0.000000 0.000000 1.000000 0.000000
0.999993 -0.003651 0.000000 0.316095 0.003651 0.999993 0.000000 0.005158 0.000000 0.000000 1.000000 0.000000
0.999993 -0.003646 0.000000 0.316266 0.003646 0.999993 0.000000 0.005156 0.000000 0.000000 1.000000 0.000000
0.999996 -0.002708 0.000000 0.345625 0.002708 0.999996 0.000000 0.006009 0.000000 0.000000 1.000000 0.000000
0.999998 -0.001764 0.000000 0.373896 0.001764 0.999998 0.000000 0.006267 0.000000 0.000000 1.000000 0.000000
1.000000 -0.000014 0.000000 0.365910 0.000014 1.000000 0.000000 0.009290 0.000000 0.000000 1.000000 0.000000
0.999992 0.003914 0.000000 0.345006 -0.003914 0.999992 0.000000 0.021301 0.000000 0.000000 1.000000 0.000000
0.999973 0.007289 0.000000 0.326038 -0.007289 0.999973 0.000000 0.021658 0.000000 0.000000 1.000000 0.000000
0.999856 0.016977 0.000000 0.255525 -0.016977 0.999856 0.000000 0.052591 0.000000 0.000000 1.000000 0.000000
0.999483 0.032147 0.000000 0.132852 -0.032147 0.999483 0.000000 0.042999 0.000000 0.000000 1.000000 0.000000
0.998442 0.055803 0.000000 0.370494 -0.055803 0.998442 0.000000 0.019147 0.000000 0.000000 1.000000 0.000000
0.996266 0.086334 0.000000 0.658653 -0.086334 0.996266 0.000000 -0.025647 0.000000 0.000000 1.000000 0.000000
0.992594 0.121480 0.000000 0.981071 -0.121480 0.992594 0.000000 -0.082996 0.000000 0.000000 1.000000 0.000000
0.987435 0.158024 0.000000 1.342838 -0.158024 0.987435 0.000000 -0.160907 0.000000 0.000000 1.000000 0.000000
0.979917 0.199405 0.000000 1.725326 -0.199405 0.979917 0.000000 -0.208302 0.000000 0.000000 1.000000 0.000000
0.972141 0.234397 0.000000 2.178694 -0.234397 0.972141 0.000000 -0.326265 0.000000 0.000000 1.000000 0.000000
0.964715 0.263298 0.000000 2.649604 -0.263298 0.964715 0.000000 -0.493903 0.000000 0.000000 1.000000 0.000000
0.960286 0.279016 0.000000 3.261574 -0.279016 0.960286 0.000000 -0.644167 0.000000 0.000000 1.000000 0.000000
0.959189 0.282765 0.000000 3.895085 -0.282765 0.959189 0.000000 -0.794507 0.000000 0.000000 1.000000 0.000000
0.961417 0.275096 0.000000 4.632291 -0.275096 0.961417 0.000000 -0.958953 0.000000 0.000000 1.000000 0.000000
0.966947 0.254978 0.000000 5.418268 -0.254978 0.966947 0.000000 -1.138524 0.000000 0.000000 1.000000 0.000000
0.973683 0.227905 0.000000 6.298814 -0.227905 0.973683 0.000000 -1.277865 0.000000 0.000000 1.000000 0.000000
0.979369 0.202080 0.000000 7.350702 -0.202080 0.979369 0.000000 -1.433621 0.000000 0.000000 1.000000 0.000000
0.983982 0.178268 0.000000 8.413737 -0.178268 0.983982 0.000000 -1.622428 0.000000 0.000000 1.000000 0.000000
0.987445 0.157965 0.000000 9.509516 -0.157965 0.987445 0.000000 -1.756807 0.000000 0.000000 1.000000 0.000000
0.990338 0.138677 0.000000 10.743723 -0.138677 0.990338 0.000000 -1.922671 0.000000 0.000000 1.000000 0.000000
0.992653 0.120999 0.000000 12.062098 -0.120999 0.992653 0.000000 -2.025687 0.000000 0.000000 1.000000 0.000000
0.994413 0.105559 0.000000 13.260763 -0.105559 0.994413 0.000000 -2.119428 0.000000 0.000000 1.000000 0.000000
0.995763 0.091957 0.000000 14.708804 -0.091957 0.995763 0.000000 -2.230553 0.000000 0.000000 1.000000 0.000000
0.996511 0.083456 0.000000 16.172725 -0.083456 0.996511 0.000000 -2.327497 0.000000 0.000000 1.000000 0.000000
0.997269 0.073850 0.000000 17.680229 -0.073850 0.997269 0.000000 -2.427296 0.000000 0.000000 1.000000 0.000000
0.998037 0.062622 0.000000 19.298465 -0.062622 0.998037 0.000000 -2.486243 0.000000 0.000000 1.000000 0.000000
0.998467 0.055353 0.000000 20.867369 -0.055353 0.998467 0.000000 -2.544382 0.000000 0.000000 1.000000 0.000000
0.998331 0.057748 0.000000 22.115272 -0.057748 0.998331 0.000000 -2.556778 0.000000 0.000000 1.000000 0.000000
0.998586 0.053161 0.000000 23.820373 -0.053161 0.998586 0.000000 -2.596245 0.000000 0.000000 1.000000 0.000000
0.998784 0.049309 0.000000 25.534277 -0.049309 0.998784 0.000000 -2.618262 0.000000 0.000000 1.000000 0.000000
0.998784 0.049298 0.000000 27.242999 -0.049298 0.998784 0.000000 -2.657647 0.000000 0.000000 1.000000 0.000000
0.998688 0.051213 0.000000 28.984124 -0.051213 0.998688 0.000000 -2.735085 0.000000 0.000000 1.000000 0.000000
0.998222 0.059605 0.000000 30.788043 -0.059605 0.998222 0.000000 -2.835836 0.000000 0.000000 1.000000 0.000000
0.997762 0.066860 0.000000 32.531649 -0.066860 0.997762 0.000000 -2.922071 0.000000 0.000000 1.000000 0.000000
0.997459 0.071247 0.000000 34.289878 -0.071247 0.997459 0.000000 -3.012584 0.000000 0.000000 1.000000 0.000000
0.997219 0.074534 0.000000 36.117010 -0.074534 0.997219 0.000000 -3.119624 0.000000 0.000000 1.000000 0.000000
0.997256 0.074035 0.000000 37.921546 -0.074035 0.997256 0.000000 -3.224003 0.000000 0.000000 1.000000 0.000000
0.997233 0.074340 0.000000 39.735206 -0.074340 0.997233 0.000000 -3.323853 0.000000 0.000000 1.000000 0.000000
0.997172 0.075156 0.000000 41.630098 -0.075156 0.997172 0.000000 -3.420886 0.000000 0.000000 1.000000 0.000000
0.997060 0.076627 0.000000 43.641062 -0.076627 0.997060 0.000000 -3.553428 0.000000 0.000000 1.000000 0.000000
0.996652 0.081755 0.000000 45.511788 -0.081755 0.996652 0.000000 -3.679776 0.000000 0.000000 1.000000 0.000000
0.996315 0.085770 0.000000 47.454181 -0.085770 0.996315 0.000000 -3.814525 0.000000 0.000000 1.000000 0.000000
0.996128 0.087911 0.000000 49.452052 -0.087911 0.996128 0.000000 -3.960220 0.000000 0.000000 1.000000 0.000000
0.995734 0.092274 0.000000 51.333543 -0.092274 0.995734 0.000000 -4.104130 0.000000 0.000000 1.000000 0.000000
0.995810 0.091444 0.000000 53.281698 -0.091444 0.995810 0.000000 -4.269944 0.000000 0.000000 1.000000 0.000000
0.996212 0.086961 0.000000 55.284456 -0.086961 0.996212 0.000000 -4.421352 0.000000 0.000000 1.000000 0.000000
0.996771 0.080291 0.000000 57.332654 -0.080291 0.996771 0.000000 -4.557108 0.000000 0.000000 1.000000 0.000000
0.996973 0.077743 0.000000 59.321498 -0.077743 0.996973 0.000000 -4.683751 0.000000 0.000000 1.000000 0.000000
0.997291 0.073559 0.000000 61.401683 -0.073559 0.997291 0.000000 -4.803923 0.000000 0.000000 1.000000 0.000000
0.997568 0.069700 0.000000 63.418269 -0.069700 0.997568 0.000000 -4.915759 0.000000 0.000000 1.000000 0.000000
0.997950 0.064005 0.000000 63.412755 -0.064005 0.997950 0.000000 -4.876526 0.000000 0.000000 1.000000 0.000000
0.998315 0.058035 0.000000 65.348030 -0.058035 0.998315 0.000000 -4.972394 0.000000 0.000000 1.000000 0.000000
0.998475 0.055201 0.000000 67.371701 -0.055201 0.998475 0.000000 -5.019339 0.000000 0.000000 1.000000 0.000000
0.998931 0.046235 0.000000 69.354775 -0.046235 0.998931 0.000000 -5.044434 0.000000 0.000000 1.000000 0.000000
0.999345 0.036189 0.000000 71.365011 -0.036189 0.999345 0.000000 -5.069204 0.000000 0.000000 1.000000 0.000000
0.999562 0.029609 0.000000 73.378551 -0.029609 0.999562 0.000000 -5.087649 0.000000 0.000000 1.000000 0.000000
0.999724 0.023487 0.000000 75.412323 -0.023487 0.999724 0.000000 -5.083342 0.000000 0.000000 1.000000 0.000000
0.999895 0.014458 0.000000 77.432202 -0.014458 0.999895 0.000000 -5.079605 0.000000 0.000000 1.000000 0.000000
0.999941 0.010836 0.000000 79.344246 -0.010836 0.999941 0.000000 -5.062758 0.000000 0.000000 1.000000 0.000000
0.999936 0.011347 0.000000 81.483239 -0.011347 0.999936 0.000000 -5.034520 0.000000 0.000000 1.000000 0.000000
0.999952 0.009806 0.000000 83.393190 -0.009806 0.999952 0.000000 -4.950928 0.000000 0.000000 1.000000 0.000000
0.999909 0.013516 0.000000 85.478154 -0.013516 0.999909 0.000000 -4.917912 0.000000 0.000000 1.000000 0.000000
0.999823 0.018804 0.000000 87.539322 -0.018804 0.999823 0.000000 -4.919486 0.000000 0.000000 1.000000 0.000000
0.999698 0.024560 0.000000 89.567539 -0.024560 0.999698 0.000000 -4.883199 0.000000 0.000000 1.000000 0.000000
0.999580 0.028984 0.000000 91.670088 -0.028984 0.999580 0.000000 -4.931383 0.000000 0.000000 1.000000 0.000000
0.999142 0.041413 0.000000 93.901857 -0.041413 0.999142 0.000000 -5.012342 0.000000 0.000000 1.000000 0.000000
0.998864 0.047652 0.000000 95.969682 -0.047652 0.998864 0.000000 -5.095533 0.000000 0.000000 1.000000 0.000000
0.998430 0.056021 0.000000 97.982990 -0.056021 0.998430 0.000000 -5.186281 0.000000 0.000000 1.000000 0.000000
0.998164 0.060564 0.000000 100.091615 -0.060564 0.998164 0.000000 -5.256359 0.000000 0.000000 1.000000 0.000000
0.997926 0.064368 0.000000 102.048980 -0.064368 0.997926 0.000000 -5.357983 0.000000 0.000000 1.000000 0.000000
0.997559 0.069829 0.000000 104.035600 -0.069829 0.997559 0.000000 -5.444588 0.000000 0.000000 1.000000 0.000000
0.996935 0.078233 0.000000 106.097733 -0.078233 0.996935 0.000000 -5.575063 0.000000 0.000000 1.000000 0.000000
0.996689 0.081303 0.000000 108.170135 -0.081303 0.996689 0.000000 -5.680313 0.000000 0.000000 1.000000 0.000000
0.995947 0.089940 0.000000 110.135663 -0.089940 0.995947 0.000000 -5.790673 0.000000 0.000000 1.000000 0.000000
0.995251 0.097346 0.000000 112.191997 -0.097346 0.995251 0.000000 -5.951106 0.000000 0.000000 1.000000 0.000000
0.995435 0.095441 0.000000 114.214532 -0.095441 0.995435 0.000000 -6.132699 0.000000 0.000000 1.000000 0.000000
0.995209 0.097766 0.000000 116.412730 -0.097766 0.995209 0.000000 -6.291431 0.000000 0.000000 1.000000 0.000000
0.994982 0.100056 0.000000 118.346855 -0.100056 0.994982 0.000000 -6.455074 0.000000 0.000000 1.000000 0.000000
0.995017 0.099706 0.000000 120.316856 -0.099706 0.995017 0.000000 -6.621444 0.000000 0.000000 1.000000 0.000000
0.994756 0.102280 0.000000 122.538001 -0.102280 0.994756 0.000000 -6.830905 0.000000 0.000000 1.000000 0.000000
0.995021 0.099670 0.000000 124.624997 -0.099670 0.995021 0.000000 -7.026184 0.000000 0.000000 1.000000 0.000000
0.995582 0.093898 0.000000 126.674736 -0.093898 0.995582 0.000000 -7.236042 0.000000 0.000000 1.000000 0.000000
0.996370 0.085129 0.000000 128.735470 -0.085129 0.996370 0.000000 -7.449652 0.000000 0.000000 1.000000 0.000000
0.996694 0.081252 0.000000 130.801907 -0.081252 0.996694 0.000000 -7.585651 0.000000 0.000000 1.000000 0.000000
0.997395 0.072137 0.000000 132.826032 -0.072137 0.997395 0.000000 -7.715032 0.000000 0.000000 1.000000 0.000000
0.997605 0.069172 0.000000 134.934234 -0.069172 0.997605 0.000000 -7.834073 0.000000 0.000000 1.000000 0.000000
0.997734 0.067278 0.000000 136.758356 -0.067278 0.997734 0.000000 -7.939949 0.000000 0.000000 1.000000 0.000000
0.997812 0.066115 0.000000 138.852845 -0.066115 0.997812 0.000000 -8.049350 0.000000 0.000000 1.000000 0.000000
0.997733 0.067303 0.000000 141.004529 -0.067303 0.997733 0.000000 -8.175398 0.000000 0.000000 1.000000 0.000000
0.997767 0.066796 0.000000 140.999118 -0.066796 0.997767 0.000000 -8.171703 0.000000 0.000000 1.000000 0.000000
0.997745 0.067126 0.000000 143.073645 -0.067126 0.997745 0.000000 -8.270371 0.000000 0.000000 1.000000 0.000000
0.997852 0.065501 0.000000 145.115827 -0.065501 0.997852 0.000000 -8.400141 0.000000 0.000000 1.000000 0.000000
0.997688 0.067955 0.000000 147.172778 -0.067955 0.997688 0.000000 -8.510436 0.000000 0.000000 1.000000 0.000000
0.997720 0.067484 0.000000 149.170451 -0.067484 0.997720 0.000000 -8.644740 0.000000 0.000000 1.000000 0.000000
0.997672 0.068188 0.000000 151.350185 -0.068188 0.997672 0.000000 -8.775154 0.000000 0.000000 1.000000 0.000000
0.997450 0.071368 0.000000 153.578918 -0.071368 0.997450 0.000000 -8.936153 0.000000 0.000000 1.000000 0.000000
0.997569 0.069685 0.000000 155.578883 -0.069685 0.997569 0.000000 -9.077842 0.000000 0.000000 1.000000 0.000000
0.997360 0.072616 0.000000 157.768732 -0.072616 0.997360 0.000000 -9.205049 0.000000 0.000000 1.000000 0.000000
0.997192 0.074892 0.000000 159.993750 -0.074892 0.997192 0.000000 -9.362458 0.000000 0.000000 1.000000 0.000000
0.997033 0.076973 0.000000 162.193796 -0.076973 0.997033 0.000000 -9.493604 0.000000 0.000000 1.000000 0.000000
0.996948 0.078067 0.000000 164.419150 -0.078067 0.996948 0.000000 -9.641066 0.000000 0.000000 1.000000 0.000000
0.996608 0.082294 0.000000 166.674658 -0.082294 0.996608 0.000000 -9.808762 0.000000 0.000000 1.000000 0.000000
0.996552 0.082968 0.000000 168.664483 -0.082968 0.996552 0.000000 -9.961725 0.000000 0.000000 1.000000 0.000000
