1.000000 -0.000707 0.000000 0.015680 0.000707 1.000000 0.000000 0.000122 0.000000 0.000000 1.000000 -0.000000
1.000000 -0.000708 0.000000 0.015724 0.000708 1.000000 0.000000 0.000122 0.000000 0.000000 1.000000 -0.000000
1.000000 -0.000709 0.000000 0.015732 0.000709 1.000000 0.000000 0.000122 0.000000 0.000000 1.000000 -0.000000
1.000000 -0.000711 0.000000 0.015698 0.000711 1.000000 0.000000 0.000122 0.000000 0.000000 1.000000 -0.000000
1.000000 -0.000713 0.000000 0.015715 0.000713 1.000000 0.000000 0.000122 0.000000 0.000000 1.000000 -0.000000
1.000000 -0.000712 0.000000 0.015761 0.000712 1.000000 0.000000 0.000122 0.000000 0.000000 1.000000 -0.000000
1.000000 -0.000715 0.000000 0.015744 0.000715 1.000000 0.000000 0.000122 0.000000 0.000000 1.000000 -0.000000
1.000000 -0.000717 0.000000 0.015772 0.000717 1.000000 0.000000 0.000122 0.000000 0.000000 1.000000 -0.000000
1.000000 -0.000717 0.000000 0.015777 0.000717 1.000000 0.000000 0.000122 0.000000 0.000000 1.000000 -0.000000
1.000000 -0.000720 0.000000 0.015774 0.000720 1.000000 0.000000 0.000122 0.000000 0.000000 1.000000 -0.000000
1.000000 -0.000721 0.000000 0.015785 0.000721 1.000000 0.000000 0.000121 0.000000 0.000000 1.000000 -0.000000
1.000000 -0.000722 0.000000 0.015821 0.000722 1.000000 0.000000 0.000121 0.000000 0.000000 1.000000 -0.000000
1.000000 -0.000724 0.000000 0.015840 0.000724 1.000000 0.000000 0.000121 0.000000 0.000000 1.000000 -0.000000
1.000000 -0.000726 0.000000 0.015856 0.000726 1.000000 0.000000 0.000121 0.000000 0.000000 1.000000 -0.000000
1.000000 -0.000727 0.000000 0.015907 0.000727 1.000000 0.000000 0.000121 0.000000 0.000000 1.000000 -0.000000
1.000000 -0.000731 0.000000 0.015905 0.000731 1.000000 0.000000 0.000121 0.000000 0.000000 1.000000 -0.000000
1.000000 -0.000732 0.000000 0.015916 0.000732 1.000000 0.000000 0.000120 0.000000 0.000000 1.000000 -0.000000
1.000000 -0.000732 0.000000 0.015947 0.000732 1.000000 0.000000 0.000120 0.000000 0.000000 1.000000 -0.000000
1.000000 -0.000734 0.000000 0.015936 0.000734 1.000000 0.000000 0.000120 0.000000 0.000000 1.000000 -0.000000
1.000000 -0.000736 0.000000 0.015948 0.000736 1.000000 0.000000 0.000120 0.000000 0.000000 1.000000 -0.000000
1.000000 -0.000736 0.000000 0.015932 0.000736 1.000000 0.000000 0.000120 0.000000 0.000000 1.000000 -0.000000
1.000000 -0.000737 0.000000 0.015965 0.000737 1.000000 0.000000 0.000120 0.000000 0.000000 1.000000 -0.000000
1.000000 -0.000738 0.000000 0.016029 0.000738 1.000000 0.000000 0.000120 0.000000 0.000000 1.000000 -0.000000
1.000000 -0.000742 0.000000 0.016001 0.000742 1.000000 0.000000 0.000119 0.000000 0.000000 1.000000 -0.000000
1.000000 -0.000741 0.000000 0.016020 0.000741 1.000000 0.000000 0.000119 0.000000 0.000000 1.000000 -0.000000
1.000000 -0.000741 0.000000 0.016110 0.000741 1.000000 0.000000 0.000119 0.000000 0.000000 1.000000 -0.000000
1.000000 -0.000743 0.000000 0.016131 0.000743 1.000000 0.000000 0.000119 0.000000 0.000000 1.000000 -0.000000
1.000000 -0.000743 0.000000 0.016154 0.000743 1.000000 0.000000 0.000119 0.000000 0.000000 1.000000 -0.000000
1.000000 -0.000740 0.000000 0.016248 0.000740 1.000000 0.000000 0.000118 0.000000 0.000000 1.000000 -0.000000
1.000000 -0.000742 0.000000 0.016247 0.000742 1.000000 0.000000 0.000118 0.000000 0.000000 1.000000 -0.000000
1.000000 -0.000744 0.000000 0.016230 0.000744 1.000000 0.000000 0.000118 0.000000 0.000000 1.000000 -0.000000
1.000000 -0.000749 0.000000 0.016230 0.000749 1.000000 0.000000 0.000118 0.000000 0.000000 1.000000 -0.000000
1.000000 -0.000748 0.000000 0.016246 0.000748 1.000000 0.000000 0.000118 0.000000 0.000000 1.000000 -0.000000
1.000000 -0.000751 0.000000 0.016234 0.000751 1.000000 0.000000 0.000118 0.000000 0.000000 1.000000 -0.000000
1.000000 -0.000753 0.000000 0.016242 0.000753 1.000000 0.000000 0.000117 0.000000 0.000000 1.000000 -0.000000
1.000000 -0.000752 0.000000 0.016269 0.000752 1.000000 0.000000 0.000117 0.000000 0.000000 1.000000 -0.000000
1.000000 -0.000753 0.000000 0.016286 0.000753 1.000000 0.000000 0.000117 0.000000 0.000000 1.000000 -0.000000
1.000000 -0.000754 0.000000 0.016321 0.000754 1.000000 0.000000 0.000117 0.000000 0.000000 1.000000 -0.000000
1.000000 -0.000757 0.000000 0.016344 0.000757 1.000000 0.000000 0.000116 0.000000 0.000000 1.000000 -0.000000
1.000000 -0.000757 0.000000 0.016313 0.000757 1.000000 0.000000 0.000116 0.000000 0.000000 1.000000 -0.000000
1.000000 -0.000760 0.000000 0.016317 0.000760 1.000000 0.000000 0.000116 0.000000 0.000000 1.000000 -0.000000
1.000000 -0.000760 0.000000 0.016356 0.000760 1.000000 0.000000 0.000115 0.000000 0.000000 1.000000 -0.000000
1.000000 -0.000759 0.000000 0.016401 0.000759 1.000000 0.000000 0.000115 0.000000 0.000000 1.000000 -0.000000
1.000000 -0.000759 0.000000 0.016403 0.000759 1.000000 0.000000 0.000115 0.000000 0.000000 1.000000 -0.000000
1.000000 -0.000758 0.000000 0.016477 0.000758 1.000000 0.000000 0.000115 0.000000 0.000000 1.000000 -0.000000
1.000000 -0.000760 0.000000 0.016461 0.000760 1.000000 0.000000 0.000115 0.000000 0.000000 1.000000 -0.000000
1.000000 -0.000762 0.000000 0.016415 0.000762 1.000000 0.000000 0.000115 0.000000 0.000000 1.000000 -0.000000
1.000000 -0.000763 0.000000 0.016413 0.000763 1.000000 0.000000 0.000114 0.000000 0.000000 1.000000 -0.000000
1.000000 -0.000764 0.000000 0.016397 0.000764 1.000000 0.000000 0.000114 0.000000 0.000000 1.000000 -0.000000
1.000000 -0.000768 0.000000 0.016378 0.000768 1.000000 0.000000 0.000114 0.000000 0.000000 1.000000 -0.000000
1.000000 -0.000768 0.000000 0.016364 0.000768 1.000000 0.000000 0.000114 0.000000 0.000000 1.000000 -0.000000
1.000000 -0.000770 0.000000 0.016337 0.000770 1.000000 0.000000 0.000114 0.000000 0.000000 1.000000 -0.000000
1.000000 -0.000775 0.000000 0.016291 0.000775 1.000000 0.000000 0.000114 0.000000 0.000000 1.000000 -0.000000
1.000000 -0.000775 0.000000 0.016297 0.000775 1.000000 0.000000 0.000114 0.000000 0.000000 1.000000 -0.000000
1.000000 -0.000777 0.000000 0.016291 0.000777 1.000000 0.000000 0.000114 0.000000 0.000000 1.000000 -0.000000
1.000000 -0.000780 0.000000 0.016259 0.000780 1.000000 0.000000 0.000114 0.000000 0.000000 1.000000 -0.000000
1.000000 -0.000783 0.000000 0.016238 0.000783 1.000000 0.000000 0.000114 0.000000 0.000000 1.000000 -0.000000
1.000000 -0.000785 0.000000 0.016212 0.000785 1.000000 0.000000 0.000114 0.000000 0.000000 1.000000 -0.000000
1.000000 -0.000786 0.000000 0.016223 0.000786 1.000000 0.000000 0.000113 0.000000 0.000000 1.000000 -0.000000
1.000000 -0.000788 0.000000 0.016203 0.000788 1.000000 0.000000 0.000113 0.000000 0.000000 1.000000 -0.000000
1.000000 -0.000790 0.000000 0.016206 0.000790 1.000000 0.000000 0.000113 0.000000 0.000000 1.000000 -0.000000
1.000000 -0.000791 0.000000 0.016174 0.000791 1.000000 0.000000 0.000113 0.000000 0.000000 1.000000 -0.000000
1.000000 -0.000793 0.000000 0.016166 0.000793 1.000000 0.000000 0.000113 0.000000 0.000000 1.000000 -0.000000
1.000000 -0.000794 0.000000 0.016161 0.000794 1.000000 0.000000 0.000113 0.000000 0.000000 1.000000 -0.000000
1.000000 -0.000794 0.000000 0.016157 0.000794 1.000000 0.000000 0.000113 0.000000 0.000000 1.000000 -0.000000
1.000000 -0.000796 0.000000 0.016152 0.000796 1.000000 0.000000 0.000113 0.000000 0.000000 1.000000 -0.000000
1.000000 -0.000799 0.000000 0.016147 0.000799 1.000000 0.000000 0.000112 0.000000 0.000000 1.000000 -0.000000
1.000000 -0.000799 0.000000 0.016168 0.000799 1.000000 0.000000 0.000113 0.000000 0.000000 1.000000 -0.000000
1.000000 -0.000801 0.000000 0.016151 0.000801 1.000000 0.000000 0.000113 0.000000 0.000000 1.000000 -0.000000
1.000000 -0.000803 0.000000 0.016115 0.000803 1.000000 0.000000 0.000113 0.000000 0.000000 1.000000 -0.000000
1.000000 -0.000804 0.000000 0.016133 0.000804 1.000000 0.000000 0.000112 0.000000 0.000000 1.000000 -0.000000
1.000000 -0.000804 0.000000 0.016146 0.000804 1.000000 0.000000 0.000112 0.000000 0.000000 1.000000 -0.000000
1.000000 -0.000807 0.000000 0.016091 0.000807 1.000000 0.000000 0.000112 0.000000 0.000000 1.000000 -0.000000
1.000000 -0.000808 0.000000 0.016120 0.000808 1.000000 0.000000 0.000112 0.000000 0.000000 1.000000 -0.000000
1.000000 -0.000811 0.000000 0.016104 0.000811 1.000000 0.000000 0.000112 0.000000 0.000000 1.000000 -0.000000
1.000000 -0.000812 0.000000 0.016077 0.000812 1.000000 0.000000 0.000112 0.000000 0.000000 1.000000 -0.000000
1.000000 -0.000813 0.000000 0.016073 0.000813 1.000000 0.000000 0.000112 0.000000 0.000000 1.000000 -0.000000
1.000000 -0.000814 0.000000 0.016065 0.000814 1.000000 0.000000 0.000112 0.000000 0.000000 1.000000 -0.000000
1.000000 -0.000815 0.000000 0.016087 0.000815 1.000000 0.000000 0.000111 0.000000 0.000000 1.000000 -0.000000
1.000000 -0.000818 0.000000 0.016022 0.000818 1.000000 0.000000 0.000111 0.000000 0.000000 1.000000 -0.000000
1.000000 -0.000819 0.000000 0.016015 0.000819 1.000000 0.000000 0.000111 0.000000 0.000000 1.000000 -0.000000
1.000000 -0.000818 0.000000 0.016012 0.000818 1.000000 0.000000 0.000111 0.000000 0.000000 1.000000 -0.000000
1.000000 -0.000820 0.000000 0.016019 0.000820 1.000000 0.000000 0.000111 0.000000 0.000000 1.000000 -0.000000
1.000000 -0.000822 0.000000 0.016009 0.000822 1.000000 0.000000 0.000111 0.000000 0.000000 1.000000 -0.000000
1.000000 -0.000823 0.000000 0.016001 0.000823 1.000000 0.000000 0.000111 0.000000 0.000000 1.000000 -0.000000
1.000000 -0.000826 0.000000 0.015998 0.000826 1.000000 0.000000 0.000111 0.000000 0.000000 1.000000 -0.000000
1.000000 -0.000829 0.000000 0.015958 0.000829 1.000000 0.000000 0.000111 0.000000 0.000000 1.000000 -0.000000
1.000000 -0.000832 0.000000 0.015994 0.000832 1.000000 0.000000 0.000111 0.000000 0.000000 1.000000 -0.000000
1.000000 -0.000832 0.000000 0.015966 0.000832 1.000000 0.000000 0.000111 0.000000 0.000000 1.000000 -0.000000
1.000000 -0.000835 0.000000 0.015982 0.000835 1.000000 0.000000 0.000111 0.000000 0.000000 1.000000 -0.000000
1.000000 -0.000837 0.000000 0.015965 0.000837 1.000000 0.000000 0.000111 0.000000 0.000000 1.000000 -0.000000
1.000000 -0.000843 0.000000 0.015982 0.000843 1.000000 0.000000 0.000111 0.000000 0.000000 1.000000 -0.000000
1.000000 -0.000840 0.000000 0.016019 0.000840 1.000000 0.000000 0.000110 0.000000 0.000000 1.000000 -0.000000
1.000000 -0.000842 0.000000 0.016018 0.000842 1.000000 0.000000 0.000110 0.000000 0.000000 1.000000 -0.000000
1.000000 -0.000841 0.000000 0.015996 0.000841 1.000000 0.000000 0.000110 0.000000 0.000000 1.000000 -0.000000
1.000000 -0.000843 0.000000 0.016006 0.000843 1.000000 0.000000 0.000110 0.000000 0.000000 1.000000 -0.000000
1.000000 -0.000844 0.000000 0.015994 0.000844 1.000000 0.000000 0.000110 0.000000 0.000000 1.000000 -0.000000
1.000000 -0.000848 0.000000 0.015989 0.000848 1.000000 0.000000 0.000110 0.000000 0.000000 1.000000 -0.000000
1.000000 -0.000845 0.000000 0.016035 0.000845 1.000000 0.000000 0.000110 0.000000 0.000000 1.000000 -0.000000
1.000000 -0.000848 0.000000 0.016002 0.000848 1.000000 0.000000 0.000110 0.000000 0.000000 1.000000 -0.000000
1.000000 -0.000848 0.000000 0.016019 0.000848 1.000000 0.000000 0.000110 0.000000 0.000000 1.000000 -0.000000
1.000000 -0.000848 0.000000 0.016028 0.000848 1.000000 0.000000 0.000110 0.000000 0.000000 1.000000 -0.000000
1.000000 -0.000846 0.000000 0.016075 0.000846 1.000000 0.000000 0.000110 0.000000 0.000000 1.000000 -0.000000
1.000000 -0.000844 0.000000 0.016108 0.000844 1.000000 0.000000 0.000109 0.000000 0.000000 1.000000 -0.000000
1.000000 -0.000844 0.000000 0.016134 0.000844 1.000000 0.000000 0.000109 0.000000 0.000000 1.000000 -0.000000
1.000000 -0.000846 0.000000 0.016141 0.000846 1.000000 0.000000 0.000109 0.000000 0.000000 1.000000 -0.000000
1.000000 -0.000846 0.000000 0.016205 0.000846 1.000000 0.000000 0.000109 0.000000 0.000000 1.000000 -0.000000
1.000000 -0.000839 0.000000 0.016277 0.000839 1.000000 0.000000 0.000109 0.000000 0.000000 1.000000 -0.000000
1.000000 -0.000836 0.000000 0.016295 0.000836 1.000000 0.000000 0.000109 0.000000 0.000000 1.000000 -0.000000
1.000000 -0.000603 0.000000 0.029762 0.000603 1.000000 0.000000 0.000161 0.000000 0.000000 1.000000 -0.000000
1.000000 0.000485 0.000000 0.076179 -0.000485 1.000000 0.000000 0.000274 0.000000 0.000000 1.000000 -0.000000
0.999996 0.002883 0.000000 0.150241 -0.002883 0.999996 0.000000 0.000166 0.000000 0.000000 1.000000 -0.000000
0.999972 0.007432 0.000000 0.277132 -0.007432 0.999972 0.000000 -0.000615 0.000000 0.000000 1.000000 -0.000000
0.999889 0.014923 0.000000 0.469433 -0.014923 0.999889 0.000000 -0.003363 0.000000 0.000000 1.000000 -0.000000
0.999672 0.025606 0.000000 0.683956 -0.025606 0.999672 0.000000 -0.009033 0.000000 0.000000 1.000000 -0.000000
0.999305 0.037270 0.000000 0.984553 -0.037270 0.999305 0.000000 -0.020346 0.000000 0.000000 1.000000 -0.000000
0.998647 0.051994 0.000000 1.325209 -0.051994 0.998647 0.000000 -0.038261 0.000000 0.000000 1.000000 -0.000000
0.997446 0.071424 0.000000 1.713417 -0.071424 0.997446 0.000000 -0.066126 0.000000 0.000000 1.000000 -0.000000
0.995760 0.091993 0.000000 2.195668 -0.091993 0.995760 0.000000 -0.111132 0.000000 0.000000 1.000000 -0.000000
0.993384 0.114840 0.000000 2.717626 -0.114840 0.993384 0.000000 -0.171296 0.000000 0.000000 1.000000 -0.000000
0.990185 0.139761 0.000000 3.306413 -0.139761 0.990185 0.000000 -0.254314 0.000000 0.000000 1.000000 -0.000000
0.985909 0.167282 0.000000 3.954669 -0.167282 0.985909 0.000000 -0.364875 0.000000 0.000000 1.000000 -0.000000
0.982426 0.186655 0.000000 4.671944 -0.186655 0.982426 0.000000 -0.500040 0.000000 0.000000 1.000000 -0.000000
0.980759 0.195222 0.000000 5.401171 -0.195222 0.980759 0.000000 -0.644290 0.000000 0.000000 1.000000 -0.000000
0.980515 0.196443 0.000000 6.232011 -0.196443 0.980515 0.000000 -0.810470 0.000000 0.000000 1.000000 -0.000000
0.981932 0.189232 0.000000 7.179392 -0.189232 0.981932 0.000000 -0.991796 0.000000 0.000000 1.000000 -0.000000
0.983648 0.180102 0.000000 8.182643 -0.180102 0.983648 0.000000 -1.174240 0.000000 0.000000 1.000000 -0.000000
0.985433 0.170064 0.000000 9.230809 -0.170064 0.985433 0.000000 -1.354826 0.000000 0.000000 1.000000 -0.000000
0.987557 0.157262 0.000000 10.320339 -0.157262 0.987557 0.000000 -1.527861 0.000000 0.000000 1.000000 -0.000000
0.989951 0.141410 0.000000 11.483545 -0.141410 0.989951 0.000000 -1.692972 0.000000 0.000000 1.000000 -0.000000
0.992024 0.126047 0.000000 12.696283 -0.126047 0.992024 0.000000 -1.846600 0.000000 0.000000 1.000000 -0.000000
0.994248 0.107101 0.000000 13.954395 -0.107101 0.994248 0.000000 -1.982684 0.000000 0.000000 1.000000 -0.000000
0.996204 0.087053 0.000000 15.182934 -0.087053 0.996204 0.000000 -2.089182 0.000000 0.000000 1.000000 -0.000000
0.997643 0.068624 0.000000 16.464613 -0.068624 0.997643 0.000000 -2.176694 0.000000 0.000000 1.000000 -0.000000
0.998722 0.050552 0.000000 17.735567 -0.050552 0.998722 0.000000 -2.240577 0.000000 0.000000 1.000000 -0.000000
0.999204 0.039905 0.000000 19.019100 -0.039905 0.999204 0.000000 -2.290615 0.000000 0.000000 1.000000 -0.000000
0.999422 0.033998 0.000000 20.361320 -0.033998 0.999422 0.000000 -2.335585 0.000000 0.000000 1.000000 -0.000000
0.999561 0.029619 0.000000 21.702105 -0.029619 0.999561 0.000000 -2.374792 0.000000 0.000000 1.000000 -0.000000
0.999699 0.024518 0.000000 23.019804 -0.024518 0.999699 0.000000 -2.405208 0.000000 0.000000 1.000000 -0.000000
0.999822 0.018850 0.000000 24.397917 -0.018850 0.999822 0.000000 -2.430546 0.000000 0.000000 1.000000 -0.000000
0.999895 0.014505 0.000000 25.783680 -0.014505 0.999895 0.000000 -2.449833 0.000000 0.000000 1.000000 -0.000000
0.999948 0.010230 0.000000 27.129557 -0.010230 0.999948 0.000000 -2.462876 0.000000 0.000000 1.000000 -0.000000
0.999985 0.005567 0.000000 28.540236 -0.005567 0.999985 0.000000 -2.470043 0.000000 0.000000 1.000000 -0.000000
1.000000 0.000664 0.000000 29.922758 -0.000664 1.000000 0.000000 -2.470078 0.000000 0.000000 1.000000 -0.000000
0.999996 -0.002841 0.000000 31.336382 0.002841 0.999996 0.000000 -2.465716 0.000000 0.000000 1.000000 -0.000000
1.000000 -0.001124 0.000000 32.827831 0.001124 1.000000 0.000000 -2.462944 0.000000 0.000000 1.000000 -0.000000
0.999998 -0.002223 0.000000 34.276394 0.002223 0.999998 0.000000 -2.459025 0.000000 0.000000 1.000000 -0.000000
0.999998 -0.002215 0.000000 35.818092 0.002215 0.999998 0.000000 -2.455144 0.000000 0.000000 1.000000 -0.000000
0.999998 -0.002027 0.000000 37.322021 0.002027 0.999998 0.000000 -2.451252 0.000000 0.000000 1.000000 -0.000000
1.000000 -0.000359 0.000000 38.876183 0.000359 1.000000 0.000000 -2.449981 0.000000 0.000000 1.000000 -0.000000
1.000000 -0.000081 0.000000 40.455650 0.000081 1.000000 0.000000 -2.449021 0.000000 0.000000 1.000000 -0.000000
0.999999 0.001168 0.000000 42.061790 -0.001168 0.999999 0.000000 -2.450014 0.000000 0.000000 1.000000 -0.000000
0.999997 0.002361 0.000000 43.720680 -0.002361 0.999997 0.000000 -2.453055 0.000000 0.000000 1.000000 -0.000000
0.999989 0.004726 0.000000 45.378437 -0.004726 0.999989 0.000000 -2.460188 0.000000 0.000000 1.000000 -0.000000
0.999983 0.005805 0.000000 47.087368 -0.005805 0.999983 0.000000 -2.469832 0.000000 0.000000 1.000000 -0.000000
0.999951 0.009961 0.000000 48.803936 -0.009961 0.999951 0.000000 -2.486173 0.000000 0.000000 1.000000 -0.000000
0.999920 0.012632 0.000000 50.536736 -0.012632 0.999920 0.000000 -2.507424 0.000000 0.000000 1.000000 -0.000000
0.999869 0.016190 0.000000 52.282024 -0.016190 0.999869 0.000000 -2.534626 0.000000 0.000000 1.000000 -0.000000
0.999807 0.019638 0.000000 53.934692 -0.019638 0.999807 0.000000 -2.566147 0.000000 0.000000 1.000000 -0.000000
0.999768 0.021552 0.000000 55.628586 -0.021552 0.999768 0.000000 -2.602135 0.000000 0.000000 1.000000 -0.000000
0.999771 0.021426 0.000000 57.311813 -0.021426 0.999771 0.000000 -2.637419 0.000000 0.000000 1.000000 -0.000000
0.999800 0.020011 0.000000 59.055458 -0.020011 0.999800 0.000000 -2.671465 0.000000 0.000000 1.000000 -0.000000
0.999831 0.018393 0.000000 60.800247 -0.018393 0.999831 0.000000 -2.702701 0.000000 0.000000 1.000000 -0.000000
0.999855 0.017050 0.000000 62.549820 -0.017050 0.999855 0.000000 -2.732167 0.000000 0.000000 1.000000 -0.000000
0.999879 0.015596 0.000000 64.354797 -0.015596 0.999879 0.000000 -2.759058 0.000000 0.000000 1.000000 -0.000000
0.999865 0.016441 0.000000 66.153709 -0.016441 0.999865 0.000000 -2.787994 0.000000 0.000000 1.000000 -0.000000
0.999839 0.017968 0.000000 67.952515 -0.017968 0.999839 0.000000 -2.819084 0.000000 0.000000 1.000000 -0.000000
0.999861 0.016683 0.000000 69.771332 -0.016683 0.999861 0.000000 -2.848418 0.000000 0.000000 1.000000 -0.000000
0.999846 0.017551 0.000000 71.514793 -0.017551 0.999846 0.000000 -2.877903 0.000000 0.000000 1.000000 -0.000000
0.999824 0.018764 0.000000 73.222115 -0.018764 0.999824 0.000000 -2.909555 0.000000 0.000000 1.000000 -0.000000
0.999793 0.020346 0.000000 74.984299 -0.020346 0.999793 0.000000 -2.943759 0.000000 0.000000 1.000000 -0.000000
0.999717 0.023809 0.000000 76.742210 -0.023809 0.999717 0.000000 -2.984397 0.000000 0.000000 1.000000 -0.000000
0.999713 0.023964 0.000000 78.467346 -0.023964 0.999713 0.000000 -3.024806 0.000000 0.000000 1.000000 -0.000000
0.999700 0.024517 0.000000 80.268364 -0.024517 0.999700 0.000000 -3.068511 0.000000 0.000000 1.000000 -0.000000
0.999702 0.024436 0.000000 82.056297 -0.024436 0.999702 0.000000 -3.111188 0.000000 0.000000 1.000000 -0.000000
0.999737 0.022950 0.000000 83.743324 -0.022950 0.999737 0.000000 -3.148696 0.000000 0.000000 1.000000 -0.000000
0.999743 0.022677 0.000000 85.460617 -0.022677 0.999743 0.000000 -3.186878 0.000000 0.000000 1.000000 -0.000000
0.999784 0.020795 0.000000 87.215057 -0.020795 0.999784 0.000000 -3.222425 0.000000 0.000000 1.000000 -0.000000
0.999777 0.021124 0.000000 88.880516 -0.021124 0.999777 0.000000 -3.256701 0.000000 0.000000 1.000000 -0.000000
0.999699 0.024544 0.000000 90.561668 -0.024544 0.999699 0.000000 -3.296317 0.000000 0.000000 1.000000 -0.000000
0.999634 0.027058 0.000000 92.240173 -0.027058 0.999634 0.000000 -3.341353 0.000000 0.000000 1.000000 -0.000000
0.999502 0.031555 0.000000 93.867050 -0.031555 0.999502 0.000000 -3.391120 0.000000 0.000000 1.000000 -0.000000
0.999343 0.036256 0.000000 95.505959 -0.036256 0.999343 0.000000 -3.449989 0.000000 0.000000 1.000000 -0.000000
0.999103 0.042345 0.000000 97.108147 -0.042345 0.999103 0.000000 -3.517182 0.000000 0.000000 1.000000 -0.000000
0.998807 0.048839 0.000000 98.770332 -0.048839 0.998807 0.000000 -3.597790 0.000000 0.000000 1.000000 -0.000000
0.998475 0.055205 0.000000 100.421875 -0.055205 0.998475 0.000000 -3.688483 0.000000 0.000000 1.000000 -0.000000
0.998107 0.061507 0.000000 102.030769 -0.061507 0.998107 0.000000 -3.786551 0.000000 0.000000 1.000000 -0.000000
0.997744 0.067139 0.000000 103.630692 -0.067139 0.997744 0.000000 -3.893332 0.000000 0.000000 1.000000 -0.000000
0.997392 0.072178 0.000000 105.259033 -0.072178 0.997392 0.000000 -4.010782 0.000000 0.000000 1.000000 -0.000000
0.997166 0.075234 0.000000 106.875916 -0.075234 0.997166 0.000000 -4.132001 0.000000 0.000000 1.000000 -0.000000
0.996944 0.078118 0.000000 108.367882 -0.078118 0.996944 0.000000 -4.248338 0.000000 0.000000 1.000000 -0.000000
0.996582 0.082619 0.000000 109.899277 -0.082619 0.996582 0.000000 -4.374452 0.000000 0.000000 1.000000 -0.000000
0.996263 0.086373 0.000000 111.379433 -0.086373 0.996263 0.000000 -4.502316 0.000000 0.000000 1.000000 -0.000000
0.995848 0.091038 0.000000 112.867943 -0.091038 0.995848 0.000000 -4.637687 0.000000 0.000000 1.000000 -0.000000
0.995507 0.094691 0.000000 114.320297 -0.094691 0.995507 0.000000 -4.775343 0.000000 0.000000 1.000000 -0.000000
0.995070 0.099178 0.000000 115.770210 -0.099178 0.995070 0.000000 -4.918830 0.000000 0.000000 1.000000 -0.000000
0.994887 0.101001 0.000000 117.240822 -0.101001 0.994887 0.000000 -5.067790 0.000000 0.000000 1.000000 -0.000000
0.994855 0.101317 0.000000 118.689674 -0.101317 0.994855 0.000000 -5.214414 0.000000 0.000000 1.000000 -0.000000
0.995205 0.097815 0.000000 120.158112 -0.097815 0.995205 0.000000 -5.357851 0.000000 0.000000 1.000000 -0.000000
0.995830 0.091231 0.000000 121.600548 -0.091231 0.995830 0.000000 -5.489028 0.000000 0.000000 1.000000 -0.000000
0.996386 0.084943 0.000000 123.046692 -0.084943 0.996386 0.000000 -5.611471 0.000000 0.000000 1.000000 -0.000000
0.996941 0.078159 0.000000 124.477844 -0.078159 0.996941 0.000000 -5.723042 0.000000 0.000000 1.000000 -0.000000
0.997538 0.070129 0.000000 125.874794 -0.070129 0.997538 0.000000 -5.820852 0.000000 0.000000 1.000000 -0.000000
0.998017 0.062949 0.000000 127.289490 -0.062949 0.998017 0.000000 -5.909370 0.000000 0.000000 1.000000 -0.000000
0.998518 0.054422 0.000000 128.705627 -0.054422 0.998518 0.000000 -5.983909 0.000000 0.000000 1.000000 -0.000000
0.998905 0.046792 0.000000 130.195847 -0.046792 0.998905 0.000000 -6.052497 0.000000 0.000000 1.000000 -0.000000
0.999169 0.040761 0.000000 131.646835 -0.040761 0.999169 0.000000 -6.111219 0.000000 0.000000 1.000000 -0.000000
0.999317 0.036965 0.000000 133.119629 -0.036965 0.999317 0.000000 -6.164542 0.000000 0.000000 1.000000 -0.000000
0.999367 0.035579 0.000000 134.618515 -0.035579 0.999367 0.000000 -6.217056 0.000000 0.000000 1.000000 -0.000000
0.999389 0.034971 0.000000 136.082550 -0.034971 0.999389 0.000000 -6.267611 0.000000 0.000000 1.000000 -0.000000
0.999361 0.035744 0.000000 137.555267 -0.035744 0.999361 0.000000 -6.319790 0.000000 0.000000 1.000000 -0.000000
0.999456 0.032999 0.000000 138.964340 -0.032999 0.999456 0.000000 -6.365775 0.000000 0.000000 1.000000 -0.000000
0.999421 0.034028 0.000000 140.441544 -0.034028 0.999421 0.000000 -6.415577 0.000000 0.000000 1.000000 -0.000000
0.999445 0.033331 0.000000 141.867249 -0.033331 0.999445 0.000000 -6.462344 0.000000 0.000000 1.000000 -0.000000
0.999448 0.033243 0.000000 143.276474 -0.033243 0.999448 0.000000 -6.509038 0.000000 0.000000 1.000000 -0.000000
0.999396 0.034755 0.000000 144.661179 -0.034755 0.999396 0.000000 -6.556281 0.000000 0.000000 1.000000 -0.000000
0.999309 0.037185 0.000000 146.038712 -0.037185 0.999309 0.000000 -6.607113 0.000000 0.000000 1.000000 -0.000000
0.999242 0.038938 0.000000 147.397354 -0.038938 0.999242 0.000000 -6.659739 0.000000 0.000000 1.000000 -0.000000
0.999158 0.041040 0.000000 148.738892 -0.041040 0.999158 0.000000 -6.714306 0.000000 0.000000 1.000000 -0.000000
0.999096 0.042519 0.000000 150.133667 -0.042519 0.999096 0.000000 -6.773412 0.000000 0.000000 1.000000 -0.000000
0.999094 0.042562 0.000000 151.556732 -0.042562 0.999094 0.000000 -6.833792 0.000000 0.000000 1.000000 -0.000000
0.999134 0.041622 0.000000 152.957489 -0.041622 0.999134 0.000000 -6.891599 0.000000 0.000000 1.000000 -0.000000
0.999113 0.042114 0.000000 154.362762 -0.042114 0.999113 0.000000 -6.950440 0.000000 0.000000 1.000000 -0.000000
0.999104 0.042332 0.000000 155.830887 -0.042332 0.999104 0.000000 -7.012175 0.000000 0.000000 1.000000 -0.000000
0.999071 0.043112 0.000000 157.308853 -0.043112 0.999071 0.000000 -7.075605 0.000000 0.000000 1.000000 -0.000000
0.999033 0.043976 0.000000 158.809982 -0.043976 0.999033 0.000000 -7.141053 0.000000 0.000000 1.000000 -0.000000
0.999002 0.044666 0.000000 160.347946 -0.044666 0.999002 0.000000 -7.209358 0.000000 0.000000 1.000000 -0.000000
0.998977 0.045232 0.000000 161.890564 -0.045232 0.998977 0.000000 -7.278341 0.000000 0.000000 1.000000 -0.000000
0.998887 0.047168 0.000000 163.427155 -0.047168 0.998887 0.000000 -7.350188 0.000000 0.000000 1.000000 -0.000000
0.998806 0.048863 0.000000 164.997849 -0.048863 0.998806 0.000000 -7.426211 0.000000 0.000000 1.000000 -0.000000
0.998677 0.051426 0.000000 166.594223 -0.051426 0.998677 0.000000 -7.507906 0.000000 0.000000 1.000000 -0.000000
0.998587 0.053138 0.000000 168.192337 -0.053138 0.998587 0.000000 -7.592402 0.000000 0.000000 1.000000 -0.000000
0.998469 0.055317 0.000000 169.856689 -0.055317 0.998469 0.000000 -7.683818 0.000000 0.000000 1.000000 -0.000000
0.998418 0.056240 0.000000 171.522614 -0.056240 0.998418 0.000000 -7.776945 0.000000 0.000000 1.000000 -0.000000
0.998344 0.057540 0.000000 173.202240 -0.057540 0.998344 0.000000 -7.873247 0.000000 0.000000 1.000000 -0.000000
0.998281 0.058616 0.000000 174.932251 -0.058616 0.998281 0.000000 -7.972701 0.000000 0.000000 1.000000 -0.000000
0.998180 0.060314 0.000000 176.658844 -0.060314 0.998180 0.000000 -8.076276 0.000000 0.000000 1.000000 -0.000000
0.998085 0.061854 0.000000 178.434372 -0.061854 0.998085 0.000000 -8.185399 0.000000 0.000000 1.000000 -0.000000
0.997980 0.063529 0.000000 180.209625 -0.063529 0.997980 0.000000 -8.297359 0.000000 0.000000 1.000000 -0.000000
0.997907 0.064667 0.000000 181.999817 -0.064667 0.997907 0.000000 -8.412723 0.000000 0.000000 1.000000 -0.000000
0.997813 0.066099 0.000000 183.794113 -0.066099 0.997813 0.000000 -8.530787 0.000000 0.000000 1.000000 -0.000000
0.997753 0.067009 0.000000 185.575439 -0.067009 0.997753 0.000000 -8.649067 0.000000 0.000000 1.000000 -0.000000
0.997678 0.068113 0.000000 187.302582 -0.068113 0.997678 0.000000 -8.766553 0.000000 0.000000 1.000000 -0.000000
0.997595 0.069321 0.000000 189.075104 -0.069321 0.997595 0.000000 -8.888977 0.000000 0.000000 1.000000 -0.000000
0.997511 0.070509 0.000000 190.827377 -0.070509 0.997511 0.000000 -9.011597 0.000000 0.000000 1.000000 -0.000000
0.997408 0.071958 0.000000 192.581940 -0.071958 0.997408 0.000000 -9.137468 0.000000 0.000000 1.000000 -0.000000
0.997459 0.071253 0.000000 194.273254 -0.071253 0.997459 0.000000 -9.257129 0.000000 0.000000 1.000000 -0.000000
0.997348 0.072785 0.000000 195.931137 -0.072785 0.997348 0.000000 -9.377435 0.000000 0.000000 1.000000 -0.000000
0.997243 0.074216 0.000000 197.554123 -0.074216 0.997243 0.000000 -9.497687 0.000000 0.000000 1.000000 -0.000000
0.997111 0.075965 0.000000 199.103500 -0.075965 0.997111 0.000000 -9.615198 0.000000 0.000000 1.000000 -0.000000
0.996978 0.077696 0.000000 200.587540 -0.077696 0.996978 0.000000 -9.729819 0.000000 0.000000 1.000000 -0.000000
0.996812 0.079791 0.000000 202.054413 -0.079791 0.996812 0.000000 -9.846397 0.000000 0.000000 1.000000 -0.000000
0.996746 0.080605 0.000000 203.611435 -0.080605 0.996746 0.000000 -9.971408 0.000000 0.000000 1.000000 -0.000000
0.996624 0.082103 0.000000 205.121368 -0.082103 0.996624 0.000000 -10.095140 0.000000 0.000000 1.000000 -0.000000
0.996604 0.082353 0.000000 206.667114 -0.082353 0.996604 0.000000 -10.221807 0.000000 0.000000 1.000000 -0.000000
0.996850 0.079313 0.000000 208.189133 -0.079313 0.996850 0.000000 -10.341870 0.000000 0.000000 1.000000 -0.000000
0.997238 0.074272 0.000000 209.733627 -0.074272 0.997238 0.000000 -10.456152 0.000000 0.000000 1.000000 -0.000000
0.997676 0.068136 0.000000 211.312653 -0.068136 0.997676 0.000000 -10.562898 0.000000 0.000000 1.000000 -0.000000
0.998091 0.061760 0.000000 212.892105 -0.061760 0.998091 0.000000 -10.659493 0.000000 0.000000 1.000000 -0.000000
0.998538 0.054049 0.000000 214.524399 -0.054049 0.998538 0.000000 -10.746204 0.000000 0.000000 1.000000 -0.000000
0.998858 0.047784 0.000000 216.177795 -0.047784 0.998858 0.000000 -10.824476 0.000000 0.000000 1.000000 -0.000000
0.999002 0.044673 0.000000 217.843323 -0.044673 0.999002 0.000000 -10.897798 0.000000 0.000000 1.000000 -0.000000
0.998921 0.046453 0.000000 219.517090 -0.046453 0.998921 0.000000 -10.975184 0.000000 0.000000 1.000000 -0.000000
0.998449 0.055683 0.000000 221.147125 -0.055683 0.998449 0.000000 -11.065207 0.000000 0.000000 1.000000 -0.000000
0.997505 0.070595 0.000000 222.847137 -0.070595 0.997505 0.000000 -11.184427 0.000000 0.000000 1.000000 -0.000000
0.996092 0.088324 0.000000 224.591492 -0.088324 0.996092 0.000000 -11.338549 0.000000 0.000000 1.000000 -0.000000
0.994275 0.106852 0.000000 226.313400 -0.106852 0.994275 0.000000 -11.522274 0.000000 0.000000 1.000000 -0.000000
0.992018 0.126098 0.000000 227.993011 -0.126098 0.992018 0.000000 -11.734141 0.000000 0.000000 1.000000 -0.000000
0.990358 0.138536 0.000000 229.716553 -0.138536 0.990358 0.000000 -11.974801 0.000000 0.000000 1.000000 -0.000000
0.989077 0.147401 0.000000 231.475662 -0.147401 0.989077 0.000000 -12.236225 0.000000 0.000000 1.000000 -0.000000
0.988283 0.152633 0.000000 233.231674 -0.152633 0.988283 0.000000 -12.507311 0.000000 0.000000 1.000000 -0.000000
0.987415 0.158152 0.000000 234.974274 -0.158152 0.987415 0.000000 -12.785728 0.000000 0.000000 1.000000 -0.000000
0.986511 0.163699 0.000000 236.793854 -0.163699 0.986511 0.000000 -13.087517 0.000000 0.000000 1.000000 -0.000000
0.985778 0.168055 0.000000 238.673523 -0.168055 0.985778 0.000000 -13.407398 0.000000 0.000000 1.000000 -0.000000
0.985236 0.171206 0.000000 240.527832 -0.171206 0.985236 0.000000 -13.728733 0.000000 0.000000 1.000000 -0.000000
0.984665 0.174456 0.000000 242.415634 -0.174456 0.984665 0.000000 -14.061771 0.000000 0.000000 1.000000 -0.000000
0.984404 0.175923 0.000000 244.355331 -0.175923 0.984404 0.000000 -14.407676 0.000000 0.000000 1.000000 -0.000000
0.984795 0.173725 0.000000 246.346878 -0.173725 0.984795 0.000000 -14.758241 0.000000 0.000000 1.000000 -0.000000
0.985090 0.172043 0.000000 248.276596 -0.172043 0.985090 0.000000 -15.094634 0.000000 0.000000 1.000000 -0.000000
0.985426 0.170107 0.000000 250.259903 -0.170107 0.985426 0.000000 -15.436211 0.000000 0.000000 1.000000 -0.000000
0.985799 0.167931 0.000000 252.223831 -0.167931 0.985799 0.000000 -15.769411 0.000000 0.000000 1.000000 -0.000000
0.985913 0.167264 0.000000 254.216751 -0.167264 0.985913 0.000000 -16.106422 0.000000 0.000000 1.000000 -0.000000
0.985997 0.166767 0.000000 256.133698 -0.166767 0.985997 0.000000 -16.429291 0.000000 0.000000 1.000000 -0.000000
0.986207 0.165517 0.000000 258.065399 -0.165517 0.986207 0.000000 -16.752438 0.000000 0.000000 1.000000 -0.000000
0.986366 0.164568 0.000000 260.036896 -0.164568 0.986366 0.000000 -17.079647 0.000000 0.000000 1.000000 -0.000000
0.986546 0.163486 0.000000 262.002991 -0.163486 0.986546 0.000000 -17.404152 0.000000 0.000000 1.000000 -0.000000
0.986733 0.162355 0.000000 263.935822 -0.162355 0.986733 0.000000 -17.721239 0.000000 0.000000 1.000000 -0.000000
0.986973 0.160887 0.000000 265.913300 -0.160887 0.986973 0.000000 -18.042627 0.000000 0.000000 1.000000 -0.000000
0.987247 0.159198 0.000000 267.885834 -0.159198 0.987247 0.000000 -18.359922 0.000000 0.000000 1.000000 -0.000000
0.987416 0.158150 0.000000 269.830475 -0.158150 0.987416 0.000000 -18.670538 0.000000 0.000000 1.000000 -0.000000
0.987500 0.157624 0.000000 271.831482 -0.157624 0.987500 0.000000 -18.988575 0.000000 0.000000 1.000000 -0.000000
0.987319 0.158753 0.000000 273.727203 -0.158753 0.987319 0.000000 -19.292017 0.000000 0.000000 1.000000 -0.000000
0.987191 0.159544 0.000000 275.653870 -0.159544 0.987191 0.000000 -19.602972 0.000000 0.000000 1.000000 -0.000000
0.987205 0.159458 0.000000 277.558746 -0.159458 0.987205 0.000000 -19.909605 0.000000 0.000000 1.000000 -0.000000
0.987328 0.158698 0.000000 279.563599 -0.158698 0.987328 0.000000 -20.230200 0.000000 0.000000 1.000000 -0.000000
0.987417 0.158142 0.000000 281.483582 -0.158142 0.987417 0.000000 -20.536425 0.000000 0.000000 1.000000 -0.000000
0.987637 0.156760 0.000000 283.513367 -0.156760 0.987637 0.000000 -20.857155 0.000000 0.000000 1.000000 -0.000000
0.987748 0.156062 0.000000 285.510773 -0.156062 0.987748 0.000000 -21.170942 0.000000 0.000000 1.000000 -0.000000
0.987854 0.155389 0.000000 287.511993 -0.155389 0.987854 0.000000 -21.483658 0.000000 0.000000 1.000000 -0.000000
0.988030 0.154263 0.000000 289.533997 -0.154263 0.988030 0.000000 -21.797888 0.000000 0.000000 1.000000 -0.000000
0.988263 0.152762 0.000000 291.586823 -0.152762 0.988263 0.000000 -22.112516 0.000000 0.000000 1.000000 -0.000000
0.988521 0.151084 0.000000 293.644379 -0.151084 0.988521 0.000000 -22.425734 0.000000 0.000000 1.000000 -0.000000
0.988906 0.148543 0.000000 295.748596 -0.148543 0.988906 0.000000 -22.739157 0.000000 0.000000 1.000000 -0.000000
0.989084 0.147356 0.000000 297.818756 -0.147356 0.989084 0.000000 -23.046326 0.000000 0.000000 1.000000 -0.000000
0.989480 0.144669 0.000000 299.943207 -0.144669 0.989480 0.000000 -23.355587 0.000000 0.000000 1.000000 -0.000000
0.989974 0.141254 0.000000 302.086395 -0.141254 0.989974 0.000000 -23.659834 0.000000 0.000000 1.000000 -0.000000
0.990516 0.137397 0.000000 304.250580 -0.137397 0.990516 0.000000 -23.958403 0.000000 0.000000 1.000000 -0.000000
0.990946 0.134266 0.000000 306.404968 -0.134266 0.990946 0.000000 -24.249239 0.000000 0.000000 1.000000 -0.000000
0.991389 0.130949 0.000000 308.534698 -0.130949 0.991389 0.000000 -24.529037 0.000000 0.000000 1.000000 -0.000000
0.991820 0.127643 0.000000 310.708679 -0.127643 0.991820 0.000000 -24.807270 0.000000 0.000000 1.000000 -0.000000
0.992236 0.124370 0.000000 312.829865 -0.124370 0.992236 0.000000 -25.071365 0.000000 0.000000 1.000000 -0.000000
0.992679 0.120783 0.000000 314.978455 -0.120783 0.992679 0.000000 -25.331188 0.000000 0.000000 1.000000 -0.000000
0.992948 0.118558 0.000000 317.119049 -0.118558 0.992948 0.000000 -25.586178 0.000000 0.000000 1.000000 -0.000000
0.993140 0.116931 0.000000 319.248993 -0.116931 0.993140 0.000000 -25.835056 0.000000 0.000000 1.000000 -0.000000
0.993319 0.115407 0.000000 321.393860 -0.115407 0.993319 0.000000 -26.082399 0.000000 0.000000 1.000000 -0.000000
0.993608 0.112887 0.000000 323.517944 -0.112887 0.993608 0.000000 -26.322317 0.000000 0.000000 1.000000 -0.000000
0.993798 0.111206 0.000000 325.682617 -0.111206 0.993798 0.000000 -26.563412 0.000000 0.000000 1.000000 -0.000000
0.994143 0.108074 0.000000 327.831879 -0.108074 0.994143 0.000000 -26.793568 0.000000 0.000000 1.000000 -0.000000
0.994278 0.106829 0.000000 329.970276 -0.106829 0.994278 0.000000 -27.020752 0.000000 0.000000 1.000000 -0.000000
0.994498 0.104762 0.000000 332.143158 -0.104762 0.994498 0.000000 -27.246981 0.000000 0.000000 1.000000 -0.000000
0.994363 0.106034 0.000000 334.289490 -0.106034 0.994363 0.000000 -27.474749 0.000000 0.000000 1.000000 -0.000000
0.994321 0.106430 0.000000 336.440857 -0.106430 0.994321 0.000000 -27.702787 0.000000 0.000000 1.000000 -0.000000
0.994233 0.107248 0.000000 338.626251 -0.107248 0.994233 0.000000 -27.937151 0.000000 0.000000 1.000000 -0.000000
0.994136 0.108145 0.000000 340.739471 -0.108145 0.994136 0.000000 -28.164923 0.000000 0.000000 1.000000 -0.000000
0.994060 0.108838 0.000000 342.928009 -0.108838 0.994060 0.000000 -28.402220 0.000000 0.000000 1.000000 -0.000000
0.994304 0.106587 0.000000 345.092712 -0.106587 0.994304 0.000000 -28.633039 0.000000 0.000000 1.000000 -0.000000
0.994721 0.102617 0.000000 347.278900 -0.102617 0.994721 0.000000 -28.858006 0.000000 0.000000 1.000000 -0.000000
0.995334 0.096497 0.000000 349.443665 -0.096497 0.995334 0.000000 -29.066526 0.000000 0.000000 1.000000 -0.000000
0.996143 0.087750 0.000000 351.585999 -0.087750 0.996143 0.000000 -29.253992 0.000000 0.000000 1.000000 -0.000000
0.997100 0.076101 0.000000 353.772949 -0.076101 0.997100 0.000000 -29.420553 0.000000 0.000000 1.000000 -0.000000
0.998201 0.059962 0.000000 355.966614 -0.059962 0.998201 0.000000 -29.551439 0.000000 0.000000 1.000000 -0.000000
0.999070 0.043116 0.000000 358.110321 -0.043116 0.999070 0.000000 -29.641464 0.000000 0.000000 1.000000 -0.000000
0.999701 0.024476 0.000000 360.258698 -0.024476 0.999701 0.000000 -29.690319 0.000000 0.000000 1.000000 -0.000000
0.999984 0.005750 0.000000 362.475464 -0.005750 0.999984 0.000000 -29.700558 0.000000 0.000000 1.000000 -0.000000
0.999955 -0.009480 0.000000 364.661682 0.009480 0.999955 0.000000 -29.677080 0.000000 0.000000 1.000000 -0.000000
0.999721 -0.023624 0.000000 366.856995 0.023624 0.999721 0.000000 -29.621792 0.000000 0.000000 1.000000 -0.000000
0.999334 -0.036504 0.000000 369.065918 0.036504 0.999334 0.000000 -29.537863 0.000000 0.000000 1.000000 -0.000000
0.999009 -0.044511 0.000000 371.258911 0.044511 0.999009 0.000000 -29.438131 0.000000 0.000000 1.000000 -0.000000
0.998811 -0.048769 0.000000 373.456268 0.048769 0.998811 0.000000 -29.328890 0.000000 0.000000 1.000000 -0.000000
0.998866 -0.047615 0.000000 375.613403 0.047615 0.998866 0.000000 -29.224197 0.000000 0.000000 1.000000 -0.000000
0.999166 -0.040853 0.000000 377.802460 0.040853 0.999166 0.000000 -29.133169 0.000000 0.000000 1.000000 -0.000000
0.999405 -0.034497 0.000000 379.943298 0.034497 0.999405 0.000000 -29.057016 0.000000 0.000000 1.000000 -0.000000
0.999599 -0.028342 0.000000 382.118195 0.028342 0.999599 0.000000 -28.994257 0.000000 0.000000 1.000000 -0.000000
0.999836 -0.018155 0.000000 384.320587 0.018155 0.999836 0.000000 -28.953028 0.000000 0.000000 1.000000 -0.000000
0.999963 -0.008680 0.000000 386.534180 0.008680 0.999963 0.000000 -28.932899 0.000000 0.000000 1.000000 -0.000000
1.000000 0.000071 0.000000 388.706848 -0.000071 1.000000 0.000000 -28.931208 0.000000 0.000000 1.000000 -0.000000
0.999953 0.009723 0.000000 390.906525 -0.009723 0.999953 0.000000 -28.952490 0.000000 0.000000 1.000000 -0.000000
0.999871 0.016064 0.000000 393.073792 -0.016064 0.999871 0.000000 -28.986221 0.000000 0.000000 1.000000 -0.000000
0.999770 0.021464 0.000000 395.259613 -0.021464 0.999770 0.000000 -29.031775 0.000000 0.000000 1.000000 -0.000000
0.999629 0.027249 0.000000 397.465637 -0.027249 0.999629 0.000000 -29.090668 0.000000 0.000000 1.000000 -0.000000
0.999470 0.032572 0.000000 399.644104 -0.032572 0.999470 0.000000 -29.160994 0.000000 0.000000 1.000000 -0.000000
0.999355 0.035919 0.000000 401.823608 -0.035919 0.999355 0.000000 -29.238810 0.000000 0.000000 1.000000 -0.000000
0.999206 0.039842 0.000000 404.003845 -0.039842 0.999206 0.000000 -29.324480 0.000000 0.000000 1.000000 -0.000000
0.999064 0.043259 0.000000 406.203827 -0.043259 0.999064 0.000000 -29.419344 0.000000 0.000000 1.000000 -0.000000
0.998920 0.046480 0.000000 408.401398 -0.046480 0.998920 0.000000 -29.520918 0.000000 0.000000 1.000000 -0.000000
0.998778 0.049437 0.000000 410.613525 -0.049437 0.998778 0.000000 -29.629381 0.000000 0.000000 1.000000 -0.000000
