1.000000 0.000007 0.000000 0.000122 -0.000007 1.000000 0.000000 -0.000006 0.000000 0.000000 1.000000 0.000000
1.000000 0.000488 0.000000 0.003976 -0.000488 1.000000 0.000000 0.000554 0.000000 0.000000 1.000000 0.000000
1.000000 0.000472 0.000000 0.000088 -0.000472 1.000000 0.000000 0.000608 0.000000 0.000000 1.000000 0.000000
1.000000 0.000632 0.000000 -0.000463 -0.000632 1.000000 0.000000 0.000724 0.000000 0.000000 1.000000 0.000000
1.000000 0.000833 0.000000 -0.002963 -0.000833 1.000000 0.000000 0.001163 0.000000 0.000000 1.000000 0.000000
1.000000 0.000884 0.000000 -0.003351 -0.000884 1.000000 0.000000 0.001248 0.000000 0.000000 1.000000 0.000000
1.000000 0.000884 0.000000 -0.003591 -0.000884 1.000000 0.000000 0.001247 0.000000 0.000000 1.000000 0.000000
1.000000 0.000887 0.000000 -0.003476 -0.000887 1.000000 0.000000 0.001250 0.000000 0.000000 1.000000 0.000000
0.999999 0.001104 0.000000 -0.004396 -0.001104 0.999999 0.000000 0.001457 0.000000 0.000000 1.000000 0.000000
0.999999 0.001105 0.000000 -0.004540 -0.001105 0.999999 0.000000 0.001459 0.000000 0.000000 1.000000 0.000000
0.999999 0.001107 0.000000 -0.004741 -0.001107 0.999999 0.000000 0.001459 0.000000 0.000000 1.000000 0.000000
0.999999 0.001110 0.000000 -0.004829 -0.001110 0.999999 0.000000 0.001461 0.000000 0.000000 1.000000 0.000000
0.999999 0.001418 0.000000 -0.006287 -0.001418 0.999999 0.000000 0.001753 0.000000 0.000000 1.000000 0.000000
0.999999 0.001561 0.000000 -0.006951 -0.001561 0.999999 0.000000 0.001875 0.000000 0.000000 1.000000 0.000000
0.999999 0.001555 0.000000 -0.008037 -0.001555 0.999999 0.000000 0.001882 0.000000 0.000000 1.000000 0.000000
0.999999 0.001562 0.000000 -0.008220 -0.001562 0.999999 0.000000 0.001877 0.000000 0.000000 1.000000 0.000000
0.999999 0.001566 0.000000 -0.008428 -0.001566 0.999999 0.000000 0.001871 0.000000 0.000000 1.000000 0.000000
0.999999 0.001572 0.000000 -0.008622 -0.001572 0.999999 0.000000 0.001870 0.000000 0.000000 1.000000 0.000000
0.999999 0.001579 0.000000 -0.008813 -0.001579 0.999999 0.000000 0.001863 0.000000 0.000000 1.000000 0.000000
0.999999 0.001580 0.000000 -0.009055 -0.001580 0.999999 0.000000 0.001867 0.000000 0.000000 1.000000 0.000000
0.999999 0.001656 0.000000 -0.010711 -0.001656 0.999999 0.000000 0.001970 0.000000 0.000000 1.000000 0.000000
0.999999 0.001632 0.000000 -0.014304 -0.001632 0.999999 0.000000 0.002043 0.000000 0.000000 1.000000 0.000000
0.999999 0.001632 0.000000 -0.014275 -0.001632 0.999999 0.000000 0.002041 0.000000 0.000000 1.000000 0.000000
0.999999 0.001665 0.000000 -0.014806 -0.001665 0.999999 0.000000 0.002036 0.000000 0.000000 1.000000 0.000000
0.999999 0.001717 0.000000 -0.015170 -0.001717 0.999999 0.000000 0.002073 0.000000 0.000000 1.000000 0.000000
0.999999 0.001725 0.000000 -0.015133 -0.001725 0.999999 0.000000 0.002072 0.000000 0.000000 1.000000 0.000000
0.999999 0.001706 0.000000 -0.017192 -0.001706 0.999999 0.000000 0.002090 0.000000 0.000000 1.000000 0.000000
0.999999 0.001706 0.000000 -0.017361 -0.001706 0.999999 0.000000 0.002089 0.000000 0.000000 1.000000 0.000000
0.999999 0.001715 0.000000 -0.017313 -0.001715 0.999999 0.000000 0.002085 0.000000 0.000000 1.000000 0.000000
0.999999 0.001696 0.000000 -0.018657 -0.001696 0.999999 0.000000 0.002095 0.000000 0.000000 1.000000 0.000000
0.999998 0.001904 0.000000 -0.022590 -0.001904 0.999998 0.000000 0.002159 0.000000 0.000000 1.000000 0.000000
0.999998 0.001900 0.000000 -0.022619 -0.001900 0.999998 0.000000 0.002147 0.000000 0.000000 1.000000 0.000000
0.999998 0.001909 0.000000 -0.022715 -0.001909 0.999998 0.000000 0.002155 0.000000 0.000000 1.000000 0.000000
0.999998 0.001906 0.000000 -0.022714 -0.001906 0.999998 0.000000 0.002149 0.000000 0.000000 1.000000 0.000000
0.999998 0.001871 0.000000 -0.026845 -0.001871 0.999998 0.000000 0.002165 0.000000 0.000000 1.000000 0.000000
0.999998 0.001880 0.000000 -0.026943 -0.001880 0.999998 0.000000 0.002167 0.000000 0.000000 1.000000 0.000000
0.999998 0.001881 0.000000 -0.026993 -0.001881 0.999998 0.000000 0.002163 0.000000 0.000000 1.000000 0.000000
0.999998 0.001879 0.000000 -0.027128 -0.001879 0.999998 0.000000 0.002159 0.000000 0.000000 1.000000 0.000000
0.999999 0.001585 0.000000 -0.024838 -0.001585 0.999999 0.000000 0.001811 0.000000 0.000000 1.000000 0.000000
0.999999 0.001574 0.000000 -0.024934 -0.001574 0.999999 0.000000 0.001789 0.000000 0.000000 1.000000 0.000000
0.999999 0.001525 0.000000 -0.029556 -0.001525 0.999999 0.000000 0.001765 0.000000 0.000000 1.000000 0.000000
0.999999 0.001492 0.000000 -0.032125 -0.001492 0.999999 0.000000 0.001758 0.000000 0.000000 1.000000 0.000000
0.999999 0.001694 0.000000 -0.033268 -0.001694 0.999999 0.000000 0.001938 0.000000 0.000000 1.000000 0.000000
0.999999 0.001628 0.000000 -0.037298 -0.001628 0.999999 0.000000 0.002021 0.000000 0.000000 1.000000 0.000000
0.999997 0.002278 0.000000 -0.033679 -0.002278 0.999997 0.000000 0.002866 0.000000 0.000000 1.000000 0.000000
0.999996 0.002719 0.000000 -0.036906 -0.002719 0.999996 0.000000 0.003429 0.000000 0.000000 1.000000 0.000000
0.999996 0.002694 0.000000 -0.042792 -0.002694 0.999996 0.000000 0.003467 0.000000 0.000000 1.000000 0.000000
0.999996 0.002828 0.000000 -0.047155 -0.002828 0.999996 0.000000 0.003772 0.000000 0.000000 1.000000 0.000000
0.999995 0.003234 0.000000 -0.048888 -0.003234 0.999995 0.000000 0.004244 0.000000 0.000000 1.000000 0.000000
0.999993 0.003850 0.000000 -0.052874 -0.003850 0.999993 0.000000 0.005174 0.000000 0.000000 1.000000 0.000000
0.999992 0.003944 0.000000 -0.053236 -0.003944 0.999992 0.000000 0.005259 0.000000 0.000000 1.000000 0.000000
0.999991 0.004210 0.000000 -0.055947 -0.004210 0.999991 0.000000 0.005715 0.000000 0.000000 1.000000 0.000000
0.999990 0.004578 0.000000 -0.058041 -0.004578 0.999990 0.000000 0.006096 0.000000 0.000000 1.000000 0.000000
0.999989 0.004606 0.000000 -0.058237 -0.004606 0.999989 0.000000 0.006114 0.000000 0.000000 1.000000 0.000000
0.999989 0.004614 0.000000 -0.058465 -0.004614 0.999989 0.000000 0.006126 0.000000 0.000000 1.000000 0.000000
0.999988 0.004877 0.000000 -0.061750 -0.004877 0.999988 0.000000 0.006230 0.000000 0.000000 1.000000 0.000000
0.999986 0.005351 0.000000 -0.065640 -0.005351 0.999986 0.000000 0.006825 0.000000 0.000000 1.000000 0.000000
0.999985 0.005457 0.000000 -0.071554 -0.005457 0.999985 0.000000 0.007067 0.000000 0.000000 1.000000 0.000000
0.999985 0.005555 0.000000 -0.071838 -0.005555 0.999985 0.000000 0.007147 0.000000 0.000000 1.000000 0.000000
0.999984 0.005697 0.000000 -0.072672 -0.005697 0.999984 0.000000 0.007281 0.000000 0.000000 1.000000 0.000000
0.999983 0.005900 0.000000 -0.075200 -0.005900 0.999983 0.000000 0.007745 0.000000 0.000000 1.000000 0.000000
0.999982 0.006054 0.000000 -0.077560 -0.006054 0.999982 0.000000 0.007991 0.000000 0.000000 1.000000 0.000000
0.999981 0.006238 0.000000 -0.081635 -0.006238 0.999981 0.000000 0.008374 0.000000 0.000000 1.000000 0.000000
0.999980 0.006311 0.000000 -0.082263 -0.006311 0.999980 0.000000 0.008493 0.000000 0.000000 1.000000 0.000000
0.999979 0.006421 0.000000 -0.083998 -0.006421 0.999979 0.000000 0.008571 0.000000 0.000000 1.000000 0.000000
0.999979 0.006484 0.000000 -0.084442 -0.006484 0.999979 0.000000 0.008622 0.000000 0.000000 1.000000 0.000000
0.999979 0.006510 0.000000 -0.085682 -0.006510 0.999979 0.000000 0.008699 0.000000 0.000000 1.000000 0.000000
0.999978 0.006660 0.000000 -0.088304 -0.006660 0.999978 0.000000 0.008985 0.000000 0.000000 1.000000 0.000000
0.999978 0.006708 0.000000 -0.088751 -0.006708 0.999978 0.000000 0.009014 0.000000 0.000000 1.000000 0.000000
0.999977 0.006823 0.000000 -0.089989 -0.006823 0.999977 0.000000 0.009062 0.000000 0.000000 1.000000 0.000000
0.999977 0.006837 0.000000 -0.089904 -0.006837 0.999977 0.000000 0.009057 0.000000 0.000000 1.000000 0.000000
0.999977 0.006828 0.000000 -0.090101 -0.006828 0.999977 0.000000 0.009042 0.000000 0.000000 1.000000 0.000000
0.999974 0.007175 0.000000 -0.092000 -0.007175 0.999974 0.000000 0.009402 0.000000 0.000000 1.000000 0.000000
0.999973 0.007357 0.000000 -0.093830 -0.007357 0.999973 0.000000 0.009500 0.000000 0.000000 1.000000 0.000000
0.999973 0.007364 0.000000 -0.093918 -0.007364 0.999973 0.000000 0.009497 0.000000 0.000000 1.000000 0.000000
0.999968 0.007972 0.000000 -0.097333 -0.007972 0.999968 0.000000 0.010346 0.000000 0.000000 1.000000 0.000000
0.999968 0.007996 0.000000 -0.097451 -0.007996 0.999968 0.000000 0.010363 0.000000 0.000000 1.000000 0.000000
0.999965 0.008382 0.000000 -0.100127 -0.008382 0.999965 0.000000 0.010793 0.000000 0.000000 1.000000 0.000000
0.999963 0.008653 0.000000 -0.101676 -0.008653 0.999963 0.000000 0.011080 0.000000 0.000000 1.000000 0.000000
0.999959 0.009048 0.000000 -0.109880 -0.009048 0.999959 0.000000 0.012226 0.000000 0.000000 1.000000 0.000000
0.999957 0.009234 0.000000 -0.110919 -0.009234 0.999957 0.000000 0.012402 0.000000 0.000000 1.000000 0.000000
0.999955 0.009518 0.000000 -0.118015 -0.009518 0.999955 0.000000 0.013566 0.000000 0.000000 1.000000 0.000000
0.999954 0.009556 0.000000 -0.118603 -0.009556 0.999954 0.000000 0.013582 0.000000 0.000000 1.000000 0.000000
0.999954 0.009564 0.000000 -0.118570 -0.009564 0.999954 0.000000 0.013577 0.000000 0.000000 1.000000 0.000000
0.999953 0.009653 0.000000 -0.120275 -0.009653 0.999953 0.000000 0.013652 0.000000 0.000000 1.000000 0.000000
0.999950 0.009960 0.000000 -0.122560 -0.009960 0.999950 0.000000 0.014011 0.000000 0.000000 1.000000 0.000000
0.999948 0.010161 0.000000 -0.127574 -0.010161 0.999948 0.000000 0.014196 0.000000 0.000000 1.000000 0.000000
0.999948 0.010166 0.000000 -0.127633 -0.010166 0.999948 0.000000 0.014200 0.000000 0.000000 1.000000 0.000000
0.999947 0.010278 0.000000 -0.134231 -0.010278 0.999947 0.000000 0.014421 0.000000 0.000000 1.000000 0.000000
0.999947 0.010343 0.000000 -0.134616 -0.010343 0.999947 0.000000 0.014496 0.000000 0.000000 1.000000 0.000000
0.999945 0.010477 0.000000 -0.135341 -0.010477 0.999945 0.000000 0.014613 0.000000 0.000000 1.000000 0.000000
0.999948 0.010244 0.000000 -0.138720 -0.010244 0.999948 0.000000 0.014681 0.000000 0.000000 1.000000 0.000000
0.999947 0.010249 0.000000 -0.138792 -0.010249 0.999947 0.000000 0.014679 0.000000 0.000000 1.000000 0.000000
0.999947 0.010253 0.000000 -0.138911 -0.010253 0.999947 0.000000 0.014681 0.000000 0.000000 1.000000 0.000000
0.999947 0.010256 0.000000 -0.139079 -0.010256 0.999947 0.000000 0.014670 0.000000 0.000000 1.000000 0.000000
0.999947 0.010275 0.000000 -0.139151 -0.010275 0.999947 0.000000 0.014680 0.000000 0.000000 1.000000 0.000000
0.999945 0.010498 0.000000 -0.142911 -0.010498 0.999945 0.000000 0.014828 0.000000 0.000000 1.000000 0.000000
0.999946 0.010422 0.000000 -0.145194 -0.010422 0.999946 0.000000 0.014944 0.000000 0.000000 1.000000 0.000000
0.999945 0.010455 0.000000 -0.145330 -0.010455 0.999945 0.000000 0.014957 0.000000 0.000000 1.000000 0.000000
0.999941 0.010849 0.000000 -0.147843 -0.010849 0.999941 0.000000 0.015477 0.000000 0.000000 1.000000 0.000000
0.999941 0.010893 0.000000 -0.148255 -0.010893 0.999941 0.000000 0.015486 0.000000 0.000000 1.000000 0.000000
0.999939 0.011038 0.000000 -0.149893 -0.011038 0.999939 0.000000 0.015782 0.000000 0.000000 1.000000 0.000000
0.999934 0.011517 0.000000 -0.152793 -0.011517 0.999934 0.000000 0.016206 0.000000 0.000000 1.000000 0.000000
0.999933 0.011536 0.000000 -0.153244 -0.011536 0.999933 0.000000 0.016222 0.000000 0.000000 1.000000 0.000000
0.999932 0.011639 0.000000 -0.155701 -0.011639 0.999932 0.000000 0.016335 0.000000 0.000000 1.000000 0.000000
0.999932 0.011641 0.000000 -0.155842 -0.011641 0.999932 0.000000 0.016341 0.000000 0.000000 1.000000 0.000000
0.999932 0.011650 0.000000 -0.155898 -0.011650 0.999932 0.000000 0.016340 0.000000 0.000000 1.000000 0.000000
0.999932 0.011668 0.000000 -0.156112 -0.011668 0.999932 0.000000 0.016349 0.000000 0.000000 1.000000 0.000000
0.999927 0.012122 0.000000 -0.163264 -0.012122 0.999927 0.000000 0.017359 0.000000 0.000000 1.000000 0.000000
0.999921 0.012608 0.000000 -0.151672 -0.012608 0.999921 0.000000 0.018374 0.000000 0.000000 1.000000 0.000000
0.999905 0.013793 0.000000 -0.097378 -0.013793 0.999905 0.000000 0.022914 0.000000 0.000000 1.000000 0.000000
0.999843 0.017691 0.000000 -0.026843 -0.017691 0.999843 0.000000 0.021229 0.000000 0.000000 1.000000 0.000000
0.999742 0.022724 0.000000 0.110249 -0.022724 0.999742 0.000000 0.000923 0.000000 0.000000 1.000000 0.000000
0.999579 0.029021 0.000000 0.318827 -0.029021 0.999579 0.000000 -0.007659 0.000000 0.000000 1.000000 0.000000
0.999285 0.037802 0.000000 0.538551 -0.037802 0.999285 0.000000 -0.031569 0.000000 0.000000 1.000000 0.000000
0.998778 0.049431 0.000000 0.890844 -0.049431 0.998778 0.000000 -0.059999 0.000000 0.000000 1.000000 0.000000
0.998055 0.062345 0.000000 1.324744 -0.062345 0.998055 0.000000 -0.096073 0.000000 0.000000 1.000000 0.000000
0.996659 0.081675 0.000000 1.738070 -0.081675 0.996659 0.000000 -0.147848 0.000000 0.000000 1.000000 0.000000
0.994698 0.102835 0.000000 2.251814 -0.102835 0.994698 0.000000 -0.224287 0.000000 0.000000 1.000000 0.000000
0.991828 0.127581 0.000000 2.766213 -0.127581 0.991828 0.000000 -0.299811 0.000000 0.000000 1.000000 0.000000
0.988402 0.151858 0.000000 3.378485 -0.151858 0.988402 0.000000 -0.405722 0.000000 0.000000 1.000000 0.000000
0.983599 0.180371 0.000000 4.066432 -0.180371 0.983599 0.000000 -0.569365 0.000000 0.000000 1.000000 0.000000
0.980445 0.196792 0.000000 4.815809 -0.196792 0.980445 0.000000 -0.699213 0.000000 0.000000 1.000000 0.000000
0.978755 0.205035 0.000000 5.581827 -0.205035 0.978755 0.000000 -0.833750 0.000000 0.000000 1.000000 0.000000
0.978713 0.205232 0.000000 6.463128 -0.205232 0.978713 0.000000 -0.999964 0.000000 0.000000 1.000000 0.000000
0.980234 0.197843 0.000000 7.436320 -0.197843 0.980234 0.000000 -1.192770 0.000000 0.000000 1.000000 0.000000
0.981950 0.189139 0.000000 8.449808 -0.189139 0.981950 0.000000 -1.350009 0.000000 0.000000 1.000000 0.000000
0.983977 0.178297 0.000000 9.560245 -0.178297 0.983977 0.000000 -1.545284 0.000000 0.000000 1.000000 0.000000
0.986192 0.165606 0.000000 10.692897 -0.165606 0.986192 0.000000 -1.737136 0.000000 0.000000 1.000000 0.000000
0.988602 0.150555 0.000000 11.881551 -0.150555 0.988602 0.000000 -1.877091 0.000000 0.000000 1.000000 0.000000
0.990230 0.139440 0.000000 13.210639 -0.139440 0.990230 0.000000 -2.052603 0.000000 0.000000 1.000000 0.000000
0.992600 0.121427 0.000000 14.477330 -0.121427 0.992600 0.000000 -2.184605 0.000000 0.000000 1.000000 0.000000
0.994712 0.102706 0.000000 15.770336 -0.102706 0.994712 0.000000 -2.297270 0.000000 0.000000 1.000000 0.000000
0.996867 0.079102 0.000000 17.162813 -0.079102 0.996867 0.000000 -2.421179 0.000000 0.000000 1.000000 0.000000
0.998181 0.060286 0.000000 18.471314 -0.060286 0.998181 0.000000 -2.476031 0.000000 0.000000 1.000000 0.000000
0.998785 0.049280 0.000000 19.725430 -0.049280 0.998785 0.000000 -2.503046 0.000000 0.000000 1.000000 0.000000
0.999009 0.044498 0.000000 21.079148 -0.044498 0.999009 0.000000 -2.535143 0.000000 0.000000 1.000000 0.000000
0.999102 0.042381 0.000000 22.479758 -0.042381 0.999102 0.000000 -2.574946 0.000000 0.000000 1.000000 0.000000
0.999315 0.037001 0.000000 23.855262 -0.037001 0.999315 0.000000 -2.601996 0.000000 0.000000 1.000000 0.000000
0.999488 0.031999 0.000000 25.286261 -0.031999 0.999488 0.000000 -2.626817 0.000000 0.000000 1.000000 0.000000
0.999668 0.025758 0.000000 26.671855 -0.025758 0.999668 0.000000 -2.599195 0.000000 0.000000 1.000000 0.000000
0.999699 0.024545 0.000000 28.036479 -0.024545 0.999699 0.000000 -2.619737 0.000000 0.000000 1.000000 0.000000
0.999787 0.020644 0.000000 29.529468 -0.020644 0.999787 0.000000 -2.637391 0.000000 0.000000 1.000000 0.000000
0.999750 0.022356 0.000000 31.038331 -0.022356 0.999750 0.000000 -2.657284 0.000000 0.000000 1.000000 0.000000
0.999767 0.021606 0.000000 32.504369 -0.021606 0.999767 0.000000 -2.682226 0.000000 0.000000 1.000000 0.000000
0.999812 0.019406 0.000000 33.938309 -0.019406 0.999812 0.000000 -2.661244 0.000000 0.000000 1.000000 0.000000
0.999787 0.020655 0.000000 35.442681 -0.020655 0.999787 0.000000 -2.679344 0.000000 0.000000 1.000000 0.000000
0.999768 0.021543 0.000000 36.987285 -0.021543 0.999768 0.000000 -2.709415 0.000000 0.000000 1.000000 0.000000
0.999777 0.021129 0.000000 38.575429 -0.021129 0.999777 0.000000 -2.734338 0.000000 0.000000 1.000000 0.000000
0.999738 0.022884 0.000000 40.134783 -0.022884 0.999738 0.000000 -2.756321 0.000000 0.000000 1.000000 0.000000
0.999734 0.023076 0.000000 41.805854 -0.023076 0.999734 0.000000 -2.755758 0.000000 0.000000 1.000000 0.000000
0.999731 0.023195 0.000000 43.460118 -0.023195 0.999731 0.000000 -2.774567 0.000000 0.000000 1.000000 0.000000
0.999655 0.026284 0.000000 45.005108 -0.026284 0.999655 0.000000 -2.794894 0.000000 0.000000 1.000000 0.000000
0.999542 0.030253 0.000000 46.695912 -0.030253 0.999542 0.000000 -2.842789 0.000000 0.000000 1.000000 0.000000
0.999485 0.032087 0.000000 48.487942 -0.032087 0.999485 0.000000 -2.883673 0.000000 0.000000 1.000000 0.000000
0.999391 0.034880 0.000000 50.293368 -0.034880 0.999391 0.000000 -2.936307 0.000000 0.000000 1.000000 0.000000
0.999252 0.038680 0.000000 52.061339 -0.038680 0.999252 0.000000 -2.972491 0.000000 0.000000 1.000000 0.000000
0.999172 0.040696 0.000000 53.910504 -0.040696 0.999172 0.000000 -3.028811 0.000000 0.000000 1.000000 0.000000
0.999071 0.043096 0.000000 55.598294 -0.043096 0.999071 0.000000 -3.086884 0.000000 0.000000 1.000000 0.000000
0.999082 0.042840 0.000000 57.228362 -0.042840 0.999082 0.000000 -3.139342 0.000000 0.000000 1.000000 0.000000
0.999139 0.041487 0.000000 58.949706 -0.041487 0.999139 0.000000 -3.188233 0.000000 0.000000 1.000000 0.000000
0.999124 0.041838 0.000000 60.770716 -0.041838 0.999124 0.000000 -3.240310 0.000000 0.000000 1.000000 0.000000
0.999234 0.039124 0.000000 62.520943 -0.039124 0.999234 0.000000 -3.289581 0.000000 0.000000 1.000000 0.000000
0.999445 0.033307 0.000000 64.061366 -0.033307 0.999445 0.000000 -3.335036 0.000000 0.000000 1.000000 0.000000
0.999506 0.031442 0.000000 65.924360 -0.031442 0.999506 0.000000 -3.343083 0.000000 0.000000 1.000000 0.000000
0.999428 0.033809 0.000000 67.757931 -0.033809 0.999428 0.000000 -3.405699 0.000000 0.000000 1.000000 0.000000
0.999438 0.033512 0.000000 69.636090 -0.033512 0.999438 0.000000 -3.432804 0.000000 0.000000 1.000000 0.000000
0.999510 0.031298 0.000000 71.523675 -0.031298 0.999510 0.000000 -3.441240 0.000000 0.000000 1.000000 0.000000
0.999474 0.032438 0.000000 73.280350 -0.032438 0.999474 0.000000 -3.481944 0.000000 0.000000 1.000000 0.000000
0.999532 0.030590 0.000000 75.039602 -0.030590 0.999532 0.000000 -3.516232 0.000000 0.000000 1.000000 0.000000
0.999508 0.031372 0.000000 76.836255 -0.031372 0.999508 0.000000 -3.561838 0.000000 0.000000 1.000000 0.000000
0.999592 0.028564 0.000000 78.734150 -0.028564 0.999592 0.000000 -3.585073 0.000000 0.000000 1.000000 0.000000
0.999659 0.026107 0.000000 80.373485 -0.026107 0.999659 0.000000 -3.609138 0.000000 0.000000 1.000000 0.000000
0.999684 0.025123 0.000000 82.204865 -0.025123 0.999684 0.000000 -3.636875 0.000000 0.000000 1.000000 0.000000
0.999663 0.025965 0.000000 84.081461 -0.025965 0.999663 0.000000 -3.659863 0.000000 0.000000 1.000000 0.000000
0.999697 0.024616 0.000000 85.790018 -0.024616 0.999697 0.000000 -3.659913 0.000000 0.000000 1.000000 0.000000
0.999675 0.025502 0.000000 87.634393 -0.025502 0.999675 0.000000 -3.678986 0.000000 0.000000 1.000000 0.000000
0.999676 0.025451 0.000000 89.489932 -0.025451 0.999676 0.000000 -3.708516 0.000000 0.000000 1.000000 0.000000
0.999663 0.025951 0.000000 91.200023 -0.025951 0.999663 0.000000 -3.728317 0.000000 0.000000 1.000000 0.000000
0.999574 0.029196 0.000000 92.979983 -0.029196 0.999574 0.000000 -3.740921 0.000000 0.000000 1.000000 0.000000
0.999502 0.031543 0.000000 94.795136 -0.031543 0.999502 0.000000 -3.781576 0.000000 0.000000 1.000000 0.000000
0.999331 0.036584 0.000000 96.507593 -0.036584 0.999331 0.000000 -3.830784 0.000000 0.000000 1.000000 0.000000
0.999256 0.038557 0.000000 98.269127 -0.038557 0.999256 0.000000 -3.845836 0.000000 0.000000 1.000000 0.000000
0.998845 0.048042 0.000000 99.880405 -0.048042 0.998845 0.000000 -3.893902 0.000000 0.000000 1.000000 0.000000
0.998506 0.054634 0.000000 101.602074 -0.054634 0.998506 0.000000 -3.965251 0.000000 0.000000 1.000000 0.000000
0.998160 0.060638 0.000000 103.193929 -0.060638 0.998160 0.000000 -4.051415 0.000000 0.000000 1.000000 0.000000
0.997677 0.068121 0.000000 104.839625 -0.068121 0.997677 0.000000 -4.127315 0.000000 0.000000 1.000000 0.000000
0.997206 0.074697 0.000000 106.522977 -0.074697 0.997206 0.000000 -4.230252 0.000000 0.000000 1.000000 0.000000
0.996693 0.081260 0.000000 108.246842 -0.081260 0.996693 0.000000 -4.353158 0.000000 0.000000 1.000000 0.000000
0.996525 0.083294 0.000000 109.890266 -0.083294 0.996525 0.000000 -4.458258 0.000000 0.000000 1.000000 0.000000
0.996321 0.085705 0.000000 111.415386 -0.085705 0.996321 0.000000 -4.575242 0.000000 0.000000 1.000000 0.000000
0.995871 0.090783 0.000000 113.008366 -0.090783 0.995871 0.000000 -4.708460 0.000000 0.000000 1.000000 0.000000
0.995353 0.096291 0.000000 114.497397 -0.096291 0.995353 0.000000 -4.848371 0.000000 0.000000 1.000000 0.000000
0.994837 0.101486 0.000000 116.089488 -0.101486 0.994837 0.000000 -4.974934 0.000000 0.000000 1.000000 0.000000
0.994454 0.105172 0.000000 117.583370 -0.105172 0.994454 0.000000 -5.127258 0.000000 0.000000 1.000000 0.000000
0.994411 0.105579 0.000000 119.055472 -0.105579 0.994411 0.000000 -5.267984 0.000000 0.000000 1.000000 0.000000
0.994286 0.106753 0.000000 120.594951 -0.106753 0.994286 0.000000 -5.389676 0.000000 0.000000 1.000000 0.000000
0.994196 0.107588 0.000000 122.085722 -0.107588 0.994196 0.000000 -5.527764 0.000000 0.000000 1.000000 0.000000
0.994492 0.104811 0.000000 123.523732 -0.104811 0.994492 0.000000 -5.647305 0.000000 0.000000 1.000000 0.000000
0.995014 0.099739 0.000000 124.966880 -0.099739 0.995014 0.000000 -5.772359 0.000000 0.000000 1.000000 0.000000
0.995804 0.091510 0.000000 126.460691 -0.091510 0.995804 0.000000 -5.897857 0.000000 0.000000 1.000000 0.000000
0.996471 0.083941 0.000000 127.878957 -0.083941 0.996471 0.000000 -6.008102 0.000000 0.000000 1.000000 0.000000
0.997232 0.074354 0.000000 129.301404 -0.074354 0.997232 0.000000 -6.090689 0.000000 0.000000 1.000000 0.000000
0.997857 0.065426 0.000000 130.719417 -0.065426 0.997857 0.000000 -6.168970 0.000000 0.000000 1.000000 0.000000
0.998553 0.053778 0.000000 132.147941 -0.053778 0.998553 0.000000 -6.217436 0.000000 0.000000 1.000000 0.000000
0.999436 0.033576 0.000000 136.291515 -0.033576 0.999436 0.000000 -6.335645 0.000000 0.000000 1.000000 0.000000
0.999663 0.025951 0.000000 137.750934 -0.025951 0.999663 0.000000 -6.374630 0.000000 0.000000 1.000000 0.000000
0.999764 0.021703 0.000000 139.228907 -0.021703 0.999764 0.000000 -6.375261 0.000000 0.000000 1.000000 0.000000
0.999751 0.022293 0.000000 140.776552 -0.022293 0.999751 0.000000 -6.401960 0.000000 0.000000 1.000000 0.000000
0.999767 0.021578 0.000000 142.227021 -0.021578 0.999767 0.000000 -6.412614 0.000000 0.000000 1.000000 0.000000
0.999751 0.022304 0.000000 143.749912 -0.022304 0.999751 0.000000 -6.434396 0.000000 0.000000 1.000000 0.000000
0.999758 0.021979 0.000000 145.199845 -0.021979 0.999758 0.000000 -6.471491 0.000000 0.000000 1.000000 0.000000
0.999795 0.020261 0.000000 146.645099 -0.020261 0.999795 0.000000 -6.480986 0.000000 0.000000 1.000000 0.000000
0.999821 0.018932 0.000000 148.112748 -0.018932 0.999821 0.000000 -6.502985 0.000000 0.000000 1.000000 0.000000
0.999780 0.020983 0.000000 149.542453 -0.020983 0.999780 0.000000 -6.526449 0.000000 0.000000 1.000000 0.000000
0.999751 0.022323 0.000000 150.944219 -0.022323 0.999751 0.000000 -6.548159 0.000000 0.000000 1.000000 0.000000
0.999711 0.024035 0.000000 152.304293 -0.024035 0.999711 0.000000 -6.568038 0.000000 0.000000 1.000000 0.000000
0.999672 0.025630 0.000000 153.668611 -0.025630 0.999672 0.000000 -6.581908 0.000000 0.000000 1.000000 0.000000
0.999625 0.027367 0.000000 155.003107 -0.027367 0.999625 0.000000 -6.595221 0.000000 0.000000 1.000000 0.000000
0.999606 0.028083 0.000000 156.427527 -0.028083 0.999606 0.000000 -6.635129 0.000000 0.000000 1.000000 0.000000
0.999634 0.027049 0.000000 157.832528 -0.027049 0.999634 0.000000 -6.663306 0.000000 0.000000 1.000000 0.000000
0.999665 0.025890 0.000000 159.299105 -0.025890 0.999665 0.000000 -6.695133 0.000000 0.000000 1.000000 0.000000
0.999645 0.026629 0.000000 160.747453 -0.026629 0.999645 0.000000 -6.722548 0.000000 0.000000 1.000000 0.000000
0.999663 0.025954 0.000000 162.222613 -0.025954 0.999663 0.000000 -6.763528 0.000000 0.000000 1.000000 0.000000
0.999636 0.026968 0.000000 163.711959 -0.026968 0.999636 0.000000 -6.800431 0.000000 0.000000 1.000000 0.000000
0.999631 0.027165 0.000000 165.121291 -0.027165 0.999631 0.000000 -6.828279 0.000000 0.000000 1.000000 0.000000
0.999652 0.026380 0.000000 166.633858 -0.026380 0.999652 0.000000 -6.867566 0.000000 0.000000 1.000000 0.000000
0.999821 0.018933 0.000000 167.646839 -0.018933 0.999821 0.000000 -6.852005 0.000000 0.000000 1.000000 0.000000
0.999748 0.022468 0.000000 169.154571 -0.022468 0.999748 0.000000 -6.860781 0.000000 0.000000 1.000000 0.000000
0.999643 0.026713 0.000000 170.633838 -0.026713 0.999643 0.000000 -6.856498 0.000000 0.000000 1.000000 0.000000
0.999565 0.029483 0.000000 172.256766 -0.029483 0.999565 0.000000 -6.872602 0.000000 0.000000 1.000000 0.000000
0.999424 0.033947 0.000000 173.882811 -0.033947 0.999424 0.000000 -6.904268 0.000000 0.000000 1.000000 0.000000
0.999357 0.035867 0.000000 175.560099 -0.035867 0.999357 0.000000 -6.940656 0.000000 0.000000 1.000000 0.000000
0.999405 0.034485 0.000000 177.217188 -0.034485 0.999405 0.000000 -6.991186 0.000000 0.000000 1.000000 0.000000
0.999469 0.032572 0.000000 178.865210 -0.032572 0.999469 0.000000 -7.053228 0.000000 0.000000 1.000000 0.000000
0.999380 0.035199 0.000000 180.571191 -0.035199 0.999380 0.000000 -7.102317 0.000000 0.000000 1.000000 0.000000
0.999268 0.038262 0.000000 182.328388 -0.038262 0.999268 0.000000 -7.152745 0.000000 0.000000 1.000000 0.000000
0.999139 0.041496 0.000000 184.085417 -0.041496 0.999139 0.000000 -7.198031 0.000000 0.000000 1.000000 0.000000
0.999074 0.043031 0.000000 185.886415 -0.043031 0.999074 0.000000 -7.219173 0.000000 0.000000 1.000000 0.000000
0.999128 0.041756 0.000000 187.730286 -0.041756 0.999128 0.000000 -7.283602 0.000000 0.000000 1.000000 0.000000
0.999117 0.042003 0.000000 189.533988 -0.042003 0.999117 0.000000 -7.333453 0.000000 0.000000 1.000000 0.000000
0.999084 0.042784 0.000000 191.329875 -0.042784 0.999084 0.000000 -7.371043 0.000000 0.000000 1.000000 0.000000
0.999139 0.041484 0.000000 193.092198 -0.041484 0.999139 0.000000 -7.428083 0.000000 0.000000 1.000000 0.000000
0.999033 0.043968 0.000000 194.843308 -0.043968 0.999033 0.000000 -7.490762 0.000000 0.000000 1.000000 0.000000
0.998961 0.045568 0.000000 196.544315 -0.045568 0.998961 0.000000 -7.560173 0.000000 0.000000 1.000000 0.000000
0.998976 0.045246 0.000000 198.353264 -0.045246 0.998976 0.000000 -7.626040 0.000000 0.000000 1.000000 0.000000
0.998985 0.045052 0.000000 200.037240 -0.045052 0.998985 0.000000 -7.690890 0.000000 0.000000 1.000000 0.000000
0.998973 0.045317 0.000000 201.688970 -0.045317 0.998973 0.000000 -7.755487 0.000000 0.000000 1.000000 0.000000
0.998943 0.045956 0.000000 203.353943 -0.045956 0.998943 0.000000 -7.831004 0.000000 0.000000 1.000000 0.000000
0.998846 0.048029 0.000000 205.086708 -0.048029 0.998846 0.000000 -7.902210 0.000000 0.000000 1.000000 0.000000
0.998823 0.048508 0.000000 206.652935 -0.048508 0.998823 0.000000 -7.954317 0.000000 0.000000 1.000000 0.000000
0.998677 0.051425 0.000000 208.123653 -0.051425 0.998677 0.000000 -8.021933 0.000000 0.000000 1.000000 0.000000
0.998672 0.051523 0.000000 209.706899 -0.051523 0.998672 0.000000 -8.086273 0.000000 0.000000 1.000000 0.000000
0.998621 0.052491 0.000000 211.197634 -0.052491 0.998621 0.000000 -8.157799 0.000000 0.000000 1.000000 0.000000
0.998665 0.051652 0.000000 212.784325 -0.051652 0.998665 0.000000 -8.202660 0.000000 0.000000 1.000000 0.000000
0.998839 0.048182 0.000000 214.340045 -0.048182 0.998839 0.000000 -8.261962 0.000000 0.000000 1.000000 0.000000
0.999090 0.042654 0.000000 215.848481 -0.042654 0.999090 0.000000 -8.308845 0.000000 0.000000 1.000000 0.000000
0.999293 0.037607 0.000000 217.509916 -0.037607 0.999293 0.000000 -8.331793 0.000000 0.000000 1.000000 0.000000
0.999466 0.032671 0.000000 219.144972 -0.032671 0.999466 0.000000 -8.349657 0.000000 0.000000 1.000000 0.000000
0.999658 0.026153 0.000000 220.733860 -0.026153 0.999658 0.000000 -8.339732 0.000000 0.000000 1.000000 0.000000
0.999774 0.021255 0.000000 222.346859 -0.021255 0.999774 0.000000 -8.337066 0.000000 0.000000 1.000000 0.000000
0.999847 0.017503 0.000000 223.907943 -0.017503 0.999847 0.000000 -8.323127 0.000000 0.000000 1.000000 0.000000
0.999796 0.020176 0.000000 225.375426 -0.020176 0.999796 0.000000 -8.321491 0.000000 0.000000 1.000000 0.000000
0.999527 0.030752 0.000000 226.986925 -0.030752 0.999527 0.000000 -8.343934 0.000000 0.000000 1.000000 0.000000
0.998994 0.044841 0.000000 227.801465 -0.044841 0.998994 0.000000 -8.326900 0.000000 0.000000 1.000000 0.000000
0.998117 0.061334 0.000000 229.458716 -0.061334 0.998117 0.000000 -8.404113 0.000000 0.000000 1.000000 0.000000
0.996830 0.079561 0.000000 231.065505 -0.079561 0.996830 0.000000 -8.488709 0.000000 0.000000 1.000000 0.000000
0.995185 0.098012 0.000000 232.722365 -0.098012 0.995185 0.000000 -8.609909 0.000000 0.000000 1.000000 0.000000
0.993893 0.110346 0.000000 234.320954 -0.110346 0.993893 0.000000 -8.780260 0.000000 0.000000 1.000000 0.000000
0.992752 0.120178 0.000000 236.057112 -0.120178 0.992752 0.000000 -8.966809 0.000000 0.000000 1.000000 0.000000
0.992115 0.125331 0.000000 237.791292 -0.125331 0.992115 0.000000 -9.160919 0.000000 0.000000 1.000000 0.000000
0.991394 0.130911 0.000000 239.574955 -0.130911 0.991394 0.000000 -9.374391 0.000000 0.000000 1.000000 0.000000
0.990392 0.138290 0.000000 241.559128 -0.138290 0.990392 0.000000 -9.640655 0.000000 0.000000 1.000000 0.000000
0.989659 0.143438 0.000000 243.470799 -0.143438 0.989659 0.000000 -9.899219 0.000000 0.000000 1.000000 0.000000
0.988973 0.148095 0.000000 245.436363 -0.148095 0.988973 0.000000 -10.175386 0.000000 0.000000 1.000000 0.000000
0.988203 0.153149 0.000000 247.425802 -0.153149 0.988203 0.000000 -10.431053 0.000000 0.000000 1.000000 0.000000
0.987771 0.155913 0.000000 249.427729 -0.155913 0.987771 0.000000 -10.725366 0.000000 0.000000 1.000000 0.000000
0.987790 0.155789 0.000000 251.501199 -0.155789 0.987790 0.000000 -11.058536 0.000000 0.000000 1.000000 0.000000
0.987676 0.156510 0.000000 253.564565 -0.156510 0.987676 0.000000 -11.355989 0.000000 0.000000 1.000000 0.000000
0.987633 0.156781 0.000000 255.661142 -0.156781 0.987633 0.000000 -11.664580 0.000000 0.000000 1.000000 0.000000
0.987297 0.158886 0.000000 257.623727 -0.158886 0.987297 0.000000 -11.967510 0.000000 0.000000 1.000000 0.000000
0.987308 0.158820 0.000000 259.650132 -0.158820 0.987308 0.000000 -12.262289 0.000000 0.000000 1.000000 0.000000
0.986940 0.161087 0.000000 261.659405 -0.161087 0.986940 0.000000 -12.530821 0.000000 0.000000 1.000000 0.000000
0.987317 0.158764 0.000000 263.642669 -0.158764 0.987317 0.000000 -12.821229 0.000000 0.000000 1.000000 0.000000
0.987157 0.159753 0.000000 265.371228 -0.159753 0.987157 0.000000 -13.082603 0.000000 0.000000 1.000000 0.000000
0.987139 0.159867 0.000000 267.392720 -0.159867 0.987139 0.000000 -13.337116 0.000000 0.000000 1.000000 0.000000
0.987521 0.157485 0.000000 269.349980 -0.157485 0.987521 0.000000 -13.617311 0.000000 0.000000 1.000000 0.000000
0.987795 0.155762 0.000000 271.337800 -0.155762 0.987795 0.000000 -13.898584 0.000000 0.000000 1.000000 0.000000
0.988118 0.153695 0.000000 273.342114 -0.153695 0.988118 0.000000 -14.183876 0.000000 0.000000 1.000000 0.000000
0.988055 0.154101 0.000000 275.350669 -0.154101 0.988055 0.000000 -14.457281 0.000000 0.000000 1.000000 0.000000
0.987560 0.157240 0.000000 277.451234 -0.157240 0.987560 0.000000 -14.752404 0.000000 0.000000 1.000000 0.000000
0.987386 0.158334 0.000000 279.398749 -0.158334 0.987386 0.000000 -15.016297 0.000000 0.000000 1.000000 0.000000
0.987312 0.158790 0.000000 281.396913 -0.158790 0.987312 0.000000 -15.327503 0.000000 0.000000 1.000000 0.000000
0.986917 0.161227 0.000000 283.519532 -0.161227 0.986917 0.000000 -15.634533 0.000000 0.000000 1.000000 0.000000
0.986905 0.161304 0.000000 285.582411 -0.161304 0.986905 0.000000 -15.935876 0.000000 0.000000 1.000000 0.000000
0.987271 0.159047 0.000000 287.326661 -0.159047 0.987271 0.000000 -16.184820 0.000000 0.000000 1.000000 0.000000
0.987595 0.157020 0.000000 289.387295 -0.157020 0.987595 0.000000 -16.462785 0.000000 0.000000 1.000000 0.000000
0.987564 0.157215 0.000000 291.470741 -0.157215 0.987564 0.000000 -16.763585 0.000000 0.000000 1.000000 0.000000
0.987436 0.158017 0.000000 293.518292 -0.158017 0.987436 0.000000 -17.049863 0.000000 0.000000 1.000000 0.000000
0.987526 0.157458 0.000000 295.474364 -0.157458 0.987526 0.000000 -17.325591 0.000000 0.000000 1.000000 0.000000
0.987801 0.155722 0.000000 297.537683 -0.155722 0.987801 0.000000 -17.618618 0.000000 0.000000 1.000000 0.000000
0.987892 0.155144 0.000000 299.622418 -0.155144 0.987892 0.000000 -17.893834 0.000000 0.000000 1.000000 0.000000
0.988334 0.152304 0.000000 301.686673 -0.152304 0.988334 0.000000 -18.176611 0.000000 0.000000 1.000000 0.000000
0.988457 0.151504 0.000000 303.786219 -0.151504 0.988457 0.000000 -18.451630 0.000000 0.000000 1.000000 0.000000
0.988892 0.148633 0.000000 305.891256 -0.148633 0.988892 0.000000 -18.728346 0.000000 0.000000 1.000000 0.000000
0.989497 0.144554 0.000000 307.985467 -0.144554 0.989497 0.000000 -18.979012 0.000000 0.000000 1.000000 0.000000
0.990091 0.140430 0.000000 310.196990 -0.140430 0.990091 0.000000 -19.261544 0.000000 0.000000 1.000000 0.000000
0.990696 0.136094 0.000000 312.364071 -0.136094 0.990696 0.000000 -19.532118 0.000000 0.000000 1.000000 0.000000
0.991140 0.132824 0.000000 314.455439 -0.132824 0.991140 0.000000 -19.779949 0.000000 0.000000 1.000000 0.000000
0.991641 0.129026 0.000000 316.617052 -0.129026 0.991641 0.000000 -20.020817 0.000000 0.000000 1.000000 0.000000
0.992195 0.124694 0.000000 318.919750 -0.124694 0.992195 0.000000 -20.274641 0.000000 0.000000 1.000000 0.000000
0.992665 0.120895 0.000000 321.078980 -0.120895 0.992665 0.000000 -20.435027 0.000000 0.000000 1.000000 0.000000
0.993095 0.117310 0.000000 323.257381 -0.117310 0.993095 0.000000 -20.655114 0.000000 0.000000 1.000000 0.000000
0.993120 0.117097 0.000000 325.371854 -0.117097 0.993120 0.000000 -20.812533 0.000000 0.000000 1.000000 0.000000
0.992990 0.118200 0.000000 327.497286 -0.118200 0.992990 0.000000 -21.021424 0.000000 0.000000 1.000000 0.000000
0.993302 0.115551 0.000000 329.654741 -0.115551 0.993302 0.000000 -21.229533 0.000000 0.000000 1.000000 0.000000
0.993398 0.114721 0.000000 331.866710 -0.114721 0.993398 0.000000 -21.420823 0.000000 0.000000 1.000000 0.000000
0.993897 0.110308 0.000000 334.040746 -0.110308 0.993897 0.000000 -21.628581 0.000000 0.000000 1.000000 0.000000
0.993830 0.110914 0.000000 336.231338 -0.110914 0.993830 0.000000 -21.823376 0.000000 0.000000 1.000000 0.000000
0.994013 0.109265 0.000000 338.387815 -0.109265 0.994013 0.000000 -21.987579 0.000000 0.000000 1.000000 0.000000
0.993747 0.111657 0.000000 340.531242 -0.111657 0.993747 0.000000 -22.190058 0.000000 0.000000 1.000000 0.000000
0.994089 0.108565 0.000000 342.679162 -0.108565 0.994089 0.000000 -22.399560 0.000000 0.000000 1.000000 0.000000
0.994020 0.109198 0.000000 344.883969 -0.109198 0.994020 0.000000 -22.566654 0.000000 0.000000 1.000000 0.000000
0.993894 0.110343 0.000000 346.967141 -0.110343 0.993894 0.000000 -22.712127 0.000000 0.000000 1.000000 0.000000
0.993614 0.112831 0.000000 349.086098 -0.112831 0.993614 0.000000 -22.889482 0.000000 0.000000 1.000000 0.000000
0.994131 0.108184 0.000000 351.187524 -0.108184 0.994131 0.000000 -23.075076 0.000000 0.000000 1.000000 0.000000
0.994507 0.104669 0.000000 351.361524 -0.104669 0.994507 0.000000 -22.950806 0.000000 0.000000 1.000000 0.000000
0.995145 0.098418 0.000000 353.489250 -0.098418 0.995145 0.000000 -23.129647 0.000000 0.000000 1.000000 0.000000
0.995868 0.090812 0.000000 355.576853 -0.090812 0.995868 0.000000 -23.287464 0.000000 0.000000 1.000000 0.000000
0.996996 0.077453 0.000000 357.789523 -0.077453 0.996996 0.000000 -23.414401 0.000000 0.000000 1.000000 0.000000
0.997904 0.064716 0.000000 360.004791 -0.064716 0.997904 0.000000 -23.559162 0.000000 0.000000 1.000000 0.000000
0.998947 0.045873 0.000000 362.136555 -0.045873 0.998947 0.000000 -23.573349 0.000000 0.000000 1.000000 0.000000
0.999583 0.028882 0.000000 364.261759 -0.028882 0.999583 0.000000 -23.531221 0.000000 0.000000 1.000000 0.000000
0.999954 0.009559 0.000000 366.469966 -0.009559 0.999954 0.000000 -23.486200 0.000000 0.000000 1.000000 0.000000
0.999978 -0.006564 0.000000 368.659234 0.006564 0.999978 0.000000 -23.436450 0.000000 0.000000 1.000000 0.000000
0.999776 -0.021153 0.000000 370.815443 0.021153 0.999776 0.000000 -23.317522 0.000000 0.000000 1.000000 0.000000
0.999351 -0.036026 0.000000 372.984343 0.036026 0.999351 0.000000 -23.142766 0.000000 0.000000 1.000000 0.000000
0.999137 -0.041524 0.000000 375.143714 0.041524 0.999137 0.000000 -22.989580 0.000000 0.000000 1.000000 0.000000
0.998907 -0.046748 0.000000 377.334825 0.046748 0.998907 0.000000 -22.773785 0.000000 0.000000 1.000000 0.000000
0.998823 -0.048508 0.000000 379.467381 0.048508 0.998823 0.000000 -22.592152 0.000000 0.000000 1.000000 0.000000
0.999067 -0.043179 0.000000 381.688488 0.043179 0.999067 0.000000 -22.459748 0.000000 0.000000 1.000000 0.000000
0.999312 -0.037087 0.000000 383.854459 0.037087 0.999312 0.000000 -22.330614 0.000000 0.000000 1.000000 0.000000
0.999584 -0.028830 0.000000 386.061923 0.028830 0.999584 0.000000 -22.198508 0.000000 0.000000 1.000000 0.000000
0.999832 -0.018330 0.000000 388.263400 0.018330 0.999832 0.000000 -22.088996 0.000000 0.000000 1.000000 0.000000
0.999918 -0.012771 0.000000 390.342942 0.012771 0.999918 0.000000 -22.038553 0.000000 0.000000 1.000000 0.000000
0.999980 -0.006270 0.000000 392.547181 0.006270 0.999980 0.000000 -21.896102 0.000000 0.000000 1.000000 0.000000
0.999999 0.001295 0.000000 394.772170 -0.001295 0.999999 0.000000 -21.887522 0.000000 0.000000 1.000000 0.000000
0.999998 0.001997 0.000000 396.876470 -0.001997 0.999998 0.000000 -21.859529 0.000000 0.000000 1.000000 0.000000
0.999969 0.007877 0.000000 399.093351 -0.007877 0.999969 0.000000 -21.807423 0.000000 0.000000 1.000000 0.000000
0.999872 0.015970 0.000000 401.273190 -0.015970 0.999872 0.000000 -21.724734 0.000000 0.000000 1.000000 0.000000
0.999712 0.023996 0.000000 403.435019 -0.023996 0.999712 0.000000 -21.740033 0.000000 0.000000 1.000000 0.000000
0.999582 0.028922 0.000000 405.658847 -0.028922 0.999582 0.000000 -21.791335 0.000000 0.000000 1.000000 0.000000
0.999495 0.031776 0.000000 407.851911 -0.031776 0.999495 0.000000 -21.757466 0.000000 0.000000 1.000000 0.000000
0.999349 0.036070 0.000000 409.926173 -0.036070 0.999349 0.000000 -21.741711 0.000000 0.000000 1.000000 0.000000
0.999156 0.041076 0.000000 412.037863 -0.041076 0.999156 0.000000 -21.780627 0.000000 0.000000 1.000000 0.000000
0.998832 0.048324 0.000000 414.062506 -0.048324 0.998832 0.000000 -21.832504 0.000000 0.000000 1.000000 0.000000
0.998708 0.050820 0.000000 415.678963 -0.050820 0.998708 0.000000 -21.923423 0.000000 0.000000 1.000000 0.000000
0.998354 0.057361 0.000000 417.834050 -0.057361 0.998354 0.000000 -22.038158 0.000000 0.000000 1.000000 0.000000
0.998234 0.059412 0.000000 420.062254 -0.059412 0.998234 0.000000 -22.180093 0.000000 0.000000 1.000000 0.000000
