1.000000 -0.000003 0.000000 0.000084 0.000003 1.000000 0.000000 0.000004 0.000000 0.000000 1.000000 0.000000
1.000000 -0.000008 0.000000 0.000244 0.000008 1.000000 0.000000 0.000007 0.000000 0.000000 1.000000 0.000000
1.000000 -0.000012 0.000000 0.000269 0.000012 1.000000 0.000000 0.000011 0.000000 0.000000 1.000000 0.000000
1.000000 -0.000241 0.000000 0.013705 0.000241 1.000000 0.000000 0.000366 0.000000 0.000000 1.000000 0.000000
1.000000 -0.000248 0.000000 0.013886 0.000248 1.000000 0.000000 0.000370 0.000000 0.000000 1.000000 0.000000
1.000000 -0.000249 0.000000 0.013995 0.000249 1.000000 0.000000 0.000372 0.000000 0.000000 1.000000 0.000000
1.000000 -0.000253 0.000000 0.013931 0.000253 1.000000 0.000000 0.000374 0.000000 0.000000 1.000000 0.000000
1.000000 -0.000259 0.000000 0.014035 0.000259 1.000000 0.000000 0.000380 0.000000 0.000000 1.000000 0.000000
1.000000 -0.000264 0.000000 0.014172 0.000264 1.000000 0.000000 0.000381 0.000000 0.000000 1.000000 0.000000
1.000000 -0.000270 0.000000 0.014224 0.000270 1.000000 0.000000 0.000386 0.000000 0.000000 1.000000 0.000000
1.000000 -0.000274 0.000000 0.014370 0.000274 1.000000 0.000000 0.000392 0.000000 0.000000 1.000000 0.000000
1.000000 -0.000278 0.000000 0.014500 0.000278 1.000000 0.000000 0.000395 0.000000 0.000000 1.000000 0.000000
1.000000 -0.000281 0.000000 0.014593 0.000281 1.000000 0.000000 0.000398 0.000000 0.000000 1.000000 0.000000
1.000000 -0.000285 0.000000 0.014592 0.000285 1.000000 0.000000 0.000402 0.000000 0.000000 1.000000 0.000000
1.000000 -0.000288 0.000000 0.014724 0.000288 1.000000 0.000000 0.000405 0.000000 0.000000 1.000000 0.000000
1.000000 -0.000290 0.000000 0.014846 0.000290 1.000000 0.000000 0.000407 0.000000 0.000000 1.000000 0.000000
1.000000 -0.000292 0.000000 0.014799 0.000292 1.000000 0.000000 0.000412 0.000000 0.000000 1.000000 0.000000
1.000000 -0.000294 0.000000 0.014769 0.000294 1.000000 0.000000 0.000414 0.000000 0.000000 1.000000 0.000000
1.000000 -0.000297 0.000000 0.014781 0.000297 1.000000 0.000000 0.000417 0.000000 0.000000 1.000000 0.000000
1.000000 -0.000301 0.000000 0.014994 0.000301 1.000000 0.000000 0.000420 0.000000 0.000000 1.000000 0.000000
1.000000 -0.000303 0.000000 0.014967 0.000303 1.000000 0.000000 0.000422 0.000000 0.000000 1.000000 0.000000
1.000000 -0.000309 0.000000 0.015045 0.000309 1.000000 0.000000 0.000425 0.000000 0.000000 1.000000 0.000000
1.000000 -0.000315 0.000000 0.015038 0.000315 1.000000 0.000000 0.000429 0.000000 0.000000 1.000000 0.000000
1.000000 -0.000320 0.000000 0.015144 0.000320 1.000000 0.000000 0.000432 0.000000 0.000000 1.000000 0.000000
1.000000 -0.000324 0.000000 0.015284 0.000324 1.000000 0.000000 0.000437 0.000000 0.000000 1.000000 0.000000
1.000000 -0.000330 0.000000 0.015289 0.000330 1.000000 0.000000 0.000441 0.000000 0.000000 1.000000 0.000000
1.000000 -0.000337 0.000000 0.015431 0.000337 1.000000 0.000000 0.000451 0.000000 0.000000 1.000000 0.000000
1.000000 -0.000338 0.000000 0.015639 0.000338 1.000000 0.000000 0.000453 0.000000 0.000000 1.000000 0.000000
1.000000 -0.000343 0.000000 0.015738 0.000343 1.000000 0.000000 0.000456 0.000000 0.000000 1.000000 0.000000
1.000000 -0.000348 0.000000 0.015842 0.000348 1.000000 0.000000 0.000459 0.000000 0.000000 1.000000 0.000000
1.000000 -0.000351 0.000000 0.015937 0.000351 1.000000 0.000000 0.000461 0.000000 0.000000 1.000000 0.000000
1.000000 -0.000352 0.000000 0.016018 0.000352 1.000000 0.000000 0.000461 0.000000 0.000000 1.000000 0.000000
1.000000 -0.000355 0.000000 0.015979 0.000355 1.000000 0.000000 0.000461 0.000000 0.000000 1.000000 0.000000
1.000000 -0.000355 0.000000 0.015873 0.000355 1.000000 0.000000 0.000462 0.000000 0.000000 1.000000 0.000000
1.000000 -0.000360 0.000000 0.015944 0.000360 1.000000 0.000000 0.000465 0.000000 0.000000 1.000000 0.000000
1.000000 -0.000362 0.000000 0.016077 0.000362 1.000000 0.000000 0.000465 0.000000 0.000000 1.000000 0.000000
1.000000 -0.000362 0.000000 0.016138 0.000362 1.000000 0.000000 0.000468 0.000000 0.000000 1.000000 0.000000
1.000000 -0.000498 0.000000 0.028336 0.000498 1.000000 0.000000 0.000751 0.000000 0.000000 1.000000 0.000000
1.000000 -0.000498 0.000000 0.028382 0.000498 1.000000 0.000000 0.000753 0.000000 0.000000 1.000000 0.000000
1.000000 -0.000498 0.000000 0.028360 0.000498 1.000000 0.000000 0.000755 0.000000 0.000000 1.000000 0.000000
1.000000 -0.000499 0.000000 0.028479 0.000499 1.000000 0.000000 0.000759 0.000000 0.000000 1.000000 0.000000
1.000000 -0.000497 0.000000 0.028557 0.000497 1.000000 0.000000 0.000758 0.000000 0.000000 1.000000 0.000000
1.000000 -0.000799 0.000000 0.043984 0.000799 1.000000 0.000000 0.001248 0.000000 0.000000 1.000000 0.000000
1.000000 -0.000802 0.000000 0.044023 0.000802 1.000000 0.000000 0.001250 0.000000 0.000000 1.000000 0.000000
1.000000 -0.000805 0.000000 0.044160 0.000805 1.000000 0.000000 0.001252 0.000000 0.000000 1.000000 0.000000
1.000000 -0.000810 0.000000 0.044402 0.000810 1.000000 0.000000 0.001256 0.000000 0.000000 1.000000 0.000000
1.000000 -0.000813 0.000000 0.044447 0.000813 1.000000 0.000000 0.001261 0.000000 0.000000 1.000000 0.000000
1.000000 -0.000816 0.000000 0.044634 0.000816 1.000000 0.000000 0.001262 0.000000 0.000000 1.000000 0.000000
1.000000 -0.000818 0.000000 0.044706 0.000818 1.000000 0.000000 0.001266 0.000000 0.000000 1.000000 0.000000
1.000000 -0.000916 0.000000 0.056580 0.000916 1.000000 0.000000 0.001437 0.000000 0.000000 1.000000 0.000000
1.000000 -0.000921 0.000000 0.056741 0.000921 1.000000 0.000000 0.001440 0.000000 0.000000 1.000000 0.000000
1.000000 -0.000923 0.000000 0.056842 0.000923 1.000000 0.000000 0.001440 0.000000 0.000000 1.000000 0.000000
1.000000 -0.000924 0.000000 0.056947 0.000924 1.000000 0.000000 0.001442 0.000000 0.000000 1.000000 0.000000
1.000000 -0.000927 0.000000 0.057113 0.000927 1.000000 0.000000 0.001445 0.000000 0.000000 1.000000 0.000000
1.000000 -0.000928 0.000000 0.057205 0.000928 1.000000 0.000000 0.001446 0.000000 0.000000 1.000000 0.000000
1.000000 -0.000931 0.000000 0.057371 0.000931 1.000000 0.000000 0.001450 0.000000 0.000000 1.000000 0.000000
1.000000 -0.000933 0.000000 0.057551 0.000933 1.000000 0.000000 0.001454 0.000000 0.000000 1.000000 0.000000
1.000000 -0.000936 0.000000 0.057542 0.000936 1.000000 0.000000 0.001458 0.000000 0.000000 1.000000 0.000000
1.000000 -0.000938 0.000000 0.057599 0.000938 1.000000 0.000000 0.001462 0.000000 0.000000 1.000000 0.000000
1.000000 -0.000939 0.000000 0.057657 0.000939 1.000000 0.000000 0.001463 0.000000 0.000000 1.000000 0.000000
1.000000 -0.000942 0.000000 0.057705 0.000942 1.000000 0.000000 0.001466 0.000000 0.000000 1.000000 0.000000
1.000000 -0.000944 0.000000 0.057856 0.000944 1.000000 0.000000 0.001469 0.000000 0.000000 1.000000 0.000000
1.000000 -0.000948 0.000000 0.057985 0.000948 1.000000 0.000000 0.001471 0.000000 0.000000 1.000000 0.000000
1.000000 -0.000951 0.000000 0.058093 0.000951 1.000000 0.000000 0.001474 0.000000 0.000000 1.000000 0.000000
1.000000 -0.000954 0.000000 0.058224 0.000954 1.000000 0.000000 0.001478 0.000000 0.000000 1.000000 0.000000
1.000000 -0.000959 0.000000 0.058243 0.000959 1.000000 0.000000 0.001480 0.000000 0.000000 1.000000 0.000000
1.000000 -0.000965 0.000000 0.058358 0.000965 1.000000 0.000000 0.001484 0.000000 0.000000 1.000000 0.000000
1.000000 -0.000969 0.000000 0.058395 0.000969 1.000000 0.000000 0.001484 0.000000 0.000000 1.000000 0.000000
0.999999 -0.001154 0.000000 0.071202 0.001154 0.999999 0.000000 0.001825 0.000000 0.000000 1.000000 0.000000
0.999999 -0.001155 0.000000 0.071277 0.001155 0.999999 0.000000 0.001827 0.000000 0.000000 1.000000 0.000000
0.999999 -0.001158 0.000000 0.071496 0.001158 0.999999 0.000000 0.001831 0.000000 0.000000 1.000000 0.000000
0.999999 -0.001164 0.000000 0.071587 0.001164 0.999999 0.000000 0.001830 0.000000 0.000000 1.000000 0.000000
0.999999 -0.001164 0.000000 0.071692 0.001164 0.999999 0.000000 0.001830 0.000000 0.000000 1.000000 0.000000
0.999999 -0.001166 0.000000 0.071837 0.001166 0.999999 0.000000 0.001830 0.000000 0.000000 1.000000 0.000000
0.999999 -0.001172 0.000000 0.072033 0.001172 0.999999 0.000000 0.001834 0.000000 0.000000 1.000000 0.000000
0.999999 -0.001174 0.000000 0.072223 0.001174 0.999999 0.000000 0.001836 0.000000 0.000000 1.000000 0.000000
0.999999 -0.001173 0.000000 0.072266 0.001173 0.999999 0.000000 0.001841 0.000000 0.000000 1.000000 0.000000
0.999999 -0.001177 0.000000 0.072440 0.001177 0.999999 0.000000 0.001843 0.000000 0.000000 1.000000 0.000000
0.999999 -0.001178 0.000000 0.072521 0.001178 0.999999 0.000000 0.001845 0.000000 0.000000 1.000000 0.000000
0.999999 -0.001179 0.000000 0.072639 0.001179 0.999999 0.000000 0.001847 0.000000 0.000000 1.000000 0.000000
0.999999 -0.001181 0.000000 0.072765 0.001181 0.999999 0.000000 0.001845 0.000000 0.000000 1.000000 0.000000
0.999999 -0.001179 0.000000 0.072798 0.001179 0.999999 0.000000 0.001847 0.000000 0.000000 1.000000 0.000000
0.999999 -0.001181 0.000000 0.072930 0.001181 0.999999 0.000000 0.001851 0.000000 0.000000 1.000000 0.000000
0.999999 -0.001185 0.000000 0.073112 0.001185 0.999999 0.000000 0.001851 0.000000 0.000000 1.000000 0.000000
0.999999 -0.001185 0.000000 0.073205 0.001185 0.999999 0.000000 0.001851 0.000000 0.000000 1.000000 0.000000
0.999999 -0.001190 0.000000 0.073377 0.001190 0.999999 0.000000 0.001852 0.000000 0.000000 1.000000 0.000000
0.999999 -0.001191 0.000000 0.073479 0.001191 0.999999 0.000000 0.001851 0.000000 0.000000 1.000000 0.000000
0.999999 -0.001193 0.000000 0.073616 0.001193 0.999999 0.000000 0.001854 0.000000 0.000000 1.000000 0.000000
0.999999 -0.001197 0.000000 0.073820 0.001197 0.999999 0.000000 0.001849 0.000000 0.000000 1.000000 0.000000
0.999999 -0.001198 0.000000 0.073914 0.001198 0.999999 0.000000 0.001847 0.000000 0.000000 1.000000 0.000000
0.999999 -0.001201 0.000000 0.074036 0.001201 0.999999 0.000000 0.001847 0.000000 0.000000 1.000000 0.000000
0.999999 -0.001202 0.000000 0.074144 0.001202 0.999999 0.000000 0.001853 0.000000 0.000000 1.000000 0.000000
0.999999 -0.001205 0.000000 0.074224 0.001205 0.999999 0.000000 0.001850 0.000000 0.000000 1.000000 0.000000
0.999999 -0.001207 0.000000 0.074236 0.001207 0.999999 0.000000 0.001849 0.000000 0.000000 1.000000 0.000000
0.999999 -0.001207 0.000000 0.074403 0.001207 0.999999 0.000000 0.001854 0.000000 0.000000 1.000000 0.000000
0.999999 -0.001208 0.000000 0.074486 0.001208 0.999999 0.000000 0.001860 0.000000 0.000000 1.000000 0.000000
0.999999 -0.001211 0.000000 0.074622 0.001211 0.999999 0.000000 0.001860 0.000000 0.000000 1.000000 0.000000
0.999999 -0.001213 0.000000 0.074673 0.001213 0.999999 0.000000 0.001864 0.000000 0.000000 1.000000 0.000000
0.999999 -0.001214 0.000000 0.074754 0.001214 0.999999 0.000000 0.001866 0.000000 0.000000 1.000000 0.000000
0.999999 -0.001216 0.000000 0.074948 0.001216 0.999999 0.000000 0.001867 0.000000 0.000000 1.000000 0.000000
0.999999 -0.001218 0.000000 0.075033 0.001218 0.999999 0.000000 0.001870 0.000000 0.000000 1.000000 0.000000
0.999999 -0.001221 0.000000 0.075116 0.001221 0.999999 0.000000 0.001871 0.000000 0.000000 1.000000 0.000000
0.999999 -0.001225 0.000000 0.075260 0.001225 0.999999 0.000000 0.001876 0.000000 0.000000 1.000000 0.000000
0.999999 -0.001479 0.000000 0.088596 0.001479 0.999999 0.000000 0.002370 0.000000 0.000000 1.000000 0.000000
0.999999 -0.001483 0.000000 0.088785 0.001483 0.999999 0.000000 0.002376 0.000000 0.000000 1.000000 0.000000
0.999999 -0.001486 0.000000 0.088924 0.001486 0.999999 0.000000 0.002380 0.000000 0.000000 1.000000 0.000000
0.999999 -0.001490 0.000000 0.089138 0.001490 0.999999 0.000000 0.002383 0.000000 0.000000 1.000000 0.000000
0.999999 -0.001493 0.000000 0.089362 0.001493 0.999999 0.000000 0.002389 0.000000 0.000000 1.000000 0.000000
0.999999 -0.001495 0.000000 0.089565 0.001495 0.999999 0.000000 0.002390 0.000000 0.000000 1.000000 0.000000
0.999999 -0.001703 0.000000 0.102714 0.001703 0.999999 0.000000 0.002906 0.000000 0.000000 1.000000 0.000000
0.999999 -0.001707 0.000000 0.102793 0.001707 0.999999 0.000000 0.002911 0.000000 0.000000 1.000000 0.000000
0.999999 -0.001709 0.000000 0.102923 0.001709 0.999999 0.000000 0.002913 0.000000 0.000000 1.000000 0.000000
0.999999 -0.001711 0.000000 0.103069 0.001711 0.999999 0.000000 0.002914 0.000000 0.000000 1.000000 0.000000
0.999999 -0.001715 0.000000 0.103105 0.001715 0.999999 0.000000 0.002916 0.000000 0.000000 1.000000 0.000000
0.999999 -0.001714 0.000000 0.103232 0.001714 0.999999 0.000000 0.002918 0.000000 0.000000 1.000000 0.000000
0.999999 -0.001717 0.000000 0.103375 0.001717 0.999999 0.000000 0.002919 0.000000 0.000000 1.000000 0.000000
0.999999 -0.001720 0.000000 0.103472 0.001720 0.999999 0.000000 0.002920 0.000000 0.000000 1.000000 0.000000
0.999999 -0.001722 0.000000 0.103633 0.001722 0.999999 0.000000 0.002922 0.000000 0.000000 1.000000 0.000000
0.999999 -0.001723 0.000000 0.103816 0.001723 0.999999 0.000000 0.002925 0.000000 0.000000 1.000000 0.000000
0.999999 -0.001721 0.000000 0.103945 0.001721 0.999999 0.000000 0.002927 0.000000 0.000000 1.000000 0.000000
0.999999 -0.001723 0.000000 0.104072 0.001723 0.999999 0.000000 0.002929 0.000000 0.000000 1.000000 0.000000
0.999999 -0.001723 0.000000 0.104083 0.001723 0.999999 0.000000 0.002932 0.000000 0.000000 1.000000 0.000000
0.999999 -0.001723 0.000000 0.104015 0.001723 0.999999 0.000000 0.002934 0.000000 0.000000 1.000000 0.000000
0.999999 -0.001725 0.000000 0.104111 0.001725 0.999999 0.000000 0.002938 0.000000 0.000000 1.000000 0.000000
0.999999 -0.001727 0.000000 0.104191 0.001727 0.999999 0.000000 0.002940 0.000000 0.000000 1.000000 0.000000
0.999999 -0.001728 0.000000 0.104266 0.001728 0.999999 0.000000 0.002942 0.000000 0.000000 1.000000 0.000000
0.999999 -0.001730 0.000000 0.104328 0.001730 0.999999 0.000000 0.002945 0.000000 0.000000 1.000000 0.000000
0.999998 -0.001733 0.000000 0.104368 0.001733 0.999998 0.000000 0.002946 0.000000 0.000000 1.000000 0.000000
0.999998 -0.001735 0.000000 0.104430 0.001735 0.999998 0.000000 0.002949 0.000000 0.000000 1.000000 0.000000
0.999998 -0.001738 0.000000 0.104490 0.001738 0.999998 0.000000 0.002951 0.000000 0.000000 1.000000 0.000000
0.999998 -0.001744 0.000000 0.104541 0.001744 0.999998 0.000000 0.002952 0.000000 0.000000 1.000000 0.000000
0.999998 -0.001750 0.000000 0.104599 0.001750 0.999998 0.000000 0.002951 0.000000 0.000000 1.000000 0.000000
0.999998 -0.001752 0.000000 0.104652 0.001752 0.999998 0.000000 0.002952 0.000000 0.000000 1.000000 0.000000
0.999998 -0.001755 0.000000 0.104604 0.001755 0.999998 0.000000 0.002951 0.000000 0.000000 1.000000 0.000000
0.999998 -0.001759 0.000000 0.104624 0.001759 0.999998 0.000000 0.002949 0.000000 0.000000 1.000000 0.000000
0.999998 -0.001764 0.000000 0.104741 0.001764 0.999998 0.000000 0.002948 0.000000 0.000000 1.000000 0.000000
0.999998 -0.001767 0.000000 0.104779 0.001767 0.999998 0.000000 0.002949 0.000000 0.000000 1.000000 0.000000
0.999998 -0.001771 0.000000 0.104720 0.001771 0.999998 0.000000 0.002948 0.000000 0.000000 1.000000 0.000000
0.999998 -0.001773 0.000000 0.104815 0.001773 0.999998 0.000000 0.002950 0.000000 0.000000 1.000000 0.000000
0.999998 -0.001770 0.000000 0.104614 0.001770 0.999998 0.000000 0.002951 0.000000 0.000000 1.000000 0.000000
0.999998 -0.001746 0.000000 0.103600 0.001746 0.999998 0.000000 0.002965 0.000000 0.000000 1.000000 0.000000
0.999998 -0.001736 0.000000 0.103391 0.001736 0.999998 0.000000 0.002974 0.000000 0.000000 1.000000 0.000000
0.999999 -0.001369 0.000000 0.091129 0.001369 0.999999 0.000000 0.003105 0.000000 0.000000 1.000000 0.000000
1.000000 -0.000713 0.000000 0.072369 0.000713 1.000000 0.000000 0.002500 0.000000 0.000000 1.000000 0.000000
1.000000 -0.000710 0.000000 0.072231 0.000710 1.000000 0.000000 0.002508 0.000000 0.000000 1.000000 0.000000
1.000000 -0.000281 0.000000 0.062681 0.000281 1.000000 0.000000 0.002386 0.000000 0.000000 1.000000 0.000000
1.000000 -0.000283 0.000000 0.062644 0.000283 1.000000 0.000000 0.002400 0.000000 0.000000 1.000000 0.000000
1.000000 -0.000286 0.000000 0.062629 0.000286 1.000000 0.000000 0.002406 0.000000 0.000000 1.000000 0.000000
1.000000 -0.000285 0.000000 0.062634 0.000285 1.000000 0.000000 0.002407 0.000000 0.000000 1.000000 0.000000
1.000000 -0.000288 0.000000 0.062526 0.000288 1.000000 0.000000 0.002410 0.000000 0.000000 1.000000 0.000000
1.000000 -0.000291 0.000000 0.062370 0.000291 1.000000 0.000000 0.002412 0.000000 0.000000 1.000000 0.000000
1.000000 -0.000292 0.000000 0.062251 0.000292 1.000000 0.000000 0.002415 0.000000 0.000000 1.000000 0.000000
1.000000 -0.000294 0.000000 0.062279 0.000294 1.000000 0.000000 0.002417 0.000000 0.000000 1.000000 0.000000
1.000000 -0.000294 0.000000 0.062244 0.000294 1.000000 0.000000 0.002419 0.000000 0.000000 1.000000 0.000000
1.000000 -0.000294 0.000000 0.062220 0.000294 1.000000 0.000000 0.002421 0.000000 0.000000 1.000000 0.000000
1.000000 -0.000293 0.000000 0.062033 0.000293 1.000000 0.000000 0.002424 0.000000 0.000000 1.000000 0.000000
1.000000 -0.000198 0.000000 0.056864 0.000198 1.000000 0.000000 0.002385 0.000000 0.000000 1.000000 0.000000
1.000000 -0.000194 0.000000 0.056833 0.000194 1.000000 0.000000 0.002390 0.000000 0.000000 1.000000 0.000000
1.000000 -0.000198 0.000000 0.056822 0.000198 1.000000 0.000000 0.002392 0.000000 0.000000 1.000000 0.000000
1.000000 -0.000198 0.000000 0.056864 0.000198 1.000000 0.000000 0.002392 0.000000 0.000000 1.000000 0.000000
1.000000 -0.000200 0.000000 0.056942 0.000200 1.000000 0.000000 0.002392 0.000000 0.000000 1.000000 0.000000
1.000000 -0.000200 0.000000 0.057099 0.000200 1.000000 0.000000 0.002394 0.000000 0.000000 1.000000 0.000000
1.000000 -0.000202 0.000000 0.057232 0.000202 1.000000 0.000000 0.002396 0.000000 0.000000 1.000000 0.000000
1.000000 -0.000205 0.000000 0.057346 0.000205 1.000000 0.000000 0.002397 0.000000 0.000000 1.000000 0.000000
1.000000 -0.000208 0.000000 0.057466 0.000208 1.000000 0.000000 0.002399 0.000000 0.000000 1.000000 0.000000
1.000000 -0.000213 0.000000 0.057526 0.000213 1.000000 0.000000 0.002402 0.000000 0.000000 1.000000 0.000000
1.000000 -0.000214 0.000000 0.057710 0.000214 1.000000 0.000000 0.002403 0.000000 0.000000 1.000000 0.000000
1.000000 -0.000218 0.000000 0.057846 0.000218 1.000000 0.000000 0.002406 0.000000 0.000000 1.000000 0.000000
1.000000 -0.000220 0.000000 0.057933 0.000220 1.000000 0.000000 0.002408 0.000000 0.000000 1.000000 0.000000
1.000000 -0.000221 0.000000 0.058076 0.000221 1.000000 0.000000 0.002410 0.000000 0.000000 1.000000 0.000000
1.000000 -0.000222 0.000000 0.058264 0.000222 1.000000 0.000000 0.002414 0.000000 0.000000 1.000000 0.000000
1.000000 -0.000224 0.000000 0.058415 0.000224 1.000000 0.000000 0.002419 0.000000 0.000000 1.000000 0.000000
1.000000 -0.000225 0.000000 0.058602 0.000225 1.000000 0.000000 0.002423 0.000000 0.000000 1.000000 0.000000
1.000000 -0.000228 0.000000 0.058784 0.000228 1.000000 0.000000 0.002426 0.000000 0.000000 1.000000 0.000000
1.000000 -0.000230 0.000000 0.058905 0.000230 1.000000 0.000000 0.002430 0.000000 0.000000 1.000000 0.000000
1.000000 -0.000232 0.000000 0.059120 0.000232 1.000000 0.000000 0.002434 0.000000 0.000000 1.000000 0.000000
1.000000 -0.000232 0.000000 0.059307 0.000232 1.000000 0.000000 0.002439 0.000000 0.000000 1.000000 0.000000
1.000000 -0.000233 0.000000 0.059388 0.000233 1.000000 0.000000 0.002442 0.000000 0.000000 1.000000 0.000000
1.000000 -0.000235 0.000000 0.059522 0.000235 1.000000 0.000000 0.002445 0.000000 0.000000 1.000000 0.000000
1.000000 -0.000235 0.000000 0.059685 0.000235 1.000000 0.000000 0.002448 0.000000 0.000000 1.000000 0.000000
1.000000 -0.000236 0.000000 0.059837 0.000236 1.000000 0.000000 0.002451 0.000000 0.000000 1.000000 0.000000
1.000000 -0.000238 0.000000 0.059921 0.000238 1.000000 0.000000 0.002456 0.000000 0.000000 1.000000 0.000000
1.000000 -0.000238 0.000000 0.060106 0.000238 1.000000 0.000000 0.002458 0.000000 0.000000 1.000000 0.000000
1.000000 -0.000238 0.000000 0.060231 0.000238 1.000000 0.000000 0.002461 0.000000 0.000000 1.000000 0.000000
1.000000 -0.000240 0.000000 0.060434 0.000240 1.000000 0.000000 0.002463 0.000000 0.000000 1.000000 0.000000
1.000000 -0.000242 0.000000 0.060545 0.000242 1.000000 0.000000 0.002466 0.000000 0.000000 1.000000 0.000000
1.000000 -0.000244 0.000000 0.060632 0.000244 1.000000 0.000000 0.002468 0.000000 0.000000 1.000000 0.000000
1.000000 -0.000246 0.000000 0.060769 0.000246 1.000000 0.000000 0.002470 0.000000 0.000000 1.000000 0.000000
1.000000 -0.000248 0.000000 0.060853 0.000248 1.000000 0.000000 0.002473 0.000000 0.000000 1.000000 0.000000
1.000000 -0.000250 0.000000 0.060976 0.000250 1.000000 0.000000 0.002473 0.000000 0.000000 1.000000 0.000000
1.000000 -0.000250 0.000000 0.061206 0.000250 1.000000 0.000000 0.002475 0.000000 0.000000 1.000000 0.000000
1.000000 -0.000253 0.000000 0.061288 0.000253 1.000000 0.000000 0.002476 0.000000 0.000000 1.000000 0.000000
1.000000 -0.000258 0.000000 0.061366 0.000258 1.000000 0.000000 0.002478 0.000000 0.000000 1.000000 0.000000
1.000000 -0.000259 0.000000 0.061611 0.000259 1.000000 0.000000 0.002481 0.000000 0.000000 1.000000 0.000000
1.000000 -0.000264 0.000000 0.061721 0.000264 1.000000 0.000000 0.002485 0.000000 0.000000 1.000000 0.000000
1.000000 -0.000169 0.000000 0.072943 0.000169 1.000000 0.000000 0.002482 0.000000 0.000000 1.000000 0.000000
1.000000 -0.000170 0.000000 0.073169 0.000170 1.000000 0.000000 0.002482 0.000000 0.000000 1.000000 0.000000
1.000000 -0.000169 0.000000 0.073328 0.000169 1.000000 0.000000 0.002484 0.000000 0.000000 1.000000 0.000000
1.000000 -0.000170 0.000000 0.073547 0.000170 1.000000 0.000000 0.002485 0.000000 0.000000 1.000000 0.000000
1.000000 -0.000172 0.000000 0.073758 0.000172 1.000000 0.000000 0.002485 0.000000 0.000000 1.000000 0.000000
1.000000 -0.000175 0.000000 0.073821 0.000175 1.000000 0.000000 0.002484 0.000000 0.000000 1.000000 0.000000
1.000000 -0.000179 0.000000 0.073873 0.000179 1.000000 0.000000 0.002485 0.000000 0.000000 1.000000 0.000000
1.000000 -0.000125 0.000000 0.085086 0.000125 1.000000 0.000000 0.002522 0.000000 0.000000 1.000000 0.000000
1.000000 -0.000126 0.000000 0.085145 0.000126 1.000000 0.000000 0.002521 0.000000 0.000000 1.000000 0.000000
1.000000 -0.000126 0.000000 0.085238 0.000126 1.000000 0.000000 0.002523 0.000000 0.000000 1.000000 0.000000
1.000000 -0.000127 0.000000 0.085418 0.000127 1.000000 0.000000 0.002528 0.000000 0.000000 1.000000 0.000000
1.000000 -0.000293 0.000000 0.099124 0.000293 1.000000 0.000000 0.002779 0.000000 0.000000 1.000000 0.000000
1.000000 -0.000293 0.000000 0.099337 0.000293 1.000000 0.000000 0.002783 0.000000 0.000000 1.000000 0.000000
1.000000 -0.000298 0.000000 0.099456 0.000298 1.000000 0.000000 0.002784 0.000000 0.000000 1.000000 0.000000
1.000000 -0.000585 0.000000 0.113877 0.000585 1.000000 0.000000 0.003147 0.000000 0.000000 1.000000 0.000000
1.000000 -0.000817 0.000000 0.129081 0.000817 1.000000 0.000000 0.003675 0.000000 0.000000 1.000000 0.000000
1.000000 -0.000822 0.000000 0.129237 0.000822 1.000000 0.000000 0.003681 0.000000 0.000000 1.000000 0.000000
1.000000 -0.000822 0.000000 0.129351 0.000822 1.000000 0.000000 0.003685 0.000000 0.000000 1.000000 0.000000
1.000000 -0.000831 0.000000 0.129477 0.000831 1.000000 0.000000 0.003687 0.000000 0.000000 1.000000 0.000000
1.000000 -0.000837 0.000000 0.129712 0.000837 1.000000 0.000000 0.003685 0.000000 0.000000 1.000000 0.000000
1.000000 -0.000847 0.000000 0.129927 0.000847 1.000000 0.000000 0.003682 0.000000 0.000000 1.000000 0.000000
1.000000 -0.000855 0.000000 0.130044 0.000855 1.000000 0.000000 0.003675 0.000000 0.000000 1.000000 0.000000
1.000000 -0.000858 0.000000 0.130238 0.000858 1.000000 0.000000 0.003676 0.000000 0.000000 1.000000 0.000000
0.999999 -0.001156 0.000000 0.142972 0.001156 0.999999 0.000000 0.004125 0.000000 0.000000 1.000000 0.000000
0.999999 -0.001413 0.000000 0.157653 0.001413 0.999999 0.000000 0.004270 0.000000 0.000000 1.000000 0.000000
0.999999 -0.001417 0.000000 0.157871 0.001417 0.999999 0.000000 0.004269 0.000000 0.000000 1.000000 0.000000
0.999999 -0.001421 0.000000 0.157975 0.001421 0.999999 0.000000 0.004273 0.000000 0.000000 1.000000 0.000000
0.999999 -0.001423 0.000000 0.158213 0.001423 0.999999 0.000000 0.004276 0.000000 0.000000 1.000000 0.000000
0.999999 -0.001521 0.000000 0.171706 0.001521 0.999999 0.000000 0.004489 0.000000 0.000000 1.000000 0.000000
0.999999 -0.001525 0.000000 0.171928 0.001525 0.999999 0.000000 0.004487 0.000000 0.000000 1.000000 0.000000
0.999999 -0.001527 0.000000 0.172034 0.001527 0.999999 0.000000 0.004490 0.000000 0.000000 1.000000 0.000000
0.999998 -0.001777 0.000000 0.187723 0.001777 0.999998 0.000000 0.005193 0.000000 0.000000 1.000000 0.000000
0.999998 -0.002000 0.000000 0.201986 0.002000 0.999998 0.000000 0.005654 0.000000 0.000000 1.000000 0.000000
0.999998 -0.002008 0.000000 0.202183 0.002008 0.999998 0.000000 0.005650 0.000000 0.000000 1.000000 0.000000
0.999998 -0.002010 0.000000 0.202399 0.002010 0.999998 0.000000 0.005659 0.000000 0.000000 1.000000 0.000000
0.999998 -0.002013 0.000000 0.202482 0.002013 0.999998 0.000000 0.005659 0.000000 0.000000 1.000000 0.000000
0.999998 -0.002013 0.000000 0.202498 0.002013 0.999998 0.000000 0.005659 0.000000 0.000000 1.000000 0.000000
0.999998 -0.002015 0.000000 0.202652 0.002015 0.999998 0.000000 0.005662 0.000000 0.000000 1.000000 0.000000
0.999998 -0.002011 0.000000 0.202712 0.002011 0.999998 0.000000 0.005661 0.000000 0.000000 1.000000 0.000000
0.999998 -0.002001 0.000000 0.202550 0.002001 0.999998 0.000000 0.005651 0.000000 0.000000 1.000000 0.000000
0.999999 -0.001585 0.000000 0.199969 0.001585 0.999999 0.000000 0.005284 0.000000 0.000000 1.000000 0.000000
0.999999 -0.001581 0.000000 0.200143 0.001581 0.999999 0.000000 0.005262 0.000000 0.000000 1.000000 0.000000
0.999999 -0.001384 0.000000 0.207129 0.001384 0.999999 0.000000 0.005285 0.000000 0.000000 1.000000 0.000000
0.999999 -0.001389 0.000000 0.207309 0.001389 0.999999 0.000000 0.005271 0.000000 0.000000 1.000000 0.000000
0.999999 -0.001593 0.000000 0.220380 0.001593 0.999999 0.000000 0.005197 0.000000 0.000000 1.000000 0.000000
0.999998 -0.001741 0.000000 0.232880 0.001741 0.999998 0.000000 0.005039 0.000000 0.000000 1.000000 0.000000
0.999998 -0.002010 0.000000 0.244313 0.002010 0.999998 0.000000 0.005036 0.000000 0.000000 1.000000 0.000000
0.999997 -0.002348 0.000000 0.258144 0.002348 0.999997 0.000000 0.005088 0.000000 0.000000 1.000000 0.000000
0.999997 -0.002576 0.000000 0.271155 0.002576 0.999997 0.000000 0.005296 0.000000 0.000000 1.000000 0.000000
0.999996 -0.002722 0.000000 0.281448 0.002722 0.999996 0.000000 0.005204 0.000000 0.000000 1.000000 0.000000
0.999996 -0.002727 0.000000 0.281571 0.002727 0.999996 0.000000 0.005194 0.000000 0.000000 1.000000 0.000000
0.999996 -0.002734 0.000000 0.281647 0.002734 0.999996 0.000000 0.005175 0.000000 0.000000 1.000000 0.000000
0.999996 -0.002948 0.000000 0.293724 0.002948 0.999996 0.000000 0.005027 0.000000 0.000000 1.000000 0.000000
0.999996 -0.002954 0.000000 0.293903 0.002954 0.999996 0.000000 0.005019 0.000000 0.000000 1.000000 0.000000
0.999996 -0.002952 0.000000 0.293994 0.002952 0.999996 0.000000 0.005017 0.000000 0.000000 1.000000 0.000000
0.999996 -0.002959 0.000000 0.294076 0.002959 0.999996 0.000000 0.005010 0.000000 0.000000 1.000000 0.000000
0.999996 -0.002968 0.000000 0.294194 0.002968 0.999996 0.000000 0.005004 0.000000 0.000000 1.000000 0.000000
0.999994 -0.003344 0.000000 0.305253 0.003344 0.999994 0.000000 0.005159 0.000000 0.000000 1.000000 0.000000
0.999993 -0.003642 0.000000 0.315789 0.003642 0.999993 0.000000 0.005167 0.000000 0.000000 1.000000 0.000000
0.999993 -0.003646 0.000000 0.315831 0.003646 0.999993 0.000000 0.005166 0.000000 0.000000 1.000000 0.000000
0.999993 -0.003648 0.000000 0.316006 0.003648 0.999993 0.000000 0.005167 0.000000 0.000000 1.000000 0.000000
0.999993 -0.003654 0.000000 0.316113 0.003654 0.999993 0.000000 0.005163 0.000000 0.000000 1.000000 0.000000
0.999993 -0.003656 0.000000 0.316256 0.003656 0.999993 0.000000 0.005164 0.000000 0.000000 1.000000 0.000000
0.999993 -0.003651 0.000000 0.316426 0.003651 0.999993 0.000000 0.005162 0.000000 0.000000 1.000000 0.000000
0.999996 -0.002713 0.000000 0.345786 0.002713 0.999996 0.000000 0.006016 0.000000 0.000000 1.000000 0.000000
0.999998 -0.001769 0.000000 0.374057 0.001769 0.999998 0.000000 0.006274 0.000000 0.000000 1.000000 0.000000
1.000000 -0.000019 0.000000 0.366071 0.000019 1.000000 0.000000 0.009296 0.000000 0.000000 1.000000 0.000000
0.999992 0.003908 0.000000 0.345166 -0.003908 0.999992 0.000000 0.021307 0.000000 0.000000 1.000000 0.000000
0.999973 0.007284 0.000000 0.326199 -0.007284 0.999973 0.000000 0.021665 0.000000 0.000000 1.000000 0.000000
0.999856 0.016972 0.000000 0.255685 -0.016972 0.999856 0.000000 0.052597 0.000000 0.000000 1.000000 0.000000
0.999483 0.032142 0.000000 0.133013 -0.032142 0.999483 0.000000 0.043004 0.000000 0.000000 1.000000 0.000000
0.998442 0.055798 0.000000 0.370655 -0.055798 0.998442 0.000000 0.019154 0.000000 0.000000 1.000000 0.000000
0.996447 0.084221 0.000000 0.677304 -0.084221 0.996447 0.000000 -0.017673 0.000000 0.000000 1.000000 0.000000
0.996364 0.085198 0.000000 0.808468 -0.085198 0.996364 0.000000 -0.030281 0.000000 0.000000 1.000000 0.000000
0.992533 0.121973 0.000000 1.221961 -0.121973 0.992533 0.000000 -0.096019 0.000000 0.000000 1.000000 0.000000
0.986722 0.162415 0.000000 1.615948 -0.162415 0.986722 0.000000 -0.154850 0.000000 0.000000 1.000000 0.000000
0.980276 0.197634 0.000000 2.117649 -0.197634 0.980276 0.000000 -0.244559 0.000000 0.000000 1.000000 0.000000
0.973619 0.228181 0.000000 2.632784 -0.228181 0.973619 0.000000 -0.380432 0.000000 0.000000 1.000000 0.000000
0.969490 0.245133 0.000000 3.246426 -0.245133 0.969490 0.000000 -0.499285 0.000000 0.000000 1.000000 0.000000
0.968597 0.248636 0.000000 3.898536 -0.248636 0.968597 0.000000 -0.643999 0.000000 0.000000 1.000000 0.000000
0.971161 0.238423 0.000000 4.677990 -0.238423 0.971161 0.000000 -0.795738 0.000000 0.000000 1.000000 0.000000
0.976042 0.217584 0.000000 5.513268 -0.217584 0.976042 0.000000 -0.946085 0.000000 0.000000 1.000000 0.000000
0.981874 0.189536 0.000000 6.430048 -0.189536 0.981874 0.000000 -1.040533 0.000000 0.000000 1.000000 0.000000
0.986590 0.163221 0.000000 7.466418 -0.163221 0.986590 0.000000 -1.174663 0.000000 0.000000 1.000000 0.000000
0.990247 0.139326 0.000000 8.550511 -0.139326 0.990247 0.000000 -1.288133 0.000000 0.000000 1.000000 0.000000
0.993047 0.117718 0.000000 9.677510 -0.117718 0.993047 0.000000 -1.384329 0.000000 0.000000 1.000000 0.000000
0.995288 0.096959 0.000000 10.948619 -0.096959 0.995288 0.000000 -1.455964 0.000000 0.000000 1.000000 0.000000
0.996887 0.078840 0.000000 12.295356 -0.078840 0.996887 0.000000 -1.501287 0.000000 0.000000 1.000000 0.000000
0.997856 0.065444 0.000000 13.679793 -0.065444 0.997856 0.000000 -1.551332 0.000000 0.000000 1.000000 0.000000
0.998627 0.052394 0.000000 15.146630 -0.052394 0.998627 0.000000 -1.609441 0.000000 0.000000 1.000000 0.000000
0.999061 0.043321 0.000000 16.609499 -0.043321 0.999061 0.000000 -1.636892 0.000000 0.000000 1.000000 0.000000
0.999469 0.032574 0.000000 18.120762 -0.032574 0.999469 0.000000 -1.659695 0.000000 0.000000 1.000000 0.000000
0.999771 0.021386 0.000000 19.345205 -0.021386 0.999771 0.000000 -1.681052 0.000000 0.000000 1.000000 0.000000
0.999873 0.015958 0.000000 20.950824 -0.015958 0.999873 0.000000 -1.658647 0.000000 0.000000 1.000000 0.000000
0.999915 0.013052 0.000000 22.648316 -0.013052 0.999915 0.000000 -1.650233 0.000000 0.000000 1.000000 0.000000
0.999917 0.012880 0.000000 24.134946 -0.012880 0.999917 0.000000 -1.659795 0.000000 0.000000 1.000000 0.000000
0.999975 0.007043 0.000000 25.861535 -0.007043 0.999975 0.000000 -1.612618 0.000000 0.000000 1.000000 0.000000
0.999969 0.007849 0.000000 27.609578 -0.007849 0.999969 0.000000 -1.619433 0.000000 0.000000 1.000000 0.000000
0.999948 0.010175 0.000000 29.365255 -0.010175 0.999948 0.000000 -1.610108 0.000000 0.000000 1.000000 0.000000
0.999864 0.016489 0.000000 31.231996 -0.016489 0.999864 0.000000 -1.577750 0.000000 0.000000 1.000000 0.000000
0.999786 0.020697 0.000000 33.012447 -0.020697 0.999786 0.000000 -1.578121 0.000000 0.000000 1.000000 0.000000
0.999688 0.024986 0.000000 35.001526 -0.024986 0.999688 0.000000 -1.564721 0.000000 0.000000 1.000000 0.000000
0.999600 0.028299 0.000000 36.853202 -0.028299 0.999600 0.000000 -1.586631 0.000000 0.000000 1.000000 0.000000
0.999613 0.027809 0.000000 38.705772 -0.027809 0.999613 0.000000 -1.585550 0.000000 0.000000 1.000000 0.000000
0.999620 0.027568 0.000000 40.535262 -0.027568 0.999620 0.000000 -1.588873 0.000000 0.000000 1.000000 0.000000
0.999559 0.029701 0.000000 42.556935 -0.029701 0.999559 0.000000 -1.612747 0.000000 0.000000 1.000000 0.000000
0.999459 0.032877 0.000000 44.482702 -0.032877 0.999459 0.000000 -1.644751 0.000000 0.000000 1.000000 0.000000
0.999282 0.037890 0.000000 46.369728 -0.037890 0.999282 0.000000 -1.676802 0.000000 0.000000 1.000000 0.000000
0.999114 0.042077 0.000000 48.277408 -0.042077 0.999114 0.000000 -1.727595 0.000000 0.000000 1.000000 0.000000
0.998992 0.044889 0.000000 50.517380 -0.044889 0.998992 0.000000 -1.810013 0.000000 0.000000 1.000000 0.000000
0.998785 0.049272 0.000000 52.426824 -0.049272 0.998785 0.000000 -1.872149 0.000000 0.000000 1.000000 0.000000
0.998781 0.049359 0.000000 54.332813 -0.049359 0.998781 0.000000 -1.955131 0.000000 0.000000 1.000000 0.000000
0.998948 0.045850 0.000000 56.431878 -0.045850 0.998948 0.000000 -2.000613 0.000000 0.000000 1.000000 0.000000
0.999247 0.038797 0.000000 58.541396 -0.038797 0.999247 0.000000 -2.046783 0.000000 0.000000 1.000000 0.000000
0.999413 0.034256 0.000000 60.638801 -0.034256 0.999413 0.000000 -2.081841 0.000000 0.000000 1.000000 0.000000
0.999559 0.029698 0.000000 62.724323 -0.029698 0.999559 0.000000 -2.109637 0.000000 0.000000 1.000000 0.000000
0.999685 0.025114 0.000000 64.861753 -0.025114 0.999685 0.000000 -2.118867 0.000000 0.000000 1.000000 0.000000
0.999784 0.020804 0.000000 67.021552 -0.020804 0.999784 0.000000 -2.112399 0.000000 0.000000 1.000000 0.000000
0.999876 0.015727 0.000000 69.168864 -0.015727 0.999876 0.000000 -2.120537 0.000000 0.000000 1.000000 0.000000
0.999926 0.012185 0.000000 71.265608 -0.012185 0.999926 0.000000 -2.108386 0.000000 0.000000 1.000000 0.000000
0.999997 0.002277 0.000000 73.328716 -0.002277 0.999997 0.000000 -2.050529 0.000000 0.000000 1.000000 0.000000
0.999993 -0.003869 0.000000 75.394680 0.003869 0.999993 0.000000 -1.991679 0.000000 0.000000 1.000000 0.000000
0.999958 -0.009212 0.000000 77.382426 0.009212 0.999958 0.000000 -1.918469 0.000000 0.000000 1.000000 0.000000
0.999897 -0.014345 0.000000 79.446892 0.014345 0.999897 0.000000 -1.836273 0.000000 0.000000 1.000000 0.000000
0.999816 -0.019176 0.000000 81.373571 0.019176 0.999816 0.000000 -1.736834 0.000000 0.000000 1.000000 0.000000
0.999781 -0.020951 0.000000 83.391249 0.020951 0.999781 0.000000 -1.662777 0.000000 0.000000 1.000000 0.000000
0.999751 -0.022315 0.000000 85.497369 0.022315 0.999751 0.000000 -1.592580 0.000000 0.000000 1.000000 0.000000
0.999761 -0.021853 0.000000 87.582867 0.021853 0.999761 0.000000 -1.490578 0.000000 0.000000 1.000000 0.000000
0.999851 -0.017265 0.000000 89.680950 0.017265 0.999851 0.000000 -1.404219 0.000000 0.000000 1.000000 0.000000
0.999934 -0.011518 0.000000 91.803475 0.011518 0.999934 0.000000 -1.350238 0.000000 0.000000 1.000000 0.000000
0.999981 -0.006117 0.000000 93.614820 0.006117 0.999981 0.000000 -1.323191 0.000000 0.000000 1.000000 0.000000
1.000000 0.000199 0.000000 95.721991 -0.000199 1.000000 0.000000 -1.306166 0.000000 0.000000 1.000000 0.000000
0.999947 0.010261 0.000000 97.979041 -0.010261 0.999947 0.000000 -1.309939 0.000000 0.000000 1.000000 0.000000
0.999865 0.016430 0.000000 100.107848 -0.016430 0.999865 0.000000 -1.338431 0.000000 0.000000 1.000000 0.000000
0.999710 0.024062 0.000000 102.159342 -0.024062 0.999710 0.000000 -1.371936 0.000000 0.000000 1.000000 0.000000
0.999543 0.030240 0.000000 104.360403 -0.030240 0.999543 0.000000 -1.384658 0.000000 0.000000 1.000000 0.000000
0.999317 0.036954 0.000000 106.422673 -0.036954 0.999317 0.000000 -1.430547 0.000000 0.000000 1.000000 0.000000
0.999141 0.041450 0.000000 108.405839 -0.041450 0.999141 0.000000 -1.455678 0.000000 0.000000 1.000000 0.000000
0.998911 0.046657 0.000000 110.497138 -0.046657 0.998911 0.000000 -1.488703 0.000000 0.000000 1.000000 0.000000
0.998702 0.050934 0.000000 112.621512 -0.050934 0.998702 0.000000 -1.531417 0.000000 0.000000 1.000000 0.000000
0.998202 0.059944 0.000000 114.711448 -0.059944 0.998202 0.000000 -1.544744 0.000000 0.000000 1.000000 0.000000
0.997568 0.069706 0.000000 116.803225 -0.069706 0.997568 0.000000 -1.633540 0.000000 0.000000 1.000000 0.000000
0.997543 0.070063 0.000000 118.868443 -0.070063 0.997543 0.000000 -1.741943 0.000000 0.000000 1.000000 0.000000
0.997459 0.071238 0.000000 121.002301 -0.071238 0.997459 0.000000 -1.823474 0.000000 0.000000 1.000000 0.000000
0.997306 0.073355 0.000000 122.977368 -0.073355 0.997306 0.000000 -1.928109 0.000000 0.000000 1.000000 0.000000
0.997084 0.076318 0.000000 125.028773 -0.076318 0.997084 0.000000 -2.030006 0.000000 0.000000 1.000000 0.000000
0.996926 0.078352 0.000000 127.110960 -0.078352 0.996926 0.000000 -2.164884 0.000000 0.000000 1.000000 0.000000
0.997158 0.075337 0.000000 129.185966 -0.075337 0.997158 0.000000 -2.290843 0.000000 0.000000 1.000000 0.000000
0.997526 0.070302 0.000000 131.266977 -0.070302 0.997526 0.000000 -2.410594 0.000000 0.000000 1.000000 0.000000
0.998013 0.063001 0.000000 133.394205 -0.063001 0.998013 0.000000 -2.526467 0.000000 0.000000 1.000000 0.000000
0.998334 0.057705 0.000000 135.427494 -0.057705 0.998334 0.000000 -2.614695 0.000000 0.000000 1.000000 0.000000
0.998831 0.048342 0.000000 137.444263 -0.048342 0.998831 0.000000 -2.688550 0.000000 0.000000 1.000000 0.000000
0.999029 0.044066 0.000000 139.571079 -0.044066 0.999029 0.000000 -2.758276 0.000000 0.000000 1.000000 0.000000
0.999027 0.044105 0.000000 141.668491 -0.044105 0.999027 0.000000 -2.794798 0.000000 0.000000 1.000000 0.000000
0.999014 0.044387 0.000000 143.795679 -0.044387 0.999014 0.000000 -2.842604 0.000000 0.000000 1.000000 0.000000
0.998956 0.045677 0.000000 145.987760 -0.045677 0.998956 0.000000 -2.883483 0.000000 0.000000 1.000000 0.000000
0.998984 0.045060 0.000000 148.104740 -0.045060 0.998984 0.000000 -2.933533 0.000000 0.000000 1.000000 0.000000
0.999002 0.044661 0.000000 150.220306 -0.044661 0.999002 0.000000 -2.982340 0.000000 0.000000 1.000000 0.000000
0.998965 0.045487 0.000000 152.319747 -0.045487 0.998965 0.000000 -3.057938 0.000000 0.000000 1.000000 0.000000
0.998835 0.048246 0.000000 154.508619 -0.048246 0.998835 0.000000 -3.127649 0.000000 0.000000 1.000000 0.000000
0.998740 0.050188 0.000000 156.545616 -0.050188 0.998740 0.000000 -3.210764 0.000000 0.000000 1.000000 0.000000
0.998625 0.052423 0.000000 158.724399 -0.052423 0.998625 0.000000 -3.279687 0.000000 0.000000 1.000000 0.000000
0.998508 0.054600 0.000000 160.910283 -0.054600 0.998508 0.000000 -3.393679 0.000000 0.000000 1.000000 0.000000
0.998350 0.057427 0.000000 163.143644 -0.057427 0.998350 0.000000 -3.503235 0.000000 0.000000 1.000000 0.000000
0.998137 0.061016 0.000000 165.357427 -0.061016 0.998137 0.000000 -3.623990 0.000000 0.000000 1.000000 0.000000
0.997985 0.063450 0.000000 167.584107 -0.063450 0.997985 0.000000 -3.733711 0.000000 0.000000 1.000000 0.000000
0.997827 0.065884 0.000000 169.772588 -0.065884 0.997827 0.000000 -3.843919 0.000000 0.000000 1.000000 0.000000
0.997922 0.064431 0.000000 171.998333 -0.064431 0.997922 0.000000 -3.973398 0.000000 0.000000 1.000000 0.000000
0.997942 0.064128 0.000000 174.182689 -0.064128 0.997942 0.000000 -4.103670 0.000000 0.000000 1.000000 0.000000
