1.000000 -0.000003 0.000000 0.000084 0.000003 1.000000 0.000000 0.000004 0.000000 0.000000 1.000000 0.000000
1.000000 -0.000008 0.000000 0.000244 0.000008 1.000000 0.000000 0.000007 0.000000 0.000000 1.000000 0.000000
1.000000 -0.000012 0.000000 0.000269 0.000012 1.000000 0.000000 0.000011 0.000000 0.000000 1.000000 0.000000
1.000000 -0.000241 0.000000 0.013705 0.000241 1.000000 0.000000 0.000366 0.000000 0.000000 1.000000 0.000000
1.000000 -0.000248 0.000000 0.013886 0.000248 1.000000 0.000000 0.000370 0.000000 0.000000 1.000000 0.000000
1.000000 -0.000249 0.000000 0.013995 0.000249 1.000000 0.000000 0.000372 0.000000 0.000000 1.000000 0.000000
1.000000 -0.000253 0.000000 0.013931 0.000253 1.000000 0.000000 0.000374 0.000000 0.000000 1.000000 0.000000
1.000000 -0.000259 0.000000 0.014035 0.000259 1.000000 0.000000 0.000380 0.000000 0.000000 1.000000 0.000000
1.000000 -0.000264 0.000000 0.014172 0.000264 1.000000 0.000000 0.000381 0.000000 0.000000 1.000000 0.000000
1.000000 -0.000270 0.000000 0.014224 0.000270 1.000000 0.000000 0.000386 0.000000 0.000000 1.000000 0.000000
1.000000 -0.000274 0.000000 0.014370 0.000274 1.000000 0.000000 0.000392 0.000000 0.000000 1.000000 0.000000
1.000000 -0.000278 0.000000 0.014500 0.000278 1.000000 0.000000 0.000395 0.000000 0.000000 1.000000 0.000000
1.000000 -0.000281 0.000000 0.014593 0.000281 1.000000 0.000000 0.000398 0.000000 0.000000 1.000000 0.000000
1.000000 -0.000285 0.000000 0.014592 0.000285 1.000000 0.000000 0.000402 0.000000 0.000000 1.000000 0.000000
1.000000 -0.000288 0.000000 0.014724 0.000288 1.000000 0.000000 0.000405 0.000000 0.000000 1.000000 0.000000
1.000000 -0.000290 0.000000 0.014846 0.000290 1.000000 0.000000 0.000407 0.000000 0.000000 1.000000 0.000000
1.000000 -0.000292 0.000000 0.014799 0.000292 1.000000 0.000000 0.000412 0.000000 0.000000 1.000000 0.000000
1.000000 -0.000294 0.000000 0.014769 0.000294 1.000000 0.000000 0.000414 0.000000 0.000000 1.000000 0.000000
1.000000 -0.000297 0.000000 0.014781 0.000297 1.000000 0.000000 0.000417 0.000000 0.000000 1.000000 0.000000
1.000000 -0.000301 0.000000 0.014994 0.000301 1.000000 0.000000 0.000420 0.000000 0.000000 1.000000 0.000000
1.000000 -0.000303 0.000000 0.014967 0.000303 1.000000 0.000000 0.000422 0.000000 0.000000 1.000000 0.000000
1.000000 -0.000309 0.000000 0.015045 0.000309 1.000000 0.000000 0.000425 0.000000 0.000000 1.000000 0.000000
1.000000 -0.000315 0.000000 0.015038 0.000315 1.000000 0.000000 0.000429 0.000000 0.000000 1.000000 0.000000
1.000000 -0.000320 0.000000 0.015144 0.000320 1.000000 0.000000 0.000432 0.000000 0.000000 1.000000 0.000000
1.000000 -0.000324 0.000000 0.015284 0.000324 1.000000 0.000000 0.000437 0.000000 0.000000 1.000000 0.000000
1.000000 -0.000330 0.000000 0.015289 0.000330 1.000000 0.000000 0.000441 0.000000 0.000000 1.000000 0.000000
1.000000 -0.000337 0.000000 0.015431 0.000337 1.000000 0.000000 0.000451 0.000000 0.000000 1.000000 0.000000
1.000000 -0.000338 0.000000 0.015639 0.000338 1.000000 0.000000 0.000453 0.000000 0.000000 1.000000 0.000000
1.000000 -0.000343 0.000000 0.015738 0.000343 1.000000 0.000000 0.000456 0.000000 0.000000 1.000000 0.000000
1.000000 -0.000348 0.000000 0.015842 0.000348 1.000000 0.000000 0.000459 0.000000 0.000000 1.000000 0.000000
1.000000 -0.000351 0.000000 0.015937 0.000351 1.000000 0.000000 0.000461 0.000000 0.000000 1.000000 0.000000
1.000000 -0.000352 0.000000 0.016018 0.000352 1.000000 0.000000 0.000461 0.000000 0.000000 1.000000 0.000000
1.000000 -0.000355 0.000000 0.015979 0.000355 1.000000 0.000000 0.000461 0.000000 0.000000 1.000000 0.000000
1.000000 -0.000355 0.000000 0.015873 0.000355 1.000000 0.000000 0.000462 0.000000 0.000000 1.000000 0.000000
1.000000 -0.000360 0.000000 0.015944 0.000360 1.000000 0.000000 0.000465 0.000000 0.000000 1.000000 0.000000
1.000000 -0.000362 0.000000 0.016077 0.000362 1.000000 0.000000 0.000465 0.000000 0.000000 1.000000 0.000000
1.000000 -0.000362 0.000000 0.016138 0.000362 1.000000 0.000000 0.000468 0.000000 0.000000 1.000000 0.000000
1.000000 -0.000498 0.000000 0.028336 0.000498 1.000000 0.000000 0.000751 0.000000 0.000000 1.000000 0.000000
1.000000 -0.000498 0.000000 0.028382 0.000498 1.000000 0.000000 0.000753 0.000000 0.000000 1.000000 0.000000
1.000000 -0.000498 0.000000 0.028360 0.000498 1.000000 0.000000 0.000755 0.000000 0.000000 1.000000 0.000000
1.000000 -0.000499 0.000000 0.028479 0.000499 1.000000 0.000000 0.000759 0.000000 0.000000 1.000000 0.000000
1.000000 -0.000497 0.000000 0.028557 0.000497 1.000000 0.000000 0.000758 0.000000 0.000000 1.000000 0.000000
1.000000 -0.000799 0.000000 0.043984 0.000799 1.000000 0.000000 0.001248 0.000000 0.000000 1.000000 0.000000
1.000000 -0.000802 0.000000 0.044023 0.000802 1.000000 0.000000 0.001250 0.000000 0.000000 1.000000 0.000000
1.000000 -0.000805 0.000000 0.044160 0.000805 1.000000 0.000000 0.001252 0.000000 0.000000 1.000000 0.000000
1.000000 -0.000810 0.000000 0.044402 0.000810 1.000000 0.000000 0.001256 0.000000 0.000000 1.000000 0.000000
1.000000 -0.000813 0.000000 0.044447 0.000813 1.000000 0.000000 0.001261 0.000000 0.000000 1.000000 0.000000
1.000000 -0.000816 0.000000 0.044634 0.000816 1.000000 0.000000 0.001262 0.000000 0.000000 1.000000 0.000000
1.000000 -0.000818 0.000000 0.044706 0.000818 1.000000 0.000000 0.001266 0.000000 0.000000 1.000000 0.000000
1.000000 -0.000916 0.000000 0.056580 0.000916 1.000000 0.000000 0.001437 0.000000 0.000000 1.000000 0.000000
1.000000 -0.000921 0.000000 0.056741 0.000921 1.000000 0.000000 0.001440 0.000000 0.000000 1.000000 0.000000
1.000000 -0.000923 0.000000 0.056842 0.000923 1.000000 0.000000 0.001440 0.000000 0.000000 1.000000 0.000000
1.000000 -0.000924 0.000000 0.056947 0.000924 1.000000 0.000000 0.001442 0.000000 0.000000 1.000000 0.000000
1.000000 -0.000927 0.000000 0.057113 0.000927 1.000000 0.000000 0.001445 0.000000 0.000000 1.000000 0.000000
1.000000 -0.000928 0.000000 0.057205 0.000928 1.000000 0.000000 0.001446 0.000000 0.000000 1.000000 0.000000
1.000000 -0.000931 0.000000 0.057371 0.000931 1.000000 0.000000 0.001450 0.000000 0.000000 1.000000 0.000000
1.000000 -0.000933 0.000000 0.057551 0.000933 1.000000 0.000000 0.001454 0.000000 0.000000 1.000000 0.000000
1.000000 -0.000936 0.000000 0.057542 0.000936 1.000000 0.000000 0.001458 0.000000 0.000000 1.000000 0.000000
1.000000 -0.000938 0.000000 0.057599 0.000938 1.000000 0.000000 0.001462 0.000000 0.000000 1.000000 0.000000
1.000000 -0.000939 0.000000 0.057657 0.000939 1.000000 0.000000 0.001463 0.000000 0.000000 1.000000 0.000000
1.000000 -0.000942 0.000000 0.057705 0.000942 1.000000 0.000000 0.001466 0.000000 0.000000 1.000000 0.000000
1.000000 -0.000944 0.000000 0.057856 0.000944 1.000000 0.000000 0.001469 0.000000 0.000000 1.000000 0.000000
1.000000 -0.000948 0.000000 0.057985 0.000948 1.000000 0.000000 0.001471 0.000000 0.000000 1.000000 0.000000
1.000000 -0.000951 0.000000 0.058093 0.000951 1.000000 0.000000 0.001474 0.000000 0.000000 1.000000 0.000000
1.000000 -0.000954 0.000000 0.058224 0.000954 1.000000 0.000000 0.001478 0.000000 0.000000 1.000000 0.000000
1.000000 -0.000959 0.000000 0.058243 0.000959 1.000000 0.000000 0.001480 0.000000 0.000000 1.000000 0.000000
1.000000 -0.000965 0.000000 0.058358 0.000965 1.000000 0.000000 0.001484 0.000000 0.000000 1.000000 0.000000
1.000000 -0.000969 0.000000 0.058395 0.000969 1.000000 0.000000 0.001484 0.000000 0.000000 1.000000 0.000000
0.999999 -0.001154 0.000000 0.071202 0.001154 0.999999 0.000000 0.001825 0.000000 0.000000 1.000000 0.000000
0.999999 -0.001155 0.000000 0.071277 0.001155 0.999999 0.000000 0.001827 0.000000 0.000000 1.000000 0.000000
0.999999 -0.001158 0.000000 0.071496 0.001158 0.999999 0.000000 0.001831 0.000000 0.000000 1.000000 0.000000
0.999999 -0.001164 0.000000 0.071587 0.001164 0.999999 0.000000 0.001830 0.000000 0.000000 1.000000 0.000000
0.999999 -0.001164 0.000000 0.071692 0.001164 0.999999 0.000000 0.001830 0.000000 0.000000 1.000000 0.000000
0.999999 -0.001166 0.000000 0.071837 0.001166 0.999999 0.000000 0.001830 0.000000 0.000000 1.000000 0.000000
0.999999 -0.001172 0.000000 0.072033 0.001172 0.999999 0.000000 0.001834 0.000000 0.000000 1.000000 0.000000
0.999999 -0.001174 0.000000 0.072223 0.001174 0.999999 0.000000 0.001836 0.000000 0.000000 1.000000 0.000000
0.999999 -0.001173 0.000000 0.072266 0.001173 0.999999 0.000000 0.001841 0.000000 0.000000 1.000000 0.000000
0.999999 -0.001177 0.000000 0.072440 0.001177 0.999999 0.000000 0.001843 0.000000 0.000000 1.000000 0.000000
0.999999 -0.001178 0.000000 0.072521 0.001178 0.999999 0.000000 0.001845 0.000000 0.000000 1.000000 0.000000
0.999999 -0.001179 0.000000 0.072639 0.001179 0.999999 0.000000 0.001847 0.000000 0.000000 1.000000 0.000000
0.999999 -0.001181 0.000000 0.072765 0.001181 0.999999 0.000000 0.001845 0.000000 0.000000 1.000000 0.000000
0.999999 -0.001179 0.000000 0.072798 0.001179 0.999999 0.000000 0.001847 0.000000 0.000000 1.000000 0.000000
0.999999 -0.001181 0.000000 0.072930 0.001181 0.999999 0.000000 0.001851 0.000000 0.000000 1.000000 0.000000
0.999999 -0.001185 0.000000 0.073112 0.001185 0.999999 0.000000 0.001851 0.000000 0.000000 1.000000 0.000000
0.999999 -0.001185 0.000000 0.073205 0.001185 0.999999 0.000000 0.001851 0.000000 0.000000 1.000000 0.000000
0.999999 -0.001190 0.000000 0.073377 0.001190 0.999999 0.000000 0.001852 0.000000 0.000000 1.000000 0.000000
0.999999 -0.001191 0.000000 0.073479 0.001191 0.999999 0.000000 0.001851 0.000000 0.000000 1.000000 0.000000
0.999999 -0.001193 0.000000 0.073616 0.001193 0.999999 0.000000 0.001854 0.000000 0.000000 1.000000 0.000000
0.999999 -0.001197 0.000000 0.073820 0.001197 0.999999 0.000000 0.001849 0.000000 0.000000 1.000000 0.000000
0.999999 -0.001198 0.000000 0.073914 0.001198 0.999999 0.000000 0.001847 0.000000 0.000000 1.000000 0.000000
0.999999 -0.001201 0.000000 0.074036 0.001201 0.999999 0.000000 0.001847 0.000000 0.000000 1.000000 0.000000
0.999999 -0.001202 0.000000 0.074144 0.001202 0.999999 0.000000 0.001853 0.000000 0.000000 1.000000 0.000000
0.999999 -0.001205 0.000000 0.074224 0.001205 0.999999 0.000000 0.001850 0.000000 0.000000 1.000000 0.000000
0.999999 -0.001207 0.000000 0.074236 0.001207 0.999999 0.000000 0.001849 0.000000 0.000000 1.000000 0.000000
0.999999 -0.001207 0.000000 0.074403 0.001207 0.999999 0.000000 0.001854 0.000000 0.000000 1.000000 0.000000
0.999999 -0.001208 0.000000 0.074486 0.001208 0.999999 0.000000 0.001860 0.000000 0.000000 1.000000 0.000000
0.999999 -0.001211 0.000000 0.074622 0.001211 0.999999 0.000000 0.001860 0.000000 0.000000 1.000000 0.000000
0.999999 -0.001213 0.000000 0.074673 0.001213 0.999999 0.000000 0.001864 0.000000 0.000000 1.000000 0.000000
0.999999 -0.001214 0.000000 0.074754 0.001214 0.999999 0.000000 0.001866 0.000000 0.000000 1.000000 0.000000
0.999999 -0.001216 0.000000 0.074948 0.001216 0.999999 0.000000 0.001867 0.000000 0.000000 1.000000 0.000000
0.999999 -0.001218 0.000000 0.075033 0.001218 0.999999 0.000000 0.001870 0.000000 0.000000 1.000000 0.000000
0.999999 -0.001221 0.000000 0.075116 0.001221 0.999999 0.000000 0.001871 0.000000 0.000000 1.000000 0.000000
0.999999 -0.001225 0.000000 0.075260 0.001225 0.999999 0.000000 0.001876 0.000000 0.000000 1.000000 0.000000
0.999999 -0.001479 0.000000 0.088596 0.001479 0.999999 0.000000 0.002370 0.000000 0.000000 1.000000 0.000000
0.999999 -0.001483 0.000000 0.088785 0.001483 0.999999 0.000000 0.002376 0.000000 0.000000 1.000000 0.000000
0.999999 -0.001486 0.000000 0.088924 0.001486 0.999999 0.000000 0.002380 0.000000 0.000000 1.000000 0.000000
0.999999 -0.001490 0.000000 0.089138 0.001490 0.999999 0.000000 0.002383 0.000000 0.000000 1.000000 0.000000
0.999999 -0.001493 0.000000 0.089362 0.001493 0.999999 0.000000 0.002389 0.000000 0.000000 1.000000 0.000000
0.999999 -0.001495 0.000000 0.089565 0.001495 0.999999 0.000000 0.002390 0.000000 0.000000 1.000000 0.000000
0.999999 -0.001703 0.000000 0.102714 0.001703 0.999999 0.000000 0.002906 0.000000 0.000000 1.000000 0.000000
0.999999 -0.001707 0.000000 0.102793 0.001707 0.999999 0.000000 0.002911 0.000000 0.000000 1.000000 0.000000
0.999999 -0.001709 0.000000 0.102923 0.001709 0.999999 0.000000 0.002913 0.000000 0.000000 1.000000 0.000000
0.999999 -0.001711 0.000000 0.103069 0.001711 0.999999 0.000000 0.002914 0.000000 0.000000 1.000000 0.000000
0.999999 -0.001715 0.000000 0.103105 0.001715 0.999999 0.000000 0.002916 0.000000 0.000000 1.000000 0.000000
0.999999 -0.001714 0.000000 0.103232 0.001714 0.999999 0.000000 0.002918 0.000000 0.000000 1.000000 0.000000
0.999999 -0.001717 0.000000 0.103375 0.001717 0.999999 0.000000 0.002919 0.000000 0.000000 1.000000 0.000000
0.999999 -0.001720 0.000000 0.103472 0.001720 0.999999 0.000000 0.002920 0.000000 0.000000 1.000000 0.000000
0.999999 -0.001722 0.000000 0.103633 0.001722 0.999999 0.000000 0.002922 0.000000 0.000000 1.000000 0.000000
0.999999 -0.001723 0.000000 0.103816 0.001723 0.999999 0.000000 0.002925 0.000000 0.000000 1.000000 0.000000
0.999999 -0.001721 0.000000 0.103945 0.001721 0.999999 0.000000 0.002927 0.000000 0.000000 1.000000 0.000000
0.999999 -0.001723 0.000000 0.104072 0.001723 0.999999 0.000000 0.002929 0.000000 0.000000 1.000000 0.000000
0.999999 -0.001723 0.000000 0.104083 0.001723 0.999999 0.000000 0.002932 0.000000 0.000000 1.000000 0.000000
0.999999 -0.001723 0.000000 0.104015 0.001723 0.999999 0.000000 0.002934 0.000000 0.000000 1.000000 0.000000
0.999999 -0.001725 0.000000 0.104111 0.001725 0.999999 0.000000 0.002938 0.000000 0.000000 1.000000 0.000000
0.999999 -0.001727 0.000000 0.104191 0.001727 0.999999 0.000000 0.002940 0.000000 0.000000 1.000000 0.000000
0.999999 -0.001728 0.000000 0.104266 0.001728 0.999999 0.000000 0.002942 0.000000 0.000000 1.000000 0.000000
0.999999 -0.001730 0.000000 0.104328 0.001730 0.999999 0.000000 0.002945 0.000000 0.000000 1.000000 0.000000
0.999998 -0.001733 0.000000 0.104368 0.001733 0.999998 0.000000 0.002946 0.000000 0.000000 1.000000 0.000000
0.999998 -0.001735 0.000000 0.104430 0.001735 0.999998 0.000000 0.002949 0.000000 0.000000 1.000000 0.000000
0.999998 -0.001738 0.000000 0.104490 0.001738 0.999998 0.000000 0.002951 0.000000 0.000000 1.000000 0.000000
0.999998 -0.001744 0.000000 0.104541 0.001744 0.999998 0.000000 0.002952 0.000000 0.000000 1.000000 0.000000
0.999998 -0.001750 0.000000 0.104599 0.001750 0.999998 0.000000 0.002951 0.000000 0.000000 1.000000 0.000000
0.999998 -0.001752 0.000000 0.104652 0.001752 0.999998 0.000000 0.002952 0.000000 0.000000 1.000000 0.000000
0.999998 -0.001755 0.000000 0.104604 0.001755 0.999998 0.000000 0.002951 0.000000 0.000000 1.000000 0.000000
0.999998 -0.001759 0.000000 0.104624 0.001759 0.999998 0.000000 0.002949 0.000000 0.000000 1.000000 0.000000
0.999998 -0.001764 0.000000 0.104741 0.001764 0.999998 0.000000 0.002948 0.000000 0.000000 1.000000 0.000000
0.999998 -0.001767 0.000000 0.104779 0.001767 0.999998 0.000000 0.002949 0.000000 0.000000 1.000000 0.000000
0.999998 -0.001771 0.000000 0.104720 0.001771 0.999998 0.000000 0.002948 0.000000 0.000000 1.000000 0.000000
0.999998 -0.001773 0.000000 0.104815 0.001773 0.999998 0.000000 0.002950 0.000000 0.000000 1.000000 0.000000
0.999998 -0.001770 0.000000 0.104614 0.001770 0.999998 0.000000 0.002951 0.000000 0.000000 1.000000 0.000000
0.999998 -0.001746 0.000000 0.103600 0.001746 0.999998 0.000000 0.002965 0.000000 0.000000 1.000000 0.000000
0.999998 -0.001736 0.000000 0.103391 0.001736 0.999998 0.000000 0.002974 0.000000 0.000000 1.000000 0.000000
0.999999 -0.001369 0.000000 0.091129 0.001369 0.999999 0.000000 0.003105 0.000000 0.000000 1.000000 0.000000
1.000000 -0.000713 0.000000 0.072369 0.000713 1.000000 0.000000 0.002500 0.000000 0.000000 1.000000 0.000000
1.000000 -0.000710 0.000000 0.072231 0.000710 1.000000 0.000000 0.002508 0.000000 0.000000 1.000000 0.000000
1.000000 -0.000281 0.000000 0.062681 0.000281 1.000000 0.000000 0.002386 0.000000 0.000000 1.000000 0.000000
1.000000 -0.000283 0.000000 0.062644 0.000283 1.000000 0.000000 0.002400 0.000000 0.000000 1.000000 0.000000
1.000000 -0.000286 0.000000 0.062629 0.000286 1.000000 0.000000 0.002406 0.000000 0.000000 1.000000 0.000000
1.000000 -0.000285 0.000000 0.062634 0.000285 1.000000 0.000000 0.002407 0.000000 0.000000 1.000000 0.000000
1.000000 -0.000288 0.000000 0.062526 0.000288 1.000000 0.000000 0.002410 0.000000 0.000000 1.000000 0.000000
1.000000 -0.000291 0.000000 0.062370 0.000291 1.000000 0.000000 0.002412 0.000000 0.000000 1.000000 0.000000
1.000000 -0.000292 0.000000 0.062251 0.000292 1.000000 0.000000 0.002415 0.000000 0.000000 1.000000 0.000000
1.000000 -0.000294 0.000000 0.062279 0.000294 1.000000 0.000000 0.002417 0.000000 0.000000 1.000000 0.000000
1.000000 -0.000294 0.000000 0.062244 0.000294 1.000000 0.000000 0.002419 0.000000 0.000000 1.000000 0.000000
1.000000 -0.000294 0.000000 0.062220 0.000294 1.000000 0.000000 0.002421 0.000000 0.000000 1.000000 0.000000
1.000000 -0.000293 0.000000 0.062033 0.000293 1.000000 0.000000 0.002424 0.000000 0.000000 1.000000 0.000000
1.000000 -0.000198 0.000000 0.056864 0.000198 1.000000 0.000000 0.002385 0.000000 0.000000 1.000000 0.000000
1.000000 -0.000194 0.000000 0.056833 0.000194 1.000000 0.000000 0.002390 0.000000 0.000000 1.000000 0.000000
1.000000 -0.000198 0.000000 0.056822 0.000198 1.000000 0.000000 0.002392 0.000000 0.000000 1.000000 0.000000
1.000000 -0.000198 0.000000 0.056864 0.000198 1.000000 0.000000 0.002392 0.000000 0.000000 1.000000 0.000000
1.000000 -0.000200 0.000000 0.056942 0.000200 1.000000 0.000000 0.002392 0.000000 0.000000 1.000000 0.000000
1.000000 -0.000200 0.000000 0.057099 0.000200 1.000000 0.000000 0.002394 0.000000 0.000000 1.000000 0.000000
1.000000 -0.000202 0.000000 0.057232 0.000202 1.000000 0.000000 0.002396 0.000000 0.000000 1.000000 0.000000
1.000000 -0.000205 0.000000 0.057346 0.000205 1.000000 0.000000 0.002397 0.000000 0.000000 1.000000 0.000000
1.000000 -0.000208 0.000000 0.057466 0.000208 1.000000 0.000000 0.002399 0.000000 0.000000 1.000000 0.000000
1.000000 -0.000213 0.000000 0.057526 0.000213 1.000000 0.000000 0.002402 0.000000 0.000000 1.000000 0.000000
1.000000 -0.000214 0.000000 0.057710 0.000214 1.000000 0.000000 0.002403 0.000000 0.000000 1.000000 0.000000
1.000000 -0.000218 0.000000 0.057846 0.000218 1.000000 0.000000 0.002406 0.000000 0.000000 1.000000 0.000000
1.000000 -0.000220 0.000000 0.057933 0.000220 1.000000 0.000000 0.002408 0.000000 0.000000 1.000000 0.000000
1.000000 -0.000221 0.000000 0.058076 0.000221 1.000000 0.000000 0.002410 0.000000 0.000000 1.000000 0.000000
1.000000 -0.000222 0.000000 0.058264 0.000222 1.000000 0.000000 0.002414 0.000000 0.000000 1.000000 0.000000
1.000000 -0.000224 0.000000 0.058415 0.000224 1.000000 0.000000 0.002419 0.000000 0.000000 1.000000 0.000000
1.000000 -0.000225 0.000000 0.058602 0.000225 1.000000 0.000000 0.002423 0.000000 0.000000 1.000000 0.000000
1.000000 -0.000228 0.000000 0.058784 0.000228 1.000000 0.000000 0.002426 0.000000 0.000000 1.000000 0.000000
1.000000 -0.000230 0.000000 0.058905 0.000230 1.000000 0.000000 0.002430 0.000000 0.000000 1.000000 0.000000
1.000000 -0.000232 0.000000 0.059120 0.000232 1.000000 0.000000 0.002434 0.000000 0.000000 1.000000 0.000000
1.000000 -0.000232 0.000000 0.059307 0.000232 1.000000 0.000000 0.002439 0.000000 0.000000 1.000000 0.000000
1.000000 -0.000233 0.000000 0.059388 0.000233 1.000000 0.000000 0.002442 0.000000 0.000000 1.000000 0.000000
1.000000 -0.000235 0.000000 0.059522 0.000235 1.000000 0.000000 0.002445 0.000000 0.000000 1.000000 0.000000
1.000000 -0.000235 0.000000 0.059685 0.000235 1.000000 0.000000 0.002448 0.000000 0.000000 1.000000 0.000000
1.000000 -0.000236 0.000000 0.059837 0.000236 1.000000 0.000000 0.002451 0.000000 0.000000 1.000000 0.000000
1.000000 -0.000238 0.000000 0.059921 0.000238 1.000000 0.000000 0.002456 0.000000 0.000000 1.000000 0.000000
1.000000 -0.000238 0.000000 0.060106 0.000238 1.000000 0.000000 0.002458 0.000000 0.000000 1.000000 0.000000
1.000000 -0.000238 0.000000 0.060231 0.000238 1.000000 0.000000 0.002461 0.000000 0.000000 1.000000 0.000000
1.000000 -0.000240 0.000000 0.060434 0.000240 1.000000 0.000000 0.002463 0.000000 0.000000 1.000000 0.000000
1.000000 -0.000242 0.000000 0.060545 0.000242 1.000000 0.000000 0.002466 0.000000 0.000000 1.000000 0.000000
1.000000 -0.000244 0.000000 0.060632 0.000244 1.000000 0.000000 0.002468 0.000000 0.000000 1.000000 0.000000
1.000000 -0.000246 0.000000 0.060769 0.000246 1.000000 0.000000 0.002470 0.000000 0.000000 1.000000 0.000000
1.000000 -0.000248 0.000000 0.060853 0.000248 1.000000 0.000000 0.002473 0.000000 0.000000 1.000000 0.000000
1.000000 -0.000250 0.000000 0.060976 0.000250 1.000000 0.000000 0.002473 0.000000 0.000000 1.000000 0.000000
1.000000 -0.000250 0.000000 0.061206 0.000250 1.000000 0.000000 0.002475 0.000000 0.000000 1.000000 0.000000
1.000000 -0.000253 0.000000 0.061288 0.000253 1.000000 0.000000 0.002476 0.000000 0.000000 1.000000 0.000000
1.000000 -0.000258 0.000000 0.061366 0.000258 1.000000 0.000000 0.002478 0.000000 0.000000 1.000000 0.000000
1.000000 -0.000259 0.000000 0.061611 0.000259 1.000000 0.000000 0.002481 0.000000 0.000000 1.000000 0.000000
1.000000 -0.000264 0.000000 0.061721 0.000264 1.000000 0.000000 0.002485 0.000000 0.000000 1.000000 0.000000
1.000000 -0.000169 0.000000 0.072943 0.000169 1.000000 0.000000 0.002482 0.000000 0.000000 1.000000 0.000000
1.000000 -0.000170 0.000000 0.073169 0.000170 1.000000 0.000000 0.002482 0.000000 0.000000 1.000000 0.000000
1.000000 -0.000169 0.000000 0.073328 0.000169 1.000000 0.000000 0.002484 0.000000 0.000000 1.000000 0.000000
1.000000 -0.000170 0.000000 0.073547 0.000170 1.000000 0.000000 0.002485 0.000000 0.000000 1.000000 0.000000
1.000000 -0.000172 0.000000 0.073758 0.000172 1.000000 0.000000 0.002485 0.000000 0.000000 1.000000 0.000000
1.000000 -0.000175 0.000000 0.073821 0.000175 1.000000 0.000000 0.002484 0.000000 0.000000 1.000000 0.000000
1.000000 -0.000179 0.000000 0.073873 0.000179 1.000000 0.000000 0.002485 0.000000 0.000000 1.000000 0.000000
1.000000 -0.000125 0.000000 0.085086 0.000125 1.000000 0.000000 0.002522 0.000000 0.000000 1.000000 0.000000
1.000000 -0.000126 0.000000 0.085145 0.000126 1.000000 0.000000 0.002521 0.000000 0.000000 1.000000 0.000000
1.000000 -0.000126 0.000000 0.085238 0.000126 1.000000 0.000000 0.002523 0.000000 0.000000 1.000000 0.000000
1.000000 -0.000127 0.000000 0.085418 0.000127 1.000000 0.000000 0.002528 0.000000 0.000000 1.000000 0.000000
1.000000 -0.000293 0.000000 0.099124 0.000293 1.000000 0.000000 0.002779 0.000000 0.000000 1.000000 0.000000
1.000000 -0.000293 0.000000 0.099337 0.000293 1.000000 0.000000 0.002783 0.000000 0.000000 1.000000 0.000000
1.000000 -0.000298 0.000000 0.099456 0.000298 1.000000 0.000000 0.002784 0.000000 0.000000 1.000000 0.000000
1.000000 -0.000585 0.000000 0.113877 0.000585 1.000000 0.000000 0.003147 0.000000 0.000000 1.000000 0.000000
1.000000 -0.000817 0.000000 0.129081 0.000817 1.000000 0.000000 0.003675 0.000000 0.000000 1.000000 0.000000
1.000000 -0.000822 0.000000 0.129237 0.000822 1.000000 0.000000 0.003681 0.000000 0.000000 1.000000 0.000000
1.000000 -0.000822 0.000000 0.129351 0.000822 1.000000 0.000000 0.003685 0.000000 0.000000 1.000000 0.000000
1.000000 -0.000831 0.000000 0.129477 0.000831 1.000000 0.000000 0.003687 0.000000 0.000000 1.000000 0.000000
1.000000 -0.000837 0.000000 0.129712 0.000837 1.000000 0.000000 0.003685 0.000000 0.000000 1.000000 0.000000
1.000000 -0.000847 0.000000 0.129927 0.000847 1.000000 0.000000 0.003682 0.000000 0.000000 1.000000 0.000000
1.000000 -0.000855 0.000000 0.130044 0.000855 1.000000 0.000000 0.003675 0.000000 0.000000 1.000000 0.000000
1.000000 -0.000858 0.000000 0.130238 0.000858 1.000000 0.000000 0.003676 0.000000 0.000000 1.000000 0.000000
0.999999 -0.001156 0.000000 0.142972 0.001156 0.999999 0.000000 0.004125 0.000000 0.000000 1.000000 0.000000
0.999999 -0.001413 0.000000 0.157653 0.001413 0.999999 0.000000 0.004270 0.000000 0.000000 1.000000 0.000000
0.999999 -0.001417 0.000000 0.157871 0.001417 0.999999 0.000000 0.004269 0.000000 0.000000 1.000000 0.000000
0.999999 -0.001421 0.000000 0.157975 0.001421 0.999999 0.000000 0.004273 0.000000 0.000000 1.000000 0.000000
0.999999 -0.001423 0.000000 0.158213 0.001423 0.999999 0.000000 0.004276 0.000000 0.000000 1.000000 0.000000
0.999999 -0.001521 0.000000 0.171706 0.001521 0.999999 0.000000 0.004489 0.000000 0.000000 1.000000 0.000000
0.999999 -0.001525 0.000000 0.171928 0.001525 0.999999 0.000000 0.004487 0.000000 0.000000 1.000000 0.000000
0.999999 -0.001527 0.000000 0.172034 0.001527 0.999999 0.000000 0.004490 0.000000 0.000000 1.000000 0.000000
0.999998 -0.001777 0.000000 0.187723 0.001777 0.999998 0.000000 0.005193 0.000000 0.000000 1.000000 0.000000
0.999998 -0.002000 0.000000 0.201986 0.002000 0.999998 0.000000 0.005654 0.000000 0.000000 1.000000 0.000000
0.999998 -0.002008 0.000000 0.202183 0.002008 0.999998 0.000000 0.005650 0.000000 0.000000 1.000000 0.000000
0.999998 -0.002010 0.000000 0.202399 0.002010 0.999998 0.000000 0.005659 0.000000 0.000000 1.000000 0.000000
0.999998 -0.002013 0.000000 0.202482 0.002013 0.999998 0.000000 0.005659 0.000000 0.000000 1.000000 0.000000
0.999998 -0.002013 0.000000 0.202498 0.002013 0.999998 0.000000 0.005659 0.000000 0.000000 1.000000 0.000000
0.999998 -0.002015 0.000000 0.202652 0.002015 0.999998 0.000000 0.005662 0.000000 0.000000 1.000000 0.000000
0.999998 -0.002011 0.000000 0.202712 0.002011 0.999998 0.000000 0.005661 0.000000 0.000000 1.000000 0.000000
0.999998 -0.002001 0.000000 0.202550 0.002001 0.999998 0.000000 0.005651 0.000000 0.000000 1.000000 0.000000
0.999999 -0.001585 0.000000 0.199969 0.001585 0.999999 0.000000 0.005284 0.000000 0.000000 1.000000 0.000000
0.999999 -0.001581 0.000000 0.200143 0.001581 0.999999 0.000000 0.005262 0.000000 0.000000 1.000000 0.000000
0.999999 -0.001384 0.000000 0.207129 0.001384 0.999999 0.000000 0.005285 0.000000 0.000000 1.000000 0.000000
0.999999 -0.001389 0.000000 0.207309 0.001389 0.999999 0.000000 0.005271 0.000000 0.000000 1.000000 0.000000
0.999999 -0.001593 0.000000 0.220380 0.001593 0.999999 0.000000 0.005197 0.000000 0.000000 1.000000 0.000000
0.999998 -0.001741 0.000000 0.232880 0.001741 0.999998 0.000000 0.005039 0.000000 0.000000 1.000000 0.000000
0.999998 -0.002010 0.000000 0.244313 0.002010 0.999998 0.000000 0.005036 0.000000 0.000000 1.000000 0.000000
0.999997 -0.002348 0.000000 0.258144 0.002348 0.999997 0.000000 0.005088 0.000000 0.000000 1.000000 0.000000
0.999997 -0.002576 0.000000 0.271155 0.002576 0.999997 0.000000 0.005296 0.000000 0.000000 1.000000 0.000000
0.999996 -0.002722 0.000000 0.281448 0.002722 0.999996 0.000000 0.005204 0.000000 0.000000 1.000000 0.000000
0.999996 -0.002727 0.000000 0.281571 0.002727 0.999996 0.000000 0.005194 0.000000 0.000000 1.000000 0.000000
0.999996 -0.002734 0.000000 0.281647 0.002734 0.999996 0.000000 0.005175 0.000000 0.000000 1.000000 0.000000
0.999996 -0.002948 0.000000 0.293724 0.002948 0.999996 0.000000 0.005027 0.000000 0.000000 1.000000 0.000000
0.999996 -0.002954 0.000000 0.293903 0.002954 0.999996 0.000000 0.005019 0.000000 0.000000 1.000000 0.000000
0.999996 -0.002952 0.000000 0.293994 0.002952 0.999996 0.000000 0.005017 0.000000 0.000000 1.000000 0.000000
0.999996 -0.002959 0.000000 0.294076 0.002959 0.999996 0.000000 0.005010 0.000000 0.000000 1.000000 0.000000
0.999996 -0.002968 0.000000 0.294194 0.002968 0.999996 0.000000 0.005004 0.000000 0.000000 1.000000 0.000000
0.999994 -0.003344 0.000000 0.305253 0.003344 0.999994 0.000000 0.005159 0.000000 0.000000 1.000000 0.000000
0.999993 -0.003642 0.000000 0.315789 0.003642 0.999993 0.000000 0.005167 0.000000 0.000000 1.000000 0.000000
0.999993 -0.003646 0.000000 0.315831 0.003646 0.999993 0.000000 0.005166 0.000000 0.000000 1.000000 0.000000
0.999993 -0.003648 0.000000 0.316006 0.003648 0.999993 0.000000 0.005167 0.000000 0.000000 1.000000 0.000000
0.999993 -0.003654 0.000000 0.316113 0.003654 0.999993 0.000000 0.005163 0.000000 0.000000 1.000000 0.000000
0.999993 -0.003656 0.000000 0.316256 0.003656 0.999993 0.000000 0.005164 0.000000 0.000000 1.000000 0.000000
0.999993 -0.003651 0.000000 0.316426 0.003651 0.999993 0.000000 0.005162 0.000000 0.000000 1.000000 0.000000
0.999996 -0.002713 0.000000 0.345786 0.002713 0.999996 0.000000 0.006016 0.000000 0.000000 1.000000 0.000000
0.999998 -0.001769 0.000000 0.374057 0.001769 0.999998 0.000000 0.006274 0.000000 0.000000 1.000000 0.000000
1.000000 -0.000019 0.000000 0.366071 0.000019 1.000000 0.000000 0.009296 0.000000 0.000000 1.000000 0.000000
0.999992 0.003908 0.000000 0.345166 -0.003908 0.999992 0.000000 0.021307 0.000000 0.000000 1.000000 0.000000
0.999973 0.007284 0.000000 0.326199 -0.007284 0.999973 0.000000 0.021665 0.000000 0.000000 1.000000 0.000000
0.999856 0.016972 0.000000 0.255685 -0.016972 0.999856 0.000000 0.052597 0.000000 0.000000 1.000000 0.000000
0.999483 0.032142 0.000000 0.133013 -0.032142 0.999483 0.000000 0.043004 0.000000 0.000000 1.000000 0.000000
0.998442 0.055798 0.000000 0.370655 -0.055798 0.998442 0.000000 0.019154 0.000000 0.000000 1.000000 0.000000
0.996425 0.084486 0.000000 0.660981 -0.084486 0.996425 0.000000 -0.017994 0.000000 0.000000 1.000000 0.000000
0.993018 0.117966 0.000000 0.983059 -0.117966 0.993018 0.000000 -0.105883 0.000000 0.000000 1.000000 0.000000
0.987915 0.154995 0.000000 1.376656 -0.154995 0.987915 0.000000 -0.179755 0.000000 0.000000 1.000000 0.000000
0.981132 0.193340 0.000000 1.773774 -0.193340 0.981132 0.000000 -0.249968 0.000000 0.000000 1.000000 0.000000
0.973214 0.229901 0.000000 2.249867 -0.229901 0.973214 0.000000 -0.383296 0.000000 0.000000 1.000000 0.000000
0.965907 0.258890 0.000000 2.748370 -0.258890 0.965907 0.000000 -0.536834 0.000000 0.000000 1.000000 0.000000
0.961615 0.274401 0.000000 3.339568 -0.274401 0.961615 0.000000 -0.676009 0.000000 0.000000 1.000000 0.000000
0.960577 0.278013 0.000000 3.975869 -0.278013 0.960577 0.000000 -0.828633 0.000000 0.000000 1.000000 0.000000
0.963318 0.268363 0.000000 4.761522 -0.268363 0.963318 0.000000 -0.990866 0.000000 0.000000 1.000000 0.000000
0.968390 0.249442 0.000000 5.574512 -0.249442 0.968390 0.000000 -1.185591 0.000000 0.000000 1.000000 0.000000
0.975039 0.222035 0.000000 6.480716 -0.222035 0.975039 0.000000 -1.329368 0.000000 0.000000 1.000000 0.000000
0.980779 0.195120 0.000000 7.500503 -0.195120 0.980779 0.000000 -1.488265 0.000000 0.000000 1.000000 0.000000
0.984770 0.173860 0.000000 8.555372 -0.173860 0.984770 0.000000 -1.645422 0.000000 0.000000 1.000000 0.000000
0.988342 0.152249 0.000000 9.663480 -0.152249 0.988342 0.000000 -1.786210 0.000000 0.000000 1.000000 0.000000
0.991150 0.132744 0.000000 10.905591 -0.132744 0.991150 0.000000 -1.903861 0.000000 0.000000 1.000000 0.000000
0.993385 0.114832 0.000000 12.235463 -0.114832 0.993385 0.000000 -2.006051 0.000000 0.000000 1.000000 0.000000
0.994720 0.102629 0.000000 13.547419 -0.102629 0.994720 0.000000 -2.103074 0.000000 0.000000 1.000000 0.000000
0.996180 0.087320 0.000000 15.037187 -0.087320 0.996180 0.000000 -2.202671 0.000000 0.000000 1.000000 0.000000
0.996962 0.077886 0.000000 16.489235 -0.077886 0.996962 0.000000 -2.290385 0.000000 0.000000 1.000000 0.000000
0.997700 0.067778 0.000000 18.001348 -0.067778 0.997700 0.000000 -2.379754 0.000000 0.000000 1.000000 0.000000
0.998349 0.057434 0.000000 19.636175 -0.057434 0.998349 0.000000 -2.439577 0.000000 0.000000 1.000000 0.000000
0.998693 0.051103 0.000000 21.198090 -0.051103 0.998693 0.000000 -2.476321 0.000000 0.000000 1.000000 0.000000
0.998660 0.051749 0.000000 22.944646 -0.051749 0.998660 0.000000 -2.516643 0.000000 0.000000 1.000000 0.000000
0.998903 0.046827 0.000000 24.549014 -0.046827 0.998903 0.000000 -2.585954 0.000000 0.000000 1.000000 0.000000
0.999129 0.041731 0.000000 26.283176 -0.041731 0.999129 0.000000 -2.600412 0.000000 0.000000 1.000000 0.000000
0.999126 0.041808 0.000000 27.999625 -0.041808 0.999126 0.000000 -2.660535 0.000000 0.000000 1.000000 0.000000
0.999039 0.043833 0.000000 29.708065 -0.043833 0.999039 0.000000 -2.714829 0.000000 0.000000 1.000000 0.000000
0.998828 0.048395 0.000000 31.586049 -0.048395 0.998828 0.000000 -2.766391 0.000000 0.000000 1.000000 0.000000
0.998524 0.054320 0.000000 33.358739 -0.054320 0.998524 0.000000 -2.826926 0.000000 0.000000 1.000000 0.000000
0.998237 0.059346 0.000000 35.098401 -0.059346 0.998237 0.000000 -2.889876 0.000000 0.000000 1.000000 0.000000
0.998032 0.062709 0.000000 36.931352 -0.062709 0.998032 0.000000 -2.977322 0.000000 0.000000 1.000000 0.000000
0.998117 0.061339 0.000000 38.755892 -0.061339 0.998117 0.000000 -3.065392 0.000000 0.000000 1.000000 0.000000
0.998152 0.060765 0.000000 40.575722 -0.060765 0.998152 0.000000 -3.138685 0.000000 0.000000 1.000000 0.000000
0.998104 0.061553 0.000000 42.467131 -0.061553 0.998104 0.000000 -3.230756 0.000000 0.000000 1.000000 0.000000
0.997906 0.064679 0.000000 44.382759 -0.064679 0.997906 0.000000 -3.325726 0.000000 0.000000 1.000000 0.000000
0.997591 0.069374 0.000000 46.273339 -0.069374 0.997591 0.000000 -3.425937 0.000000 0.000000 1.000000 0.000000
0.997287 0.073611 0.000000 48.172190 -0.073611 0.997287 0.000000 -3.535745 0.000000 0.000000 1.000000 0.000000
0.997071 0.076486 0.000000 50.160312 -0.076486 0.997071 0.000000 -3.673741 0.000000 0.000000 1.000000 0.000000
0.996713 0.081009 0.000000 52.034065 -0.081009 0.996713 0.000000 -3.792839 0.000000 0.000000 1.000000 0.000000
0.996650 0.081779 0.000000 53.859674 -0.081779 0.996650 0.000000 -3.937206 0.000000 0.000000 1.000000 0.000000
0.996957 0.077958 0.000000 55.895644 -0.077958 0.996957 0.000000 -4.066599 0.000000 0.000000 1.000000 0.000000
0.997501 0.070658 0.000000 57.947409 -0.070658 0.997501 0.000000 -4.178738 0.000000 0.000000 1.000000 0.000000
0.997769 0.066757 0.000000 59.928780 -0.066757 0.997769 0.000000 -4.284373 0.000000 0.000000 1.000000 0.000000
0.998017 0.062945 0.000000 62.039045 -0.062945 0.998017 0.000000 -4.389696 0.000000 0.000000 1.000000 0.000000
0.998292 0.058414 0.000000 64.160411 -0.058414 0.998292 0.000000 -4.479819 0.000000 0.000000 1.000000 0.000000
0.998618 0.052550 0.000000 66.349753 -0.052550 0.998618 0.000000 -4.561072 0.000000 0.000000 1.000000 0.000000
0.998904 0.046809 0.000000 68.490324 -0.046809 0.998904 0.000000 -4.635542 0.000000 0.000000 1.000000 0.000000
0.999117 0.042011 0.000000 70.527293 -0.042011 0.999117 0.000000 -4.695082 0.000000 0.000000 1.000000 0.000000
0.999416 0.034172 0.000000 72.576691 -0.034172 0.999416 0.000000 -4.702398 0.000000 0.000000 1.000000 0.000000
0.999616 0.027698 0.000000 74.622938 -0.027698 0.999616 0.000000 -4.713356 0.000000 0.000000 1.000000 0.000000
0.999750 0.022370 0.000000 76.618748 -0.022370 0.999750 0.000000 -4.675952 0.000000 0.000000 1.000000 0.000000
0.999845 0.017596 0.000000 78.655795 -0.017596 0.999845 0.000000 -4.661492 0.000000 0.000000 1.000000 0.000000
0.999936 0.011295 0.000000 80.612623 -0.011295 0.999936 0.000000 -4.622862 0.000000 0.000000 1.000000 0.000000
0.999959 0.009011 0.000000 82.514889 -0.009011 0.999959 0.000000 -4.599846 0.000000 0.000000 1.000000 0.000000
0.999971 0.007659 0.000000 84.615001 -0.007659 0.999971 0.000000 -4.571244 0.000000 0.000000 1.000000 0.000000
0.999967 0.008092 0.000000 86.706097 -0.008092 0.999967 0.000000 -4.524939 0.000000 0.000000 1.000000 0.000000
0.999922 0.012495 0.000000 88.796876 -0.012495 0.999922 0.000000 -4.504667 0.000000 0.000000 1.000000 0.000000
0.999859 0.016809 0.000000 90.885493 -0.016809 0.999859 0.000000 -4.511025 0.000000 0.000000 1.000000 0.000000
0.999756 0.022067 0.000000 92.953532 -0.022067 0.999756 0.000000 -4.491765 0.000000 0.000000 1.000000 0.000000
0.999605 0.028088 0.000000 95.061905 -0.028088 0.999605 0.000000 -4.535919 0.000000 0.000000 1.000000 0.000000
0.999268 0.038242 0.000000 97.322876 -0.038242 0.999268 0.000000 -4.597912 0.000000 0.000000 1.000000 0.000000
0.999008 0.044529 0.000000 99.428173 -0.044529 0.999008 0.000000 -4.682663 0.000000 0.000000 1.000000 0.000000
0.998671 0.051547 0.000000 101.495144 -0.051547 0.998671 0.000000 -4.767687 0.000000 0.000000 1.000000 0.000000
0.998356 0.057315 0.000000 103.632799 -0.057315 0.998356 0.000000 -4.833966 0.000000 0.000000 1.000000 0.000000
0.997976 0.063598 0.000000 105.668221 -0.063598 0.997976 0.000000 -4.944588 0.000000 0.000000 1.000000 0.000000
0.997708 0.067662 0.000000 107.695617 -0.067662 0.997708 0.000000 -5.024726 0.000000 0.000000 1.000000 0.000000
0.997380 0.072337 0.000000 109.775355 -0.072337 0.997380 0.000000 -5.123470 0.000000 0.000000 1.000000 0.000000
0.997078 0.076387 0.000000 111.876265 -0.076387 0.997078 0.000000 -5.217387 0.000000 0.000000 1.000000 0.000000
0.996351 0.085347 0.000000 113.915704 -0.085347 0.996351 0.000000 -5.318320 0.000000 0.000000 1.000000 0.000000
0.995467 0.095106 0.000000 115.990726 -0.095106 0.995467 0.000000 -5.465658 0.000000 0.000000 1.000000 0.000000
0.995555 0.094187 0.000000 118.038359 -0.094187 0.995555 0.000000 -5.625474 0.000000 0.000000 1.000000 0.000000
0.995414 0.095659 0.000000 120.178739 -0.095659 0.995414 0.000000 -5.795403 0.000000 0.000000 1.000000 0.000000
0.995262 0.097233 0.000000 122.168257 -0.097233 0.995262 0.000000 -5.977434 0.000000 0.000000 1.000000 0.000000
0.994982 0.100058 0.000000 124.180526 -0.100058 0.994982 0.000000 -6.140426 0.000000 0.000000 1.000000 0.000000
0.994971 0.100159 0.000000 126.251731 -0.100159 0.994971 0.000000 -6.318837 0.000000 0.000000 1.000000 0.000000
0.995386 0.095954 0.000000 128.313673 -0.095954 0.995386 0.000000 -6.502126 0.000000 0.000000 1.000000 0.000000
0.995886 0.090616 0.000000 130.380985 -0.090616 0.995886 0.000000 -6.683236 0.000000 0.000000 1.000000 0.000000
0.996595 0.082449 0.000000 132.512130 -0.082449 0.996595 0.000000 -6.854218 0.000000 0.000000 1.000000 0.000000
0.997000 0.077407 0.000000 134.561018 -0.077407 0.997000 0.000000 -6.984439 0.000000 0.000000 1.000000 0.000000
0.997729 0.067363 0.000000 136.551608 -0.067363 0.997729 0.000000 -7.100655 0.000000 0.000000 1.000000 0.000000
0.997991 0.063357 0.000000 138.653809 -0.063357 0.997991 0.000000 -7.216040 0.000000 0.000000 1.000000 0.000000
0.998078 0.061971 0.000000 140.712423 -0.061971 0.998078 0.000000 -7.286836 0.000000 0.000000 1.000000 0.000000
0.997962 0.063818 0.000000 142.861220 -0.063818 0.997962 0.000000 -7.385613 0.000000 0.000000 1.000000 0.000000
0.997862 0.065359 0.000000 145.031133 -0.065359 0.997862 0.000000 -7.499413 0.000000 0.000000 1.000000 0.000000
0.998087 0.061828 0.000000 147.084388 -0.061828 0.998087 0.000000 -7.560031 0.000000 0.000000 1.000000 0.000000
0.998125 0.061211 0.000000 149.182624 -0.061211 0.998125 0.000000 -7.648987 0.000000 0.000000 1.000000 0.000000
0.998353 0.057371 0.000000 151.226468 -0.057371 0.998353 0.000000 -7.748138 0.000000 0.000000 1.000000 0.000000
0.998155 0.060711 0.000000 153.329781 -0.060711 0.998155 0.000000 -7.842202 0.000000 0.000000 1.000000 0.000000
0.997909 0.064639 0.000000 155.158723 -0.064639 0.997909 0.000000 -7.937148 0.000000 0.000000 1.000000 0.000000
0.997791 0.066427 0.000000 157.339490 -0.066427 0.997791 0.000000 -8.047841 0.000000 0.000000 1.000000 0.000000
0.997653 0.068472 0.000000 159.486103 -0.068472 0.997653 0.000000 -8.194697 0.000000 0.000000 1.000000 0.000000
0.997612 0.069066 0.000000 161.672311 -0.069066 0.997612 0.000000 -8.338963 0.000000 0.000000 1.000000 0.000000
0.997359 0.072627 0.000000 163.879097 -0.072627 0.997359 0.000000 -8.487865 0.000000 0.000000 1.000000 0.000000
0.997186 0.074965 0.000000 166.100768 -0.074965 0.997186 0.000000 -8.632233 0.000000 0.000000 1.000000 0.000000
0.997029 0.077024 0.000000 168.298521 -0.077024 0.997029 0.000000 -8.763212 0.000000 0.000000 1.000000 0.000000
0.997130 0.075709 0.000000 170.530881 -0.075709 0.997130 0.000000 -8.918404 0.000000 0.000000 1.000000 0.000000
0.996934 0.078244 0.000000 172.747437 -0.078244 0.996934 0.000000 -9.064320 0.000000 0.000000 1.000000 0.000000
