1.000000 0.000005 0.000000 0.000076 -0.000005 1.000000 0.000000 -0.000006 0.000000 0.000000 1.000000 0.000000
1.000000 0.000011 0.000000 0.000281 -0.000011 1.000000 0.000000 -0.000010 0.000000 0.000000 1.000000 0.000000
1.000000 0.000004 0.000000 -0.001687 -0.000004 1.000000 0.000000 0.000018 0.000000 0.000000 1.000000 0.000000
1.000000 0.000012 0.000000 -0.001848 -0.000012 1.000000 0.000000 0.000008 0.000000 0.000000 1.000000 0.000000
1.000000 0.000097 0.000000 -0.003146 -0.000097 1.000000 0.000000 0.000277 0.000000 0.000000 1.000000 0.000000
1.000000 0.000099 0.000000 -0.003313 -0.000099 1.000000 0.000000 0.000279 0.000000 0.000000 1.000000 0.000000
1.000000 0.000099 0.000000 -0.003463 -0.000099 1.000000 0.000000 0.000278 0.000000 0.000000 1.000000 0.000000
1.000000 0.000101 0.000000 -0.003391 -0.000101 1.000000 0.000000 0.000281 0.000000 0.000000 1.000000 0.000000
1.000000 0.000105 0.000000 -0.003608 -0.000105 1.000000 0.000000 0.000280 0.000000 0.000000 1.000000 0.000000
1.000000 0.000106 0.000000 -0.003698 -0.000106 1.000000 0.000000 0.000282 0.000000 0.000000 1.000000 0.000000
1.000000 0.000108 0.000000 -0.003824 -0.000108 1.000000 0.000000 0.000282 0.000000 0.000000 1.000000 0.000000
1.000000 0.000109 0.000000 -0.003879 -0.000109 1.000000 0.000000 0.000284 0.000000 0.000000 1.000000 0.000000
1.000000 0.000201 0.000000 -0.004485 -0.000201 1.000000 0.000000 0.000399 0.000000 0.000000 1.000000 0.000000
1.000000 0.000206 0.000000 -0.004674 -0.000206 1.000000 0.000000 0.000393 0.000000 0.000000 1.000000 0.000000
1.000000 0.000206 0.000000 -0.004860 -0.000206 1.000000 0.000000 0.000392 0.000000 0.000000 1.000000 0.000000
1.000000 0.000210 0.000000 -0.004974 -0.000210 1.000000 0.000000 0.000387 0.000000 0.000000 1.000000 0.000000
1.000000 0.000213 0.000000 -0.005104 -0.000213 1.000000 0.000000 0.000381 0.000000 0.000000 1.000000 0.000000
1.000000 0.000216 0.000000 -0.005225 -0.000216 1.000000 0.000000 0.000380 0.000000 0.000000 1.000000 0.000000
1.000000 0.000221 0.000000 -0.005344 -0.000221 1.000000 0.000000 0.000373 0.000000 0.000000 1.000000 0.000000
1.000000 0.000221 0.000000 -0.005496 -0.000221 1.000000 0.000000 0.000376 0.000000 0.000000 1.000000 0.000000
1.000000 0.000233 0.000000 -0.005948 -0.000233 1.000000 0.000000 0.000399 0.000000 0.000000 1.000000 0.000000
1.000000 0.000221 0.000000 -0.007860 -0.000221 1.000000 0.000000 0.000445 0.000000 0.000000 1.000000 0.000000
1.000000 0.000221 0.000000 -0.007842 -0.000221 1.000000 0.000000 0.000443 0.000000 0.000000 1.000000 0.000000
1.000000 0.000223 0.000000 -0.008061 -0.000223 1.000000 0.000000 0.000435 0.000000 0.000000 1.000000 0.000000
1.000000 0.000225 0.000000 -0.008218 -0.000225 1.000000 0.000000 0.000430 0.000000 0.000000 1.000000 0.000000
1.000000 0.000230 0.000000 -0.008195 -0.000230 1.000000 0.000000 0.000429 0.000000 0.000000 1.000000 0.000000
1.000000 0.000229 0.000000 -0.008421 -0.000229 1.000000 0.000000 0.000426 0.000000 0.000000 1.000000 0.000000
1.000000 0.000229 0.000000 -0.008527 -0.000229 1.000000 0.000000 0.000424 0.000000 0.000000 1.000000 0.000000
1.000000 0.000234 0.000000 -0.008496 -0.000234 1.000000 0.000000 0.000421 0.000000 0.000000 1.000000 0.000000
1.000000 0.000233 0.000000 -0.008687 -0.000233 1.000000 0.000000 0.000419 0.000000 0.000000 1.000000 0.000000
1.000000 0.000330 0.000000 -0.010683 -0.000330 1.000000 0.000000 0.000450 0.000000 0.000000 1.000000 0.000000
1.000000 0.000327 0.000000 -0.010701 -0.000327 1.000000 0.000000 0.000437 0.000000 0.000000 1.000000 0.000000
1.000000 0.000333 0.000000 -0.010761 -0.000333 1.000000 0.000000 0.000446 0.000000 0.000000 1.000000 0.000000
1.000000 0.000331 0.000000 -0.010760 -0.000331 1.000000 0.000000 0.000440 0.000000 0.000000 1.000000 0.000000
1.000000 0.000312 0.000000 -0.013074 -0.000312 1.000000 0.000000 0.000445 0.000000 0.000000 1.000000 0.000000
1.000000 0.000318 0.000000 -0.013136 -0.000318 1.000000 0.000000 0.000446 0.000000 0.000000 1.000000 0.000000
1.000000 0.000318 0.000000 -0.013167 -0.000318 1.000000 0.000000 0.000442 0.000000 0.000000 1.000000 0.000000
1.000000 0.000317 0.000000 -0.013251 -0.000317 1.000000 0.000000 0.000438 0.000000 0.000000 1.000000 0.000000
1.000000 0.000290 0.000000 -0.013892 -0.000290 1.000000 0.000000 0.000395 0.000000 0.000000 1.000000 0.000000
1.000000 0.000283 0.000000 -0.013952 -0.000283 1.000000 0.000000 0.000373 0.000000 0.000000 1.000000 0.000000
1.000000 0.000255 0.000000 -0.016654 -0.000255 1.000000 0.000000 0.000349 0.000000 0.000000 1.000000 0.000000
1.000000 0.000246 0.000000 -0.017398 -0.000246 1.000000 0.000000 0.000338 0.000000 0.000000 1.000000 0.000000
1.000000 0.000249 0.000000 -0.017590 -0.000249 1.000000 0.000000 0.000331 0.000000 0.000000 1.000000 0.000000
1.000000 0.000214 0.000000 -0.019844 -0.000214 1.000000 0.000000 0.000384 0.000000 0.000000 1.000000 0.000000
1.000000 0.000227 0.000000 -0.019646 -0.000227 1.000000 0.000000 0.000393 0.000000 0.000000 1.000000 0.000000
1.000000 0.000465 0.000000 -0.021480 -0.000465 1.000000 0.000000 0.000790 0.000000 0.000000 1.000000 0.000000
1.000000 0.000449 0.000000 -0.025410 -0.000449 1.000000 0.000000 0.000808 0.000000 0.000000 1.000000 0.000000
1.000000 0.000531 0.000000 -0.028196 -0.000531 1.000000 0.000000 0.001050 0.000000 0.000000 1.000000 0.000000
1.000000 0.000638 0.000000 -0.028886 -0.000638 1.000000 0.000000 0.001219 0.000000 0.000000 1.000000 0.000000
0.999999 0.001064 0.000000 -0.031702 -0.001064 0.999999 0.000000 0.002059 0.000000 0.000000 1.000000 0.000000
0.999999 0.001075 0.000000 -0.031889 -0.001075 0.999999 0.000000 0.002070 0.000000 0.000000 1.000000 0.000000
0.999999 0.001199 0.000000 -0.033336 -0.001199 0.999999 0.000000 0.002355 0.000000 0.000000 1.000000 0.000000
0.999999 0.001322 0.000000 -0.034222 -0.001322 0.999999 0.000000 0.002522 0.000000 0.000000 1.000000 0.000000
0.999999 0.001339 0.000000 -0.034345 -0.001339 0.999999 0.000000 0.002539 0.000000 0.000000 1.000000 0.000000
0.999999 0.001344 0.000000 -0.034487 -0.001344 0.999999 0.000000 0.002550 0.000000 0.000000 1.000000 0.000000
0.999999 0.001468 0.000000 -0.036212 -0.001468 0.999999 0.000000 0.002608 0.000000 0.000000 1.000000 0.000000
0.999998 0.001761 0.000000 -0.038735 -0.001761 0.999998 0.000000 0.003087 0.000000 0.000000 1.000000 0.000000
0.999998 0.001834 0.000000 -0.042952 -0.001834 0.999998 0.000000 0.003287 0.000000 0.000000 1.000000 0.000000
0.999998 0.001847 0.000000 -0.043120 -0.001847 0.999998 0.000000 0.003298 0.000000 0.000000 1.000000 0.000000
0.999998 0.001937 0.000000 -0.043663 -0.001937 0.999998 0.000000 0.003428 0.000000 0.000000 1.000000 0.000000
0.999998 0.002022 0.000000 -0.044976 -0.002022 0.999998 0.000000 0.003693 0.000000 0.000000 1.000000 0.000000
0.999998 0.002022 0.000000 -0.046659 -0.002022 0.999998 0.000000 0.003694 0.000000 0.000000 1.000000 0.000000
0.999998 0.002127 0.000000 -0.049306 -0.002127 0.999998 0.000000 0.003975 0.000000 0.000000 1.000000 0.000000
0.999998 0.002129 0.000000 -0.049498 -0.002129 0.999998 0.000000 0.003981 0.000000 0.000000 1.000000 0.000000
0.999998 0.002185 0.000000 -0.050508 -0.002185 0.999998 0.000000 0.004034 0.000000 0.000000 1.000000 0.000000
0.999998 0.002189 0.000000 -0.050707 -0.002189 0.999998 0.000000 0.004031 0.000000 0.000000 1.000000 0.000000
0.999998 0.002188 0.000000 -0.050896 -0.002188 0.999998 0.000000 0.004028 0.000000 0.000000 1.000000 0.000000
0.999997 0.002264 0.000000 -0.052373 -0.002264 0.999997 0.000000 0.004225 0.000000 0.000000 1.000000 0.000000
0.999997 0.002266 0.000000 -0.052549 -0.002266 0.999997 0.000000 0.004217 0.000000 0.000000 1.000000 0.000000
0.999997 0.002297 0.000000 -0.053044 -0.002297 0.999997 0.000000 0.004233 0.000000 0.000000 1.000000 0.000000
0.999997 0.002306 0.000000 -0.052990 -0.002306 0.999997 0.000000 0.004229 0.000000 0.000000 1.000000 0.000000
0.999997 0.002300 0.000000 -0.053113 -0.002300 0.999997 0.000000 0.004212 0.000000 0.000000 1.000000 0.000000
0.999997 0.002431 0.000000 -0.054003 -0.002431 0.999997 0.000000 0.004396 0.000000 0.000000 1.000000 0.000000
0.999997 0.002488 0.000000 -0.054755 -0.002488 0.999997 0.000000 0.004432 0.000000 0.000000 1.000000 0.000000
0.999997 0.002492 0.000000 -0.054809 -0.002492 0.999997 0.000000 0.004429 0.000000 0.000000 1.000000 0.000000
0.999996 0.002875 0.000000 -0.057043 -0.002875 0.999996 0.000000 0.005107 0.000000 0.000000 1.000000 0.000000
0.999996 0.002891 0.000000 -0.057117 -0.002891 0.999996 0.000000 0.005123 0.000000 0.000000 1.000000 0.000000
0.999995 0.003073 0.000000 -0.058534 -0.003073 0.999995 0.000000 0.005389 0.000000 0.000000 1.000000 0.000000
0.999995 0.003155 0.000000 -0.059196 -0.003155 0.999995 0.000000 0.005506 0.000000 0.000000 1.000000 0.000000
0.999994 0.003483 0.000000 -0.066028 -0.003483 0.999994 0.000000 0.006701 0.000000 0.000000 1.000000 0.000000
0.999994 0.003567 0.000000 -0.066601 -0.003567 0.999994 0.000000 0.006815 0.000000 0.000000 1.000000 0.000000
0.999993 0.003791 0.000000 -0.072131 -0.003791 0.999993 0.000000 0.007930 0.000000 0.000000 1.000000 0.000000
0.999993 0.003796 0.000000 -0.072366 -0.003796 0.999993 0.000000 0.007931 0.000000 0.000000 1.000000 0.000000
0.999993 0.003801 0.000000 -0.072345 -0.003801 0.999993 0.000000 0.007927 0.000000 0.000000 1.000000 0.000000
0.999993 0.003815 0.000000 -0.072802 -0.003815 0.999993 0.000000 0.007940 0.000000 0.000000 1.000000 0.000000
0.999992 0.003945 0.000000 -0.073942 -0.003945 0.999992 0.000000 0.008141 0.000000 0.000000 1.000000 0.000000
0.999992 0.004073 0.000000 -0.077225 -0.004073 0.999992 0.000000 0.008266 0.000000 0.000000 1.000000 0.000000
0.999992 0.004075 0.000000 -0.077262 -0.004075 0.999992 0.000000 0.008270 0.000000 0.000000 1.000000 0.000000
0.999991 0.004155 0.000000 -0.082014 -0.004155 0.999991 0.000000 0.008431 0.000000 0.000000 1.000000 0.000000
0.999991 0.004158 0.000000 -0.082187 -0.004158 0.999991 0.000000 0.008440 0.000000 0.000000 1.000000 0.000000
0.999991 0.004206 0.000000 -0.082586 -0.004206 0.999991 0.000000 0.008499 0.000000 0.000000 1.000000 0.000000
0.999992 0.004100 0.000000 -0.084180 -0.004100 0.999992 0.000000 0.008523 0.000000 0.000000 1.000000 0.000000
0.999992 0.004103 0.000000 -0.084225 -0.004103 0.999992 0.000000 0.008521 0.000000 0.000000 1.000000 0.000000
0.999992 0.004106 0.000000 -0.084300 -0.004106 0.999992 0.000000 0.008521 0.000000 0.000000 1.000000 0.000000
0.999992 0.004107 0.000000 -0.084405 -0.004107 0.999992 0.000000 0.008510 0.000000 0.000000 1.000000 0.000000
0.999992 0.004119 0.000000 -0.084450 -0.004119 0.999992 0.000000 0.008519 0.000000 0.000000 1.000000 0.000000
0.999991 0.004272 0.000000 -0.087122 -0.004272 0.999991 0.000000 0.008637 0.000000 0.000000 1.000000 0.000000
0.999991 0.004243 0.000000 -0.088092 -0.004243 0.999991 0.000000 0.008691 0.000000 0.000000 1.000000 0.000000
0.999991 0.004263 0.000000 -0.088177 -0.004263 0.999991 0.000000 0.008704 0.000000 0.000000 1.000000 0.000000
0.999990 0.004416 0.000000 -0.089356 -0.004416 0.999990 0.000000 0.008963 0.000000 0.000000 1.000000 0.000000
0.999990 0.004422 0.000000 -0.089525 -0.004422 0.999990 0.000000 0.008961 0.000000 0.000000 1.000000 0.000000
0.999990 0.004483 0.000000 -0.090375 -0.004483 0.999990 0.000000 0.009134 0.000000 0.000000 1.000000 0.000000
0.999989 0.004729 0.000000 -0.091960 -0.004729 0.999989 0.000000 0.009411 0.000000 0.000000 1.000000 0.000000
0.999989 0.004732 0.000000 -0.092128 -0.004732 0.999989 0.000000 0.009409 0.000000 0.000000 1.000000 0.000000
0.999989 0.004756 0.000000 -0.092856 -0.004756 0.999989 0.000000 0.009437 0.000000 0.000000 1.000000 0.000000
0.999989 0.004757 0.000000 -0.092944 -0.004757 0.999989 0.000000 0.009442 0.000000 0.000000 1.000000 0.000000
0.999989 0.004763 0.000000 -0.092979 -0.004763 0.999989 0.000000 0.009441 0.000000 0.000000 1.000000 0.000000
0.999989 0.004774 0.000000 -0.093113 -0.004774 0.999989 0.000000 0.009448 0.000000 0.000000 1.000000 0.000000
0.999987 0.005135 0.000000 -0.098842 -0.005135 0.999987 0.000000 0.010448 0.000000 0.000000 1.000000 0.000000
0.999985 0.005544 0.000000 -0.089368 -0.005544 0.999985 0.000000 0.011671 0.000000 0.000000 1.000000 0.000000
0.999978 0.006690 0.000000 -0.037141 -0.006690 0.999978 0.000000 0.018006 0.000000 0.000000 1.000000 0.000000
0.999945 0.010498 0.000000 0.031725 -0.010498 0.999945 0.000000 0.016736 0.000000 0.000000 1.000000 0.000000
0.999883 0.015278 0.000000 0.168592 -0.015278 0.999883 0.000000 -0.000843 0.000000 0.000000 1.000000 0.000000
0.999758 0.022019 0.000000 0.363073 -0.022019 0.999758 0.000000 -0.015327 0.000000 0.000000 1.000000 0.000000
0.999528 0.030720 0.000000 0.636395 -0.030720 0.999528 0.000000 -0.034184 0.000000 0.000000 1.000000 0.000000
0.999067 0.043195 0.000000 0.973036 -0.043195 0.999067 0.000000 -0.064125 0.000000 0.000000 1.000000 0.000000
0.998488 0.054969 0.000000 1.344185 -0.054969 0.998488 0.000000 -0.090461 0.000000 0.000000 1.000000 0.000000
0.997415 0.071862 0.000000 1.803078 -0.071862 0.997415 0.000000 -0.126082 0.000000 0.000000 1.000000 0.000000
0.995640 0.093277 0.000000 2.313546 -0.093277 0.995640 0.000000 -0.199207 0.000000 0.000000 1.000000 0.000000
0.993100 0.117269 0.000000 2.877523 -0.117269 0.993100 0.000000 -0.266270 0.000000 0.000000 1.000000 0.000000
0.990001 0.141061 0.000000 3.499185 -0.141061 0.990001 0.000000 -0.350153 0.000000 0.000000 1.000000 0.000000
0.986501 0.163753 0.000000 4.199046 -0.163753 0.986501 0.000000 -0.479265 0.000000 0.000000 1.000000 0.000000
0.983355 0.181694 0.000000 4.954648 -0.181694 0.983355 0.000000 -0.581485 0.000000 0.000000 1.000000 0.000000
0.981910 0.189349 0.000000 5.731956 -0.189349 0.981910 0.000000 -0.710945 0.000000 0.000000 1.000000 0.000000
0.982186 0.187912 0.000000 6.611595 -0.187912 0.982186 0.000000 -0.853574 0.000000 0.000000 1.000000 0.000000
0.983817 0.179176 0.000000 7.561604 -0.179176 0.983817 0.000000 -0.981892 0.000000 0.000000 1.000000 0.000000
0.986043 0.166493 0.000000 8.568464 -0.166493 0.986043 0.000000 -1.096005 0.000000 0.000000 1.000000 0.000000
0.987786 0.155814 0.000000 9.664135 -0.155814 0.987786 0.000000 -1.250096 0.000000 0.000000 1.000000 0.000000
0.990043 0.140767 0.000000 10.764911 -0.140767 0.990043 0.000000 -1.394123 0.000000 0.000000 1.000000 0.000000
0.992098 0.125463 0.000000 11.931310 -0.125463 0.992098 0.000000 -1.500581 0.000000 0.000000 1.000000 0.000000
0.993939 0.109929 0.000000 13.177176 -0.109929 0.993939 0.000000 -1.606381 0.000000 0.000000 1.000000 0.000000
0.996108 0.088138 0.000000 14.504318 -0.088138 0.996108 0.000000 -1.707868 0.000000 0.000000 1.000000 0.000000
0.997689 0.067946 0.000000 15.807894 -0.067946 0.997689 0.000000 -1.740054 0.000000 0.000000 1.000000 0.000000
0.998980 0.045151 0.000000 17.184712 -0.045151 0.998980 0.000000 -1.795062 0.000000 0.000000 1.000000 0.000000
0.999570 0.029330 0.000000 18.512482 -0.029330 0.999570 0.000000 -1.802210 0.000000 0.000000 1.000000 0.000000
0.999813 0.019362 0.000000 19.785166 -0.019362 0.999813 0.000000 -1.751084 0.000000 0.000000 1.000000 0.000000
0.999915 0.013038 0.000000 21.039132 -0.013038 0.999915 0.000000 -1.750395 0.000000 0.000000 1.000000 0.000000
0.999934 0.011453 0.000000 22.465893 -0.011453 0.999934 0.000000 -1.760389 0.000000 0.000000 1.000000 0.000000
0.999984 0.005729 0.000000 23.912230 -0.005729 0.999984 0.000000 -1.742392 0.000000 0.000000 1.000000 0.000000
0.999999 0.001375 0.000000 25.458366 -0.001375 0.999999 0.000000 -1.713220 0.000000 0.000000 1.000000 0.000000
0.999994 -0.003520 0.000000 26.878901 0.003520 0.999994 0.000000 -1.674557 0.000000 0.000000 1.000000 0.000000
0.999963 -0.008615 0.000000 28.296808 0.008615 0.999963 0.000000 -1.620721 0.000000 0.000000 1.000000 0.000000
0.999845 -0.017581 0.000000 29.751974 0.017581 0.999845 0.000000 -1.519747 0.000000 0.000000 1.000000 0.000000
0.999870 -0.016143 0.000000 31.244210 0.016143 0.999870 0.000000 -1.477770 0.000000 0.000000 1.000000 0.000000
0.999792 -0.020398 0.000000 32.754562 0.020398 0.999792 0.000000 -1.414862 0.000000 0.000000 1.000000 0.000000
0.999832 -0.018306 0.000000 34.237266 0.018306 0.999832 0.000000 -1.357880 0.000000 0.000000 1.000000 0.000000
0.999818 -0.019074 0.000000 35.723703 0.019074 0.999818 0.000000 -1.291259 0.000000 0.000000 1.000000 0.000000
0.999806 -0.019701 0.000000 37.277338 0.019701 0.999806 0.000000 -1.243912 0.000000 0.000000 1.000000 0.000000
0.999811 -0.019421 0.000000 38.869962 0.019421 0.999811 0.000000 -1.187076 0.000000 0.000000 1.000000 0.000000
0.999847 -0.017496 0.000000 40.436600 0.017496 0.999847 0.000000 -1.128154 0.000000 0.000000 1.000000 0.000000
0.999834 -0.018235 0.000000 42.095157 0.018235 0.999834 0.000000 -1.087763 0.000000 0.000000 1.000000 0.000000
0.999840 -0.017910 0.000000 43.731820 0.017910 0.999840 0.000000 -1.011679 0.000000 0.000000 1.000000 0.000000
0.999844 -0.017636 0.000000 45.337065 0.017636 0.999844 0.000000 -0.924471 0.000000 0.000000 1.000000 0.000000
0.999898 -0.014260 0.000000 47.025447 0.014260 0.999898 0.000000 -0.852059 0.000000 0.000000 1.000000 0.000000
0.999934 -0.011454 0.000000 48.850009 0.011454 0.999934 0.000000 -0.792026 0.000000 0.000000 1.000000 0.000000
0.999972 -0.007493 0.000000 50.512276 0.007493 0.999972 0.000000 -0.733804 0.000000 0.000000 1.000000 0.000000
0.999993 -0.003853 0.000000 52.274656 0.003853 0.999993 0.000000 -0.693159 0.000000 0.000000 1.000000 0.000000
1.000000 0.000393 0.000000 54.030809 -0.000393 1.000000 0.000000 -0.666990 0.000000 0.000000 1.000000 0.000000
0.999994 0.003369 0.000000 55.754299 -0.003369 0.999994 0.000000 -0.630061 0.000000 0.000000 1.000000 0.000000
0.999989 0.004599 0.000000 57.420551 -0.004599 0.999989 0.000000 -0.612004 0.000000 0.000000 1.000000 0.000000
0.999987 0.005088 0.000000 59.140333 -0.005088 0.999987 0.000000 -0.597455 0.000000 0.000000 1.000000 0.000000
0.999990 0.004444 0.000000 60.951338 -0.004444 0.999990 0.000000 -0.570708 0.000000 0.000000 1.000000 0.000000
0.999997 0.002327 0.000000 62.722332 -0.002327 0.999997 0.000000 -0.553589 0.000000 0.000000 1.000000 0.000000
0.999999 -0.001522 0.000000 64.373877 0.001522 0.999999 0.000000 -0.536633 0.000000 0.000000 1.000000 0.000000
0.999998 -0.001856 0.000000 66.230341 0.001856 0.999998 0.000000 -0.495064 0.000000 0.000000 1.000000 0.000000
0.999998 -0.001964 0.000000 68.104938 0.001964 0.999998 0.000000 -0.469991 0.000000 0.000000 1.000000 0.000000
0.999998 -0.001829 0.000000 69.955498 0.001829 0.999998 0.000000 -0.416002 0.000000 0.000000 1.000000 0.000000
0.999995 -0.003228 0.000000 71.900638 0.003228 0.999995 0.000000 -0.359550 0.000000 0.000000 1.000000 0.000000
0.999996 -0.002994 0.000000 73.730439 0.002994 0.999996 0.000000 -0.326015 0.000000 0.000000 1.000000 0.000000
0.999998 -0.002054 0.000000 75.540406 0.002054 0.999998 0.000000 -0.314750 0.000000 0.000000 1.000000 0.000000
0.999999 -0.001231 0.000000 77.353912 0.001231 0.999999 0.000000 -0.276707 0.000000 0.000000 1.000000 0.000000
1.000000 -0.000368 0.000000 79.281571 0.000368 1.000000 0.000000 -0.224360 0.000000 0.000000 1.000000 0.000000
0.999999 0.001292 0.000000 81.099551 -0.001292 0.999999 0.000000 -0.202962 0.000000 0.000000 1.000000 0.000000
0.999999 0.001504 0.000000 82.967799 -0.001504 0.999999 0.000000 -0.193288 0.000000 0.000000 1.000000 0.000000
0.999999 0.001705 0.000000 84.836393 -0.001705 0.999999 0.000000 -0.160885 0.000000 0.000000 1.000000 0.000000
0.999999 0.001013 0.000000 86.624602 -0.001013 0.999999 0.000000 -0.114880 0.000000 0.000000 1.000000 0.000000
1.000000 0.000154 0.000000 88.469505 -0.000154 1.000000 0.000000 -0.081788 0.000000 0.000000 1.000000 0.000000
0.999999 -0.001258 0.000000 90.361969 0.001258 0.999999 0.000000 -0.050772 0.000000 0.000000 1.000000 0.000000
1.000000 0.000143 0.000000 92.085017 -0.000143 1.000000 0.000000 -0.014031 0.000000 0.000000 1.000000 0.000000
0.999997 0.002425 0.000000 93.940106 -0.002425 0.999997 0.000000 0.014080 0.000000 0.000000 1.000000 0.000000
0.999982 0.006048 0.000000 95.772657 -0.006048 0.999982 0.000000 0.003487 0.000000 0.000000 1.000000 0.000000
0.999944 0.010545 0.000000 97.574415 -0.010545 0.999944 0.000000 0.002400 0.000000 0.000000 1.000000 0.000000
0.999873 0.015953 0.000000 99.324776 -0.015953 0.999873 0.000000 -0.004646 0.000000 0.000000 1.000000 0.000000
0.999756 0.022106 0.000000 100.992504 -0.022106 0.999756 0.000000 -0.021213 0.000000 0.000000 1.000000 0.000000
0.999574 0.029201 0.000000 102.717169 -0.029201 0.999574 0.000000 -0.035146 0.000000 0.000000 1.000000 0.000000
0.999377 0.035299 0.000000 104.439876 -0.035299 0.999377 0.000000 -0.051289 0.000000 0.000000 1.000000 0.000000
0.999060 0.043342 0.000000 106.166034 -0.043342 0.999060 0.000000 -0.087763 0.000000 0.000000 1.000000 0.000000
0.998781 0.049365 0.000000 107.865884 -0.049365 0.998781 0.000000 -0.135876 0.000000 0.000000 1.000000 0.000000
0.998454 0.055577 0.000000 109.601728 -0.055577 0.998454 0.000000 -0.196017 0.000000 0.000000 1.000000 0.000000
0.998301 0.058263 0.000000 111.270753 -0.058263 0.998301 0.000000 -0.242503 0.000000 0.000000 1.000000 0.000000
0.998146 0.060865 0.000000 112.912381 -0.060865 0.998146 0.000000 -0.313423 0.000000 0.000000 1.000000 0.000000
0.997957 0.063886 0.000000 114.522207 -0.063886 0.997957 0.000000 -0.372442 0.000000 0.000000 1.000000 0.000000
0.997727 0.067384 0.000000 116.071118 -0.067384 0.997727 0.000000 -0.459704 0.000000 0.000000 1.000000 0.000000
0.997419 0.071802 0.000000 117.647900 -0.071802 0.997419 0.000000 -0.538777 0.000000 0.000000 1.000000 0.000000
0.997176 0.075106 0.000000 119.178652 -0.075106 0.997176 0.000000 -0.636190 0.000000 0.000000 1.000000 0.000000
0.996939 0.078181 0.000000 120.701378 -0.078181 0.996939 0.000000 -0.736255 0.000000 0.000000 1.000000 0.000000
0.996909 0.078562 0.000000 122.259108 -0.078562 0.996909 0.000000 -0.844740 0.000000 0.000000 1.000000 0.000000
0.996794 0.080014 0.000000 123.744994 -0.080014 0.996794 0.000000 -0.924969 0.000000 0.000000 1.000000 0.000000
0.997029 0.077022 0.000000 125.250530 -0.077022 0.997029 0.000000 -1.012030 0.000000 0.000000 1.000000 0.000000
0.997425 0.071712 0.000000 126.740437 -0.071712 0.997425 0.000000 -1.098205 0.000000 0.000000 1.000000 0.000000
0.997820 0.065988 0.000000 128.270171 -0.065988 0.997820 0.000000 -1.186617 0.000000 0.000000 1.000000 0.000000
0.998236 0.059377 0.000000 129.700041 -0.059377 0.998236 0.000000 -1.246200 0.000000 0.000000 1.000000 0.000000
0.998737 0.050245 0.000000 131.122268 -0.050245 0.998737 0.000000 -1.306572 0.000000 0.000000 1.000000 0.000000
0.999216 0.039594 0.000000 132.532739 -0.039594 0.999216 0.000000 -1.322392 0.000000 0.000000 1.000000 0.000000
0.999615 0.027746 0.000000 133.944692 -0.027746 0.999615 0.000000 -1.320621 0.000000 0.000000 1.000000 0.000000
0.999858 0.016865 0.000000 135.421119 -0.016865 0.999858 0.000000 -1.322097 0.000000 0.000000 1.000000 0.000000
0.999955 0.009477 0.000000 136.888867 -0.009477 0.999955 0.000000 -1.331395 0.000000 0.000000 1.000000 0.000000
0.999991 0.004274 0.000000 138.386624 -0.004274 0.999991 0.000000 -1.322360 0.000000 0.000000 1.000000 0.000000
0.999995 0.003300 0.000000 139.851111 -0.003300 0.999995 0.000000 -1.313350 0.000000 0.000000 1.000000 0.000000
1.000000 0.000647 0.000000 141.323971 -0.000647 1.000000 0.000000 -1.297476 0.000000 0.000000 1.000000 0.000000
1.000000 -0.000849 0.000000 142.857561 0.000849 1.000000 0.000000 -1.279828 0.000000 0.000000 1.000000 0.000000
0.999996 -0.002927 0.000000 144.358796 0.002927 0.999996 0.000000 -1.258212 0.000000 0.000000 1.000000 0.000000
0.999988 -0.004817 0.000000 145.897424 0.004817 0.999988 0.000000 -1.244172 0.000000 0.000000 1.000000 0.000000
0.999987 -0.005064 0.000000 147.492896 0.005064 0.999987 0.000000 -1.219166 0.000000 0.000000 1.000000 0.000000
0.999995 -0.003288 0.000000 148.939777 0.003288 0.999995 0.000000 -1.206689 0.000000 0.000000 1.000000 0.000000
0.999999 -0.001193 0.000000 150.439908 0.001193 0.999999 0.000000 -1.182208 0.000000 0.000000 1.000000 0.000000
0.999999 0.001322 0.000000 151.849426 -0.001322 0.999999 0.000000 -1.158650 0.000000 0.000000 1.000000 0.000000
0.999987 0.005037 0.000000 153.204304 -0.005037 0.999987 0.000000 -1.128426 0.000000 0.000000 1.000000 0.000000
0.999979 0.006445 0.000000 154.573345 -0.006445 0.999979 0.000000 -1.128116 0.000000 0.000000 1.000000 0.000000
0.999974 0.007242 0.000000 156.015322 -0.007242 0.999974 0.000000 -1.123157 0.000000 0.000000 1.000000 0.000000
0.999959 0.009109 0.000000 157.438359 -0.009109 0.999959 0.000000 -1.117572 0.000000 0.000000 1.000000 0.000000
0.999974 0.007205 0.000000 158.970489 -0.007205 0.999974 0.000000 -1.116341 0.000000 0.000000 1.000000 0.000000
0.999965 0.008313 0.000000 160.449709 -0.008313 0.999965 0.000000 -1.121382 0.000000 0.000000 1.000000 0.000000
0.999964 0.008452 0.000000 161.907571 -0.008452 0.999964 0.000000 -1.146588 0.000000 0.000000 1.000000 0.000000
0.999955 0.009495 0.000000 163.401898 -0.009495 0.999955 0.000000 -1.159337 0.000000 0.000000 1.000000 0.000000
0.999962 0.008758 0.000000 164.848379 -0.008758 0.999962 0.000000 -1.170063 0.000000 0.000000 1.000000 0.000000
0.999959 0.009020 0.000000 166.358222 -0.009020 0.999959 0.000000 -1.180356 0.000000 0.000000 1.000000 0.000000
0.999962 0.008703 0.000000 167.967191 -0.008703 0.999962 0.000000 -1.163449 0.000000 0.000000 1.000000 0.000000
0.999921 0.012532 0.000000 169.458345 -0.012532 0.999921 0.000000 -1.149468 0.000000 0.000000 1.000000 0.000000
0.999871 0.016090 0.000000 170.914024 -0.016090 0.999871 0.000000 -1.164391 0.000000 0.000000 1.000000 0.000000
0.999840 0.017879 0.000000 172.522164 -0.017879 0.999840 0.000000 -1.168687 0.000000 0.000000 1.000000 0.000000
0.999790 0.020473 0.000000 174.157479 -0.020473 0.999790 0.000000 -1.172192 0.000000 0.000000 1.000000 0.000000
0.999741 0.022758 0.000000 175.810367 -0.022758 0.999741 0.000000 -1.186879 0.000000 0.000000 1.000000 0.000000
0.999703 0.024360 0.000000 177.510458 -0.024360 0.999703 0.000000 -1.210310 0.000000 0.000000 1.000000 0.000000
0.999747 0.022507 0.000000 179.162779 -0.022507 0.999747 0.000000 -1.248828 0.000000 0.000000 1.000000 0.000000
0.999711 0.024036 0.000000 180.861073 -0.024036 0.999711 0.000000 -1.286030 0.000000 0.000000 1.000000 0.000000
0.999654 0.026313 0.000000 182.616203 -0.026313 0.999654 0.000000 -1.312991 0.000000 0.000000 1.000000 0.000000
0.999636 0.026966 0.000000 184.415018 -0.026966 0.999636 0.000000 -1.322420 0.000000 0.000000 1.000000 0.000000
0.999630 0.027182 0.000000 186.247298 -0.027182 0.999630 0.000000 -1.332590 0.000000 0.000000 1.000000 0.000000
0.999673 0.025554 0.000000 188.092646 -0.025554 0.999673 0.000000 -1.350101 0.000000 0.000000 1.000000 0.000000
0.999651 0.026411 0.000000 189.829590 -0.026411 0.999651 0.000000 -1.323383 0.000000 0.000000 1.000000 0.000000
0.999660 0.026059 0.000000 191.562561 -0.026059 0.999660 0.000000 -1.324669 0.000000 0.000000 1.000000 0.000000
0.999651 0.026406 0.000000 193.269016 -0.026406 0.999651 0.000000 -1.354367 0.000000 0.000000 1.000000 0.000000
0.999579 0.029004 0.000000 195.006850 -0.029004 0.999579 0.000000 -1.383114 0.000000 0.000000 1.000000 0.000000
0.999519 0.031019 0.000000 196.717618 -0.031019 0.999519 0.000000 -1.420958 0.000000 0.000000 1.000000 0.000000
0.999507 0.031399 0.000000 198.519526 -0.031399 0.999507 0.000000 -1.457755 0.000000 0.000000 1.000000 0.000000
0.999485 0.032087 0.000000 200.217507 -0.032087 0.999485 0.000000 -1.507629 0.000000 0.000000 1.000000 0.000000
0.999488 0.032010 0.000000 201.869397 -0.032010 0.999488 0.000000 -1.541192 0.000000 0.000000 1.000000 0.000000
0.999482 0.032186 0.000000 203.536647 -0.032186 0.999482 0.000000 -1.575939 0.000000 0.000000 1.000000 0.000000
0.999445 0.033302 0.000000 205.029287 -0.033302 0.999445 0.000000 -1.601647 0.000000 0.000000 1.000000 0.000000
0.999427 0.033856 0.000000 206.607729 -0.033856 0.999427 0.000000 -1.620728 0.000000 0.000000 1.000000 0.000000
0.999295 0.037553 0.000000 208.122374 -0.037553 0.999295 0.000000 -1.665449 0.000000 0.000000 1.000000 0.000000
0.999259 0.038500 0.000000 209.610171 -0.038500 0.999259 0.000000 -1.707925 0.000000 0.000000 1.000000 0.000000
0.999229 0.039249 0.000000 211.165740 -0.039249 0.999229 0.000000 -1.743897 0.000000 0.000000 1.000000 0.000000
0.999256 0.038571 0.000000 212.749227 -0.038571 0.999256 0.000000 -1.746919 0.000000 0.000000 1.000000 0.000000
0.999404 0.034519 0.000000 214.277966 -0.034519 0.999404 0.000000 -1.767980 0.000000 0.000000 1.000000 0.000000
0.999547 0.030097 0.000000 215.837943 -0.030097 0.999547 0.000000 -1.772504 0.000000 0.000000 1.000000 0.000000
0.999709 0.024104 0.000000 217.458406 -0.024104 0.999709 0.000000 -1.793158 0.000000 0.000000 1.000000 0.000000
0.999831 0.018408 0.000000 219.072728 -0.018408 0.999831 0.000000 -1.793910 0.000000 0.000000 1.000000 0.000000
0.999937 0.011198 0.000000 220.659464 -0.011198 0.999937 0.000000 -1.754836 0.000000 0.000000 1.000000 0.000000
0.999983 0.005842 0.000000 222.270488 -0.005842 0.999983 0.000000 -1.728898 0.000000 0.000000 1.000000 0.000000
0.999997 0.002579 0.000000 223.793404 -0.002579 0.999997 0.000000 -1.677066 0.000000 0.000000 1.000000 0.000000
0.999999 0.001640 0.000000 224.960438 -0.001640 0.999999 0.000000 -1.647429 0.000000 0.000000 1.000000 0.000000
0.999932 0.011623 0.000000 226.594208 -0.011623 0.999932 0.000000 -1.626737 0.000000 0.000000 1.000000 0.000000
0.999592 0.028555 0.000000 228.004104 -0.028555 0.999592 0.000000 -1.617222 0.000000 0.000000 1.000000 0.000000
0.998986 0.045023 0.000000 229.626078 -0.045023 0.998986 0.000000 -1.658148 0.000000 0.000000 1.000000 0.000000
0.998001 0.063192 0.000000 231.362237 -0.063192 0.998001 0.000000 -1.697106 0.000000 0.000000 1.000000 0.000000
0.996795 0.080003 0.000000 233.079791 -0.080003 0.996795 0.000000 -1.790532 0.000000 0.000000 1.000000 0.000000
0.995651 0.093158 0.000000 234.827752 -0.093158 0.995651 0.000000 -1.928595 0.000000 0.000000 1.000000 0.000000
0.994669 0.103115 0.000000 236.601865 -0.103115 0.994669 0.000000 -2.085129 0.000000 0.000000 1.000000 0.000000
0.994114 0.108340 0.000000 238.091339 -0.108340 0.994114 0.000000 -2.234568 0.000000 0.000000 1.000000 0.000000
0.993451 0.114257 0.000000 239.930592 -0.114257 0.993451 0.000000 -2.386153 0.000000 0.000000 1.000000 0.000000
0.992599 0.121439 0.000000 241.937784 -0.121439 0.992599 0.000000 -2.607469 0.000000 0.000000 1.000000 0.000000
0.991858 0.127345 0.000000 243.875563 -0.127345 0.991858 0.000000 -2.830079 0.000000 0.000000 1.000000 0.000000
0.991191 0.132437 0.000000 245.865123 -0.132437 0.991191 0.000000 -3.050948 0.000000 0.000000 1.000000 0.000000
0.990352 0.138573 0.000000 247.905633 -0.138573 0.990352 0.000000 -3.275461 0.000000 0.000000 1.000000 0.000000
0.990100 0.140362 0.000000 249.904375 -0.140362 0.990100 0.000000 -3.525399 0.000000 0.000000 1.000000 0.000000
0.990215 0.139549 0.000000 251.988966 -0.139549 0.990215 0.000000 -3.800166 0.000000 0.000000 1.000000 0.000000
0.990022 0.140911 0.000000 254.070109 -0.140911 0.990022 0.000000 -4.061963 0.000000 0.000000 1.000000 0.000000
0.990280 0.139088 0.000000 256.197716 -0.139088 0.990280 0.000000 -4.333678 0.000000 0.000000 1.000000 0.000000
0.989965 0.141312 0.000000 258.269886 -0.141312 0.989965 0.000000 -4.593773 0.000000 0.000000 1.000000 0.000000
0.990236 0.139400 0.000000 260.279348 -0.139400 0.990236 0.000000 -4.841318 0.000000 0.000000 1.000000 0.000000
0.989882 0.141895 0.000000 262.279723 -0.141895 0.989882 0.000000 -5.061818 0.000000 0.000000 1.000000 0.000000
0.990253 0.139280 0.000000 264.284412 -0.139280 0.990253 0.000000 -5.300518 0.000000 0.000000 1.000000 0.000000
0.989918 0.141644 0.000000 266.262332 -0.141644 0.989918 0.000000 -5.557700 0.000000 0.000000 1.000000 0.000000
0.989879 0.141916 0.000000 268.301502 -0.141916 0.989879 0.000000 -5.806400 0.000000 0.000000 1.000000 0.000000
0.990815 0.135223 0.000000 269.913978 -0.135223 0.990815 0.000000 -5.984633 0.000000 0.000000 1.000000 0.000000
0.991227 0.132168 0.000000 271.858568 -0.132168 0.991227 0.000000 -6.225089 0.000000 0.000000 1.000000 0.000000
0.990983 0.133989 0.000000 273.923374 -0.133989 0.990983 0.000000 -6.479374 0.000000 0.000000 1.000000 0.000000
0.990708 0.136003 0.000000 275.961709 -0.136003 0.990708 0.000000 -6.724409 0.000000 0.000000 1.000000 0.000000
0.990296 0.138971 0.000000 278.031523 -0.138971 0.990296 0.000000 -6.980568 0.000000 0.000000 1.000000 0.000000
0.990222 0.139502 0.000000 279.972011 -0.139502 0.990222 0.000000 -7.190199 0.000000 0.000000 1.000000 0.000000
0.989939 0.141491 0.000000 282.048972 -0.141491 0.989939 0.000000 -7.470214 0.000000 0.000000 1.000000 0.000000
0.990062 0.140633 0.000000 283.996711 -0.140633 0.990062 0.000000 -7.721685 0.000000 0.000000 1.000000 0.000000
0.990064 0.140619 0.000000 285.982537 -0.140619 0.990064 0.000000 -7.961688 0.000000 0.000000 1.000000 0.000000
0.990100 0.140366 0.000000 287.940643 -0.140366 0.990100 0.000000 -8.188735 0.000000 0.000000 1.000000 0.000000
0.990216 0.139542 0.000000 290.055260 -0.139542 0.990216 0.000000 -8.438569 0.000000 0.000000 1.000000 0.000000
0.990392 0.138285 0.000000 292.160793 -0.138285 0.990392 0.000000 -8.679556 0.000000 0.000000 1.000000 0.000000
0.990389 0.138311 0.000000 294.137431 -0.138311 0.990389 0.000000 -8.898754 0.000000 0.000000 1.000000 0.000000
0.990413 0.138140 0.000000 296.172080 -0.138140 0.990413 0.000000 -9.123575 0.000000 0.000000 1.000000 0.000000
0.990655 0.136392 0.000000 298.218180 -0.136392 0.990655 0.000000 -9.338562 0.000000 0.000000 1.000000 0.000000
0.990709 0.136000 0.000000 300.300059 -0.136000 0.990709 0.000000 -9.560647 0.000000 0.000000 1.000000 0.000000
0.991169 0.132605 0.000000 302.406046 -0.132605 0.991169 0.000000 -9.801838 0.000000 0.000000 1.000000 0.000000
0.991226 0.132176 0.000000 304.509040 -0.132176 0.991226 0.000000 -10.029968 0.000000 0.000000 1.000000 0.000000
0.991445 0.130522 0.000000 306.490232 -0.130522 0.991445 0.000000 -10.213410 0.000000 0.000000 1.000000 0.000000
0.992113 0.125346 0.000000 308.638331 -0.125346 0.992113 0.000000 -10.426109 0.000000 0.000000 1.000000 0.000000
0.992643 0.121079 0.000000 310.887548 -0.121079 0.992643 0.000000 -10.631108 0.000000 0.000000 1.000000 0.000000
0.993264 0.115874 0.000000 312.915921 -0.115874 0.993264 0.000000 -10.824943 0.000000 0.000000 1.000000 0.000000
0.993527 0.113600 0.000000 314.972941 -0.113600 0.993527 0.000000 -11.002617 0.000000 0.000000 1.000000 0.000000
0.993952 0.109814 0.000000 317.152380 -0.109814 0.993952 0.000000 -11.178279 0.000000 0.000000 1.000000 0.000000
0.994487 0.104863 0.000000 319.419575 -0.104863 0.994487 0.000000 -11.341396 0.000000 0.000000 1.000000 0.000000
0.994912 0.100746 0.000000 321.631881 -0.100746 0.994912 0.000000 -11.489988 0.000000 0.000000 1.000000 0.000000
0.995260 0.097250 0.000000 323.700069 -0.097250 0.995260 0.000000 -11.647253 0.000000 0.000000 1.000000 0.000000
0.995408 0.095719 0.000000 325.803721 -0.095719 0.995408 0.000000 -11.752066 0.000000 0.000000 1.000000 0.000000
0.995368 0.096140 0.000000 327.943004 -0.096140 0.995368 0.000000 -11.880448 0.000000 0.000000 1.000000 0.000000
0.995565 0.094078 0.000000 330.105591 -0.094078 0.995565 0.000000 -12.020611 0.000000 0.000000 1.000000 0.000000
0.995649 0.093183 0.000000 332.302966 -0.093183 0.995649 0.000000 -12.138087 0.000000 0.000000 1.000000 0.000000
0.995926 0.090171 0.000000 334.496454 -0.090171 0.995926 0.000000 -12.306610 0.000000 0.000000 1.000000 0.000000
0.995690 0.092748 0.000000 336.635957 -0.092748 0.995690 0.000000 -12.440281 0.000000 0.000000 1.000000 0.000000
0.995674 0.092911 0.000000 338.827715 -0.092911 0.995674 0.000000 -12.572214 0.000000 0.000000 1.000000 0.000000
0.995464 0.095138 0.000000 341.001558 -0.095138 0.995464 0.000000 -12.749324 0.000000 0.000000 1.000000 0.000000
0.995474 0.095039 0.000000 343.140240 -0.095039 0.995474 0.000000 -12.881880 0.000000 0.000000 1.000000 0.000000
0.995409 0.095709 0.000000 345.335840 -0.095709 0.995409 0.000000 -13.012205 0.000000 0.000000 1.000000 0.000000
0.995302 0.096821 0.000000 347.473070 -0.096821 0.995302 0.000000 -13.141284 0.000000 0.000000 1.000000 0.000000
0.995246 0.097397 0.000000 349.641702 -0.097397 0.995246 0.000000 -13.280719 0.000000 0.000000 1.000000 0.000000
0.995690 0.092741 0.000000 351.848222 -0.092741 0.995690 0.000000 -13.414184 0.000000 0.000000 1.000000 0.000000
0.996237 0.086669 0.000000 354.058983 -0.086669 0.996237 0.000000 -13.507069 0.000000 0.000000 1.000000 0.000000
0.996924 0.078379 0.000000 356.205302 -0.078379 0.996924 0.000000 -13.620477 0.000000 0.000000 1.000000 0.000000
0.997592 0.069361 0.000000 358.284403 -0.069361 0.997592 0.000000 -13.689761 0.000000 0.000000 1.000000 0.000000
0.998507 0.054632 0.000000 360.504785 -0.054632 0.998507 0.000000 -13.751011 0.000000 0.000000 1.000000 0.000000
0.999171 0.040704 0.000000 362.711921 -0.040704 0.999171 0.000000 -13.792350 0.000000 0.000000 1.000000 0.000000
0.999749 0.022420 0.000000 364.922045 -0.022420 0.999749 0.000000 -13.756415 0.000000 0.000000 1.000000 0.000000
0.999982 0.005983 0.000000 367.119924 -0.005983 0.999982 0.000000 -13.681933 0.000000 0.000000 1.000000 0.000000
0.999923 -0.012377 0.000000 369.412000 0.012377 0.999923 0.000000 -13.604924 0.000000 0.000000 1.000000 0.000000
0.999645 -0.026640 0.000000 371.586003 0.026640 0.999645 0.000000 -13.525209 0.000000 0.000000 1.000000 0.000000
0.999153 -0.041148 0.000000 373.742613 0.041148 0.999153 0.000000 -13.367360 0.000000 0.000000 1.000000 0.000000
0.998488 -0.054961 0.000000 375.966278 0.054961 0.998488 0.000000 -13.177710 0.000000 0.000000 1.000000 0.000000
0.998160 -0.060639 0.000000 378.144462 0.060639 0.998160 0.000000 -12.961062 0.000000 0.000000 1.000000 0.000000
0.997698 -0.067812 0.000000 380.376530 0.067812 0.997698 0.000000 -12.684662 0.000000 0.000000 1.000000 0.000000
0.997777 -0.066640 0.000000 382.543542 0.066640 0.997777 0.000000 -12.440753 0.000000 0.000000 1.000000 0.000000
0.997938 -0.064182 0.000000 384.797129 0.064182 0.997938 0.000000 -12.256559 0.000000 0.000000 1.000000 0.000000
0.998382 -0.056864 0.000000 386.944249 0.056864 0.998382 0.000000 -12.080448 0.000000 0.000000 1.000000 0.000000
0.998778 -0.049418 0.000000 389.113963 0.049418 0.998778 0.000000 -11.926225 0.000000 0.000000 1.000000 0.000000
0.999236 -0.039093 0.000000 391.284321 0.039093 0.999236 0.000000 -11.791452 0.000000 0.000000 1.000000 0.000000
0.999498 -0.031696 0.000000 393.587324 0.031696 0.999498 0.000000 -11.691939 0.000000 0.000000 1.000000 0.000000
0.999668 -0.025760 0.000000 395.766512 0.025760 0.999668 0.000000 -11.578162 0.000000 0.000000 1.000000 0.000000
0.999824 -0.018752 0.000000 397.967001 0.018752 0.999824 0.000000 -11.542744 0.000000 0.000000 1.000000 0.000000
0.999912 -0.013237 0.000000 400.189928 0.013237 0.999912 0.000000 -11.487412 0.000000 0.000000 1.000000 0.000000
0.999992 -0.003978 0.000000 402.473798 0.003978 0.999992 0.000000 -11.403352 0.000000 0.000000 1.000000 0.000000
0.999986 0.005331 0.000000 404.649623 -0.005331 0.999986 0.000000 -11.371989 0.000000 0.000000 1.000000 0.000000
0.999934 0.011448 0.000000 406.893477 -0.011448 0.999934 0.000000 -11.354653 0.000000 0.000000 1.000000 0.000000
0.999874 0.015866 0.000000 409.118888 -0.015866 0.999874 0.000000 -11.322425 0.000000 0.000000 1.000000 0.000000
0.999826 0.018675 0.000000 411.367143 -0.018675 0.999826 0.000000 -11.331768 0.000000 0.000000 1.000000 0.000000
0.999782 0.020887 0.000000 413.559591 -0.020887 0.999782 0.000000 -11.331767 0.000000 0.000000 1.000000 0.000000
0.999706 0.024249 0.000000 415.763048 -0.024249 0.999706 0.000000 -11.323945 0.000000 0.000000 1.000000 0.000000
0.999607 0.028036 0.000000 417.976339 -0.028036 0.999607 0.000000 -11.325987 0.000000 0.000000 1.000000 0.000000
0.999262 0.038409 0.000000 419.743533 -0.038409 0.999262 0.000000 -11.393311 0.000000 0.000000 1.000000 0.000000
0.999091 0.042617 0.000000 422.007365 -0.042617 0.999091 0.000000 -11.444031 0.000000 0.000000 1.000000 0.000000
0.998985 0.045051 0.000000 424.274646 -0.045051 0.998985 0.000000 -11.467586 0.000000 0.000000 1.000000 0.000000
