1.000000 0.000013 0.000000 -0.005533 -0.000013 1.000000 0.000000 0.000687 0.000000 0.000000 1.000000 0.000000
1.000000 0.000032 0.000000 -0.011937 -0.000032 1.000000 0.000000 0.001067 0.000000 0.000000 1.000000 0.000000
1.000000 0.000051 0.000000 -0.017479 -0.000051 1.000000 0.000000 0.001383 0.000000 0.000000 1.000000 0.000000
1.000000 0.000078 0.000000 -0.022592 -0.000078 1.000000 0.000000 0.001922 0.000000 0.000000 1.000000 0.000000
1.000000 0.000114 0.000000 -0.029251 -0.000114 1.000000 0.000000 0.001853 0.000000 0.000000 1.000000 0.000000
1.000000 0.000146 0.000000 -0.035638 -0.000146 1.000000 0.000000 0.001726 0.000000 0.000000 1.000000 0.000000
1.000000 0.000167 0.000000 -0.041439 -0.000167 1.000000 0.000000 0.001669 0.000000 0.000000 1.000000 0.000000
1.000000 0.000189 0.000000 -0.046568 -0.000189 1.000000 0.000000 0.002531 0.000000 0.000000 1.000000 0.000000
1.000000 0.000213 0.000000 -0.052568 -0.000213 1.000000 0.000000 0.002996 0.000000 0.000000 1.000000 0.000000
1.000000 0.000236 0.000000 -0.057243 -0.000236 1.000000 0.000000 0.003316 0.000000 0.000000 1.000000 0.000000
1.000000 0.000266 0.000000 -0.062623 -0.000266 1.000000 0.000000 0.003437 0.000000 0.000000 1.000000 0.000000
1.000000 0.000167 0.000000 -0.068751 -0.000167 1.000000 0.000000 0.001425 0.000000 0.000000 1.000000 0.000000
1.000000 0.000158 0.000000 -0.074783 -0.000158 1.000000 0.000000 0.000810 0.000000 0.000000 1.000000 0.000000
1.000000 0.000069 0.000000 -0.081233 -0.000069 1.000000 0.000000 -0.001811 0.000000 0.000000 1.000000 0.000000
1.000000 0.000065 0.000000 -0.089529 -0.000065 1.000000 0.000000 -0.002669 0.000000 0.000000 1.000000 0.000000
1.000000 0.000112 0.000000 -0.096915 -0.000112 1.000000 0.000000 -0.002794 0.000000 0.000000 1.000000 0.000000
1.000000 0.000135 0.000000 -0.101573 -0.000135 1.000000 0.000000 -0.002364 0.000000 0.000000 1.000000 0.000000
1.000000 0.000125 0.000000 -0.106485 -0.000125 1.000000 0.000000 -0.002484 0.000000 0.000000 1.000000 0.000000
1.000000 0.000099 0.000000 -0.112008 -0.000099 1.000000 0.000000 -0.002928 0.000000 0.000000 1.000000 0.000000
1.000000 0.000122 0.000000 -0.117755 -0.000122 1.000000 0.000000 -0.002623 0.000000 0.000000 1.000000 0.000000
1.000000 0.000140 0.000000 -0.122784 -0.000140 1.000000 0.000000 -0.001584 0.000000 0.000000 1.000000 0.000000
1.000000 0.000165 0.000000 -0.128379 -0.000165 1.000000 0.000000 -0.001115 0.000000 0.000000 1.000000 0.000000
1.000000 0.000197 0.000000 -0.134306 -0.000197 1.000000 0.000000 -0.000292 0.000000 0.000000 1.000000 0.000000
1.000000 0.000218 0.000000 -0.140205 -0.000218 1.000000 0.000000 -0.000329 0.000000 0.000000 1.000000 0.000000
1.000000 0.000213 0.000000 -0.146493 -0.000213 1.000000 0.000000 0.000124 0.000000 0.000000 1.000000 0.000000
1.000000 0.000239 0.000000 -0.152182 -0.000239 1.000000 0.000000 0.000292 0.000000 0.000000 1.000000 0.000000
1.000000 0.000256 0.000000 -0.156710 -0.000256 1.000000 0.000000 0.000836 0.000000 0.000000 1.000000 0.000000
1.000000 0.000264 0.000000 -0.160630 -0.000264 1.000000 0.000000 0.001134 0.000000 0.000000 1.000000 0.000000
1.000000 0.000289 0.000000 -0.166267 -0.000289 1.000000 0.000000 0.001928 0.000000 0.000000 1.000000 0.000000
1.000000 0.000314 0.000000 -0.170495 -0.000314 1.000000 0.000000 0.002716 0.000000 0.000000 1.000000 0.000000
1.000000 0.000325 0.000000 -0.175448 -0.000325 1.000000 0.000000 0.003577 0.000000 0.000000 1.000000 0.000000
1.000000 0.000346 0.000000 -0.179544 -0.000346 1.000000 0.000000 0.003762 0.000000 0.000000 1.000000 0.000000
1.000000 0.000343 0.000000 -0.183166 -0.000343 1.000000 0.000000 0.005320 0.000000 0.000000 1.000000 0.000000
1.000000 0.000362 0.000000 -0.186580 -0.000362 1.000000 0.000000 0.006480 0.000000 0.000000 1.000000 0.000000
1.000000 0.000376 0.000000 -0.190204 -0.000376 1.000000 0.000000 0.006817 0.000000 0.000000 1.000000 0.000000
1.000000 0.000387 0.000000 -0.193759 -0.000387 1.000000 0.000000 0.007564 0.000000 0.000000 1.000000 0.000000
1.000000 0.000422 0.000000 -0.198489 -0.000422 1.000000 0.000000 0.007915 0.000000 0.000000 1.000000 0.000000
1.000000 0.000446 0.000000 -0.202544 -0.000446 1.000000 0.000000 0.008838 0.000000 0.000000 1.000000 0.000000
1.000000 0.000466 0.000000 -0.205781 -0.000466 1.000000 0.000000 0.009951 0.000000 0.000000 1.000000 0.000000
1.000000 0.000490 0.000000 -0.210101 -0.000490 1.000000 0.000000 0.010619 0.000000 0.000000 1.000000 0.000000
1.000000 0.000511 0.000000 -0.214274 -0.000511 1.000000 0.000000 0.011160 0.000000 0.000000 1.000000 0.000000
1.000000 0.000536 0.000000 -0.218521 -0.000536 1.000000 0.000000 0.011631 0.000000 0.000000 1.000000 0.000000
1.000000 0.000569 0.000000 -0.223688 -0.000569 1.000000 0.000000 0.012333 0.000000 0.000000 1.000000 0.000000
1.000000 0.000593 0.000000 -0.228424 -0.000593 1.000000 0.000000 0.012613 0.000000 0.000000 1.000000 0.000000
1.000000 0.000621 0.000000 -0.232575 -0.000621 1.000000 0.000000 0.013374 0.000000 0.000000 1.000000 0.000000
1.000000 0.000643 0.000000 -0.237557 -0.000643 1.000000 0.000000 0.013837 0.000000 0.000000 1.000000 0.000000
1.000000 0.000671 0.000000 -0.241830 -0.000671 1.000000 0.000000 0.014587 0.000000 0.000000 1.000000 0.000000
1.000000 0.000697 0.000000 -0.246571 -0.000697 1.000000 0.000000 0.015169 0.000000 0.000000 1.000000 0.000000
1.000000 0.000721 0.000000 -0.252111 -0.000721 1.000000 0.000000 0.015524 0.000000 0.000000 1.000000 0.000000
1.000000 0.000747 0.000000 -0.257336 -0.000747 1.000000 0.000000 0.016264 0.000000 0.000000 1.000000 0.000000
1.000000 0.000766 0.000000 -0.262272 -0.000766 1.000000 0.000000 0.016332 0.000000 0.000000 1.000000 0.000000
1.000000 0.000785 0.000000 -0.267054 -0.000785 1.000000 0.000000 0.016721 0.000000 0.000000 1.000000 0.000000
1.000000 0.000813 0.000000 -0.271668 -0.000813 1.000000 0.000000 0.016600 0.000000 0.000000 1.000000 0.000000
1.000000 0.000835 0.000000 -0.276635 -0.000835 1.000000 0.000000 0.017239 0.000000 0.000000 1.000000 0.000000
1.000000 0.000863 0.000000 -0.282403 -0.000863 1.000000 0.000000 0.017986 0.000000 0.000000 1.000000 0.000000
1.000000 0.000889 0.000000 -0.288312 -0.000889 1.000000 0.000000 0.018275 0.000000 0.000000 1.000000 0.000000
1.000000 0.000917 0.000000 -0.293706 -0.000917 1.000000 0.000000 0.019046 0.000000 0.000000 1.000000 0.000000
1.000000 0.000948 0.000000 -0.298680 -0.000948 1.000000 0.000000 0.019571 0.000000 0.000000 1.000000 0.000000
1.000000 0.000970 0.000000 -0.303666 -0.000970 1.000000 0.000000 0.019693 0.000000 0.000000 1.000000 0.000000
1.000000 0.000992 0.000000 -0.309102 -0.000992 1.000000 0.000000 0.019968 0.000000 0.000000 1.000000 0.000000
0.999999 0.001020 0.000000 -0.313743 -0.001020 0.999999 0.000000 0.020447 0.000000 0.000000 1.000000 0.000000
0.999999 0.001042 0.000000 -0.317966 -0.001042 0.999999 0.000000 0.020919 0.000000 0.000000 1.000000 0.000000
0.999999 0.001063 0.000000 -0.321910 -0.001063 0.999999 0.000000 0.021687 0.000000 0.000000 1.000000 0.000000
0.999999 0.001082 0.000000 -0.327091 -0.001082 0.999999 0.000000 0.022142 0.000000 0.000000 1.000000 0.000000
0.999999 0.001104 0.000000 -0.331967 -0.001104 0.999999 0.000000 0.022812 0.000000 0.000000 1.000000 0.000000
0.999999 0.001125 0.000000 -0.336546 -0.001125 0.999999 0.000000 0.023403 0.000000 0.000000 1.000000 0.000000
0.999999 0.001153 0.000000 -0.342052 -0.001153 0.999999 0.000000 0.024065 0.000000 0.000000 1.000000 0.000000
0.999999 0.001185 0.000000 -0.348387 -0.001185 0.999999 0.000000 0.024267 0.000000 0.000000 1.000000 0.000000
0.999999 0.001208 0.000000 -0.354047 -0.001208 0.999999 0.000000 0.024535 0.000000 0.000000 1.000000 0.000000
0.999999 0.001241 0.000000 -0.359903 -0.001241 0.999999 0.000000 0.025143 0.000000 0.000000 1.000000 0.000000
0.999999 0.001272 0.000000 -0.365344 -0.001272 0.999999 0.000000 0.025755 0.000000 0.000000 1.000000 0.000000
0.999999 0.001302 0.000000 -0.370969 -0.001302 0.999999 0.000000 0.025955 0.000000 0.000000 1.000000 0.000000
0.999999 0.001328 0.000000 -0.376313 -0.001328 0.999999 0.000000 0.026512 0.000000 0.000000 1.000000 0.000000
0.999999 0.001360 0.000000 -0.381790 -0.001360 0.999999 0.000000 0.026651 0.000000 0.000000 1.000000 0.000000
0.999999 0.001405 0.000000 -0.387455 -0.001405 0.999999 0.000000 0.027364 0.000000 0.000000 1.000000 0.000000
0.999999 0.001437 0.000000 -0.392568 -0.001437 0.999999 0.000000 0.027892 0.000000 0.000000 1.000000 0.000000
0.999999 0.001463 0.000000 -0.396781 -0.001463 0.999999 0.000000 0.028646 0.000000 0.000000 1.000000 0.000000
0.999999 0.001489 0.000000 -0.401835 -0.001489 0.999999 0.000000 0.029612 0.000000 0.000000 1.000000 0.000000
0.999999 0.001512 0.000000 -0.406895 -0.001512 0.999999 0.000000 0.029874 0.000000 0.000000 1.000000 0.000000
0.999999 0.001542 0.000000 -0.412013 -0.001542 0.999999 0.000000 0.030476 0.000000 0.000000 1.000000 0.000000
0.999999 0.001570 0.000000 -0.416204 -0.001570 0.999999 0.000000 0.031143 0.000000 0.000000 1.000000 0.000000
0.999999 0.001596 0.000000 -0.421567 -0.001596 0.999999 0.000000 0.031584 0.000000 0.000000 1.000000 0.000000
0.999999 0.001617 0.000000 -0.425460 -0.001617 0.999999 0.000000 0.031973 0.000000 0.000000 1.000000 0.000000
0.999999 0.001650 0.000000 -0.431165 -0.001650 0.999999 0.000000 0.032933 0.000000 0.000000 1.000000 0.000000
0.999999 0.001688 0.000000 -0.436811 -0.001688 0.999999 0.000000 0.033745 0.000000 0.000000 1.000000 0.000000
0.999999 0.001717 0.000000 -0.441677 -0.001717 0.999999 0.000000 0.034604 0.000000 0.000000 1.000000 0.000000
0.999998 0.001751 0.000000 -0.446982 -0.001751 0.999998 0.000000 0.035122 0.000000 0.000000 1.000000 0.000000
0.999998 0.001779 0.000000 -0.451751 -0.001779 0.999998 0.000000 0.035855 0.000000 0.000000 1.000000 0.000000
0.999998 0.001805 0.000000 -0.456165 -0.001805 0.999998 0.000000 0.036566 0.000000 0.000000 1.000000 0.000000
0.999998 0.001828 0.000000 -0.460710 -0.001828 0.999998 0.000000 0.037293 0.000000 0.000000 1.000000 0.000000
0.999998 0.001852 0.000000 -0.465730 -0.001852 0.999998 0.000000 0.038019 0.000000 0.000000 1.000000 0.000000
0.999998 0.001887 0.000000 -0.470984 -0.001887 0.999998 0.000000 0.038828 0.000000 0.000000 1.000000 0.000000
0.999998 0.001913 0.000000 -0.475718 -0.001913 0.999998 0.000000 0.039163 0.000000 0.000000 1.000000 0.000000
0.999998 0.001941 0.000000 -0.480232 -0.001941 0.999998 0.000000 0.039729 0.000000 0.000000 1.000000 0.000000
0.999998 0.001969 0.000000 -0.485916 -0.001969 0.999998 0.000000 0.040149 0.000000 0.000000 1.000000 0.000000
0.999998 0.001987 0.000000 -0.490129 -0.001987 0.999998 0.000000 0.040464 0.000000 0.000000 1.000000 0.000000
0.999998 0.002017 0.000000 -0.495186 -0.002017 0.999998 0.000000 0.041103 0.000000 0.000000 1.000000 0.000000
0.999998 0.002044 0.000000 -0.500060 -0.002044 0.999998 0.000000 0.041427 0.000000 0.000000 1.000000 0.000000
0.999998 0.002072 0.000000 -0.504716 -0.002072 0.999998 0.000000 0.041907 0.000000 0.000000 1.000000 0.000000
0.999998 0.002108 0.000000 -0.510822 -0.002108 0.999998 0.000000 0.042557 0.000000 0.000000 1.000000 0.000000
0.999998 0.002135 0.000000 -0.514994 -0.002135 0.999998 0.000000 0.043109 0.000000 0.000000 1.000000 0.000000
0.999998 0.002173 0.000000 -0.522059 -0.002173 0.999998 0.000000 0.044033 0.000000 0.000000 1.000000 0.000000
0.999998 0.002198 0.000000 -0.526395 -0.002198 0.999998 0.000000 0.044319 0.000000 0.000000 1.000000 0.000000
0.999998 0.002223 0.000000 -0.531760 -0.002223 0.999998 0.000000 0.044805 0.000000 0.000000 1.000000 0.000000
0.999997 0.002241 0.000000 -0.536727 -0.002241 0.999997 0.000000 0.045472 0.000000 0.000000 1.000000 0.000000
0.999997 0.002277 0.000000 -0.542606 -0.002277 0.999997 0.000000 0.046135 0.000000 0.000000 1.000000 0.000000
0.999997 0.002301 0.000000 -0.547726 -0.002301 0.999997 0.000000 0.046508 0.000000 0.000000 1.000000 0.000000
0.999997 0.002334 0.000000 -0.552682 -0.002334 0.999997 0.000000 0.047253 0.000000 0.000000 1.000000 0.000000
0.999997 0.002376 0.000000 -0.558672 -0.002376 0.999997 0.000000 0.047635 0.000000 0.000000 1.000000 0.000000
0.999997 0.002409 0.000000 -0.564106 -0.002409 0.999997 0.000000 0.048369 0.000000 0.000000 1.000000 0.000000
0.999997 0.002462 0.000000 -0.570177 -0.002462 0.999997 0.000000 0.049150 0.000000 0.000000 1.000000 0.000000
0.999997 0.002509 0.000000 -0.576764 -0.002509 0.999997 0.000000 0.050324 0.000000 0.000000 1.000000 0.000000
0.999997 0.002541 0.000000 -0.581718 -0.002541 0.999997 0.000000 0.050653 0.000000 0.000000 1.000000 0.000000
0.999997 0.002576 0.000000 -0.586697 -0.002576 0.999997 0.000000 0.051028 0.000000 0.000000 1.000000 0.000000
0.999997 0.002607 0.000000 -0.590920 -0.002607 0.999997 0.000000 0.052026 0.000000 0.000000 1.000000 0.000000
0.999997 0.002635 0.000000 -0.595543 -0.002635 0.999997 0.000000 0.052652 0.000000 0.000000 1.000000 0.000000
0.999996 0.002658 0.000000 -0.599317 -0.002658 0.999996 0.000000 0.053159 0.000000 0.000000 1.000000 0.000000
0.999996 0.002686 0.000000 -0.604426 -0.002686 0.999996 0.000000 0.053649 0.000000 0.000000 1.000000 0.000000
0.999996 0.002712 0.000000 -0.608611 -0.002712 0.999996 0.000000 0.054244 0.000000 0.000000 1.000000 0.000000
0.999996 0.002743 0.000000 -0.614089 -0.002743 0.999996 0.000000 0.055043 0.000000 0.000000 1.000000 0.000000
0.999996 0.002769 0.000000 -0.618164 -0.002769 0.999996 0.000000 0.055694 0.000000 0.000000 1.000000 0.000000
0.999996 0.002799 0.000000 -0.623457 -0.002799 0.999996 0.000000 0.056940 0.000000 0.000000 1.000000 0.000000
0.999996 0.002824 0.000000 -0.628087 -0.002824 0.999996 0.000000 0.057589 0.000000 0.000000 1.000000 0.000000
0.999996 0.002849 0.000000 -0.633663 -0.002849 0.999996 0.000000 0.058403 0.000000 0.000000 1.000000 0.000000
0.999996 0.002873 0.000000 -0.638351 -0.002873 0.999996 0.000000 0.059018 0.000000 0.000000 1.000000 0.000000
0.999996 0.002900 0.000000 -0.644081 -0.002900 0.999996 0.000000 0.059989 0.000000 0.000000 1.000000 0.000000
0.999996 0.002926 0.000000 -0.648841 -0.002926 0.999996 0.000000 0.060114 0.000000 0.000000 1.000000 0.000000
0.999996 0.002961 0.000000 -0.656302 -0.002961 0.999996 0.000000 0.060955 0.000000 0.000000 1.000000 0.000000
0.999996 0.002983 0.000000 -0.662496 -0.002983 0.999996 0.000000 0.061071 0.000000 0.000000 1.000000 0.000000
0.999995 0.003008 0.000000 -0.667216 -0.003008 0.999995 0.000000 0.061959 0.000000 0.000000 1.000000 0.000000
0.999995 0.003034 0.000000 -0.671735 -0.003034 0.999995 0.000000 0.062809 0.000000 0.000000 1.000000 0.000000
0.999995 0.003069 0.000000 -0.677629 -0.003069 0.999995 0.000000 0.063599 0.000000 0.000000 1.000000 0.000000
0.999995 0.003087 0.000000 -0.682199 -0.003087 0.999995 0.000000 0.064622 0.000000 0.000000 1.000000 0.000000
0.999995 0.003109 0.000000 -0.688155 -0.003109 0.999995 0.000000 0.065065 0.000000 0.000000 1.000000 0.000000
0.999995 0.003129 0.000000 -0.693278 -0.003129 0.999995 0.000000 0.065362 0.000000 0.000000 1.000000 0.000000
0.999995 0.003152 0.000000 -0.698457 -0.003152 0.999995 0.000000 0.065972 0.000000 0.000000 1.000000 0.000000
0.999995 0.003180 0.000000 -0.704270 -0.003180 0.999995 0.000000 0.066406 0.000000 0.000000 1.000000 0.000000
0.999995 0.003201 0.000000 -0.710886 -0.003201 0.999995 0.000000 0.066513 0.000000 0.000000 1.000000 0.000000
0.999995 0.003149 0.000000 -0.719138 -0.003149 0.999995 0.000000 0.065003 0.000000 0.000000 1.000000 0.000000
0.999995 0.003051 0.000000 -0.728442 -0.003051 0.999995 0.000000 0.061657 0.000000 0.000000 1.000000 0.000000
0.999996 0.002801 0.000000 -0.752393 -0.002801 0.999996 0.000000 0.050437 0.000000 0.000000 1.000000 0.000000
0.999998 0.001955 0.000000 -0.800854 -0.001955 0.999998 0.000000 0.034139 0.000000 0.000000 1.000000 0.000000
0.999998 0.001803 0.000000 -0.818473 -0.001803 0.999998 0.000000 0.031248 0.000000 0.000000 1.000000 0.000000
1.000000 0.000030 0.000000 -0.910582 -0.000030 1.000000 0.000000 -0.001250 0.000000 0.000000 1.000000 0.000000
1.000000 -0.000811 0.000000 -0.947069 0.000811 1.000000 0.000000 0.023941 0.000000 0.000000 1.000000 0.000000
1.000000 -0.000802 0.000000 -0.963280 0.000802 1.000000 0.000000 0.029091 0.000000 0.000000 1.000000 0.000000
1.000000 -0.000891 0.000000 -0.971223 0.000891 1.000000 0.000000 0.033043 0.000000 0.000000 1.000000 0.000000
1.000000 -0.000944 0.000000 -0.978897 0.000944 1.000000 0.000000 0.035718 0.000000 0.000000 1.000000 0.000000
0.999999 -0.001050 0.000000 -0.986524 0.001050 0.999999 0.000000 0.040824 0.000000 0.000000 1.000000 0.000000
0.999999 -0.001282 0.000000 -0.994498 0.001282 0.999999 0.000000 0.048058 0.000000 0.000000 1.000000 0.000000
0.999999 -0.001252 0.000000 -1.000451 0.001252 0.999999 0.000000 0.048667 0.000000 0.000000 1.000000 0.000000
0.999999 -0.001233 0.000000 -1.005687 0.001233 0.999999 0.000000 0.048990 0.000000 0.000000 1.000000 0.000000
0.999999 -0.001216 0.000000 -1.010263 0.001216 0.999999 0.000000 0.050012 0.000000 0.000000 1.000000 0.000000
0.999999 -0.001181 0.000000 -1.015728 0.001181 0.999999 0.000000 0.050464 0.000000 0.000000 1.000000 0.000000
0.999999 -0.001155 0.000000 -1.021095 0.001155 0.999999 0.000000 0.050729 0.000000 0.000000 1.000000 0.000000
0.999999 -0.001131 0.000000 -1.026110 0.001131 0.999999 0.000000 0.050856 0.000000 0.000000 1.000000 0.000000
0.999999 -0.001097 0.000000 -1.032191 0.001097 0.999999 0.000000 0.051185 0.000000 0.000000 1.000000 0.000000
0.999999 -0.001085 0.000000 -1.036000 0.001085 0.999999 0.000000 0.049667 0.000000 0.000000 1.000000 0.000000
0.999999 -0.001066 0.000000 -1.040147 0.001066 0.999999 0.000000 0.049854 0.000000 0.000000 1.000000 0.000000
0.999999 -0.001040 0.000000 -1.044734 0.001040 0.999999 0.000000 0.050730 0.000000 0.000000 1.000000 0.000000
0.999999 -0.001017 0.000000 -1.048927 0.001017 0.999999 0.000000 0.051594 0.000000 0.000000 1.000000 0.000000
1.000000 -0.000989 0.000000 -1.054088 0.000989 1.000000 0.000000 0.051997 0.000000 0.000000 1.000000 0.000000
1.000000 -0.000970 0.000000 -1.058214 0.000970 1.000000 0.000000 0.052634 0.000000 0.000000 1.000000 0.000000
1.000000 -0.000945 0.000000 -1.063218 0.000945 1.000000 0.000000 0.052760 0.000000 0.000000 1.000000 0.000000
1.000000 -0.000922 0.000000 -1.066943 0.000922 1.000000 0.000000 0.053188 0.000000 0.000000 1.000000 0.000000
1.000000 -0.000896 0.000000 -1.071656 0.000896 1.000000 0.000000 0.053654 0.000000 0.000000 1.000000 0.000000
1.000000 -0.000869 0.000000 -1.076554 0.000869 1.000000 0.000000 0.054143 0.000000 0.000000 1.000000 0.000000
1.000000 -0.000843 0.000000 -1.081111 0.000843 1.000000 0.000000 0.054385 0.000000 0.000000 1.000000 0.000000
1.000000 -0.000816 0.000000 -1.086015 0.000816 1.000000 0.000000 0.054982 0.000000 0.000000 1.000000 0.000000
1.000000 -0.000798 0.000000 -1.089454 0.000798 1.000000 0.000000 0.055176 0.000000 0.000000 1.000000 0.000000
1.000000 -0.000770 0.000000 -1.093641 0.000770 1.000000 0.000000 0.055931 0.000000 0.000000 1.000000 0.000000
1.000000 -0.000744 0.000000 -1.098697 0.000744 1.000000 0.000000 0.056424 0.000000 0.000000 1.000000 0.000000
1.000000 -0.000710 0.000000 -1.104124 0.000710 1.000000 0.000000 0.057118 0.000000 0.000000 1.000000 0.000000
1.000000 -0.000685 0.000000 -1.109377 0.000685 1.000000 0.000000 0.057674 0.000000 0.000000 1.000000 0.000000
1.000000 -0.000666 0.000000 -1.113508 0.000666 1.000000 0.000000 0.058116 0.000000 0.000000 1.000000 0.000000
1.000000 -0.000640 0.000000 -1.119738 0.000640 1.000000 0.000000 0.058533 0.000000 0.000000 1.000000 0.000000
1.000000 -0.000618 0.000000 -1.124577 0.000618 1.000000 0.000000 0.059026 0.000000 0.000000 1.000000 0.000000
1.000000 -0.000599 0.000000 -1.129696 0.000599 1.000000 0.000000 0.059557 0.000000 0.000000 1.000000 0.000000
1.000000 -0.000568 0.000000 -1.136130 0.000568 1.000000 0.000000 0.060007 0.000000 0.000000 1.000000 0.000000
1.000000 -0.000538 0.000000 -1.142097 0.000538 1.000000 0.000000 0.060557 0.000000 0.000000 1.000000 0.000000
1.000000 -0.000510 0.000000 -1.146844 0.000510 1.000000 0.000000 0.061179 0.000000 0.000000 1.000000 0.000000
1.000000 -0.000475 0.000000 -1.152485 0.000475 1.000000 0.000000 0.061770 0.000000 0.000000 1.000000 0.000000
1.000000 -0.000452 0.000000 -1.158373 0.000452 1.000000 0.000000 0.062031 0.000000 0.000000 1.000000 0.000000
1.000000 -0.000419 0.000000 -1.163828 0.000419 1.000000 0.000000 0.062312 0.000000 0.000000 1.000000 0.000000
1.000000 -0.000398 0.000000 -1.168564 0.000398 1.000000 0.000000 0.062540 0.000000 0.000000 1.000000 0.000000
1.000000 -0.000366 0.000000 -1.174046 0.000366 1.000000 0.000000 0.062959 0.000000 0.000000 1.000000 0.000000
1.000000 -0.000340 0.000000 -1.179772 0.000340 1.000000 0.000000 0.063597 0.000000 0.000000 1.000000 0.000000
1.000000 -0.000312 0.000000 -1.185514 0.000312 1.000000 0.000000 0.063561 0.000000 0.000000 1.000000 0.000000
1.000000 -0.000280 0.000000 -1.190821 0.000280 1.000000 0.000000 0.063894 0.000000 0.000000 1.000000 0.000000
1.000000 -0.000234 0.000000 -1.198885 0.000234 1.000000 0.000000 0.064722 0.000000 0.000000 1.000000 0.000000
1.000000 -0.000175 0.000000 -1.208899 0.000175 1.000000 0.000000 0.065104 0.000000 0.000000 1.000000 0.000000
1.000000 -0.000140 0.000000 -1.216263 0.000140 1.000000 0.000000 0.065308 0.000000 0.000000 1.000000 0.000000
1.000000 -0.000110 0.000000 -1.221691 0.000110 1.000000 0.000000 0.065511 0.000000 0.000000 1.000000 0.000000
1.000000 -0.000081 0.000000 -1.227272 0.000081 1.000000 0.000000 0.065784 0.000000 0.000000 1.000000 0.000000
1.000000 -0.000025 0.000000 -1.232833 0.000025 1.000000 0.000000 0.068140 0.000000 0.000000 1.000000 0.000000
1.000000 0.000049 0.000000 -1.239591 -0.000049 1.000000 0.000000 0.071084 0.000000 0.000000 1.000000 0.000000
1.000000 0.000103 0.000000 -1.245728 -0.000103 1.000000 0.000000 0.072298 0.000000 0.000000 1.000000 0.000000
1.000000 0.000147 0.000000 -1.248732 -0.000147 1.000000 0.000000 0.074378 0.000000 0.000000 1.000000 0.000000
1.000000 0.000172 0.000000 -1.254865 -0.000172 1.000000 0.000000 0.074329 0.000000 0.000000 1.000000 0.000000
1.000000 0.000212 0.000000 -1.262024 -0.000212 1.000000 0.000000 0.074388 0.000000 0.000000 1.000000 0.000000
1.000000 0.000254 0.000000 -1.266575 -0.000254 1.000000 0.000000 0.075893 0.000000 0.000000 1.000000 0.000000
1.000000 0.000303 0.000000 -1.273420 -0.000303 1.000000 0.000000 0.077352 0.000000 0.000000 1.000000 0.000000
1.000000 0.000348 0.000000 -1.280006 -0.000348 1.000000 0.000000 0.077964 0.000000 0.000000 1.000000 0.000000
1.000000 0.000385 0.000000 -1.285793 -0.000385 1.000000 0.000000 0.078712 0.000000 0.000000 1.000000 0.000000
1.000000 0.000426 0.000000 -1.290939 -0.000426 1.000000 0.000000 0.079487 0.000000 0.000000 1.000000 0.000000
1.000000 0.000444 0.000000 -1.297419 -0.000444 1.000000 0.000000 0.080095 0.000000 0.000000 1.000000 0.000000
1.000000 0.000501 0.000000 -1.302053 -0.000501 1.000000 0.000000 0.081294 0.000000 0.000000 1.000000 0.000000
1.000000 0.000539 0.000000 -1.308606 -0.000539 1.000000 0.000000 0.081957 0.000000 0.000000 1.000000 0.000000
1.000000 0.000565 0.000000 -1.315647 -0.000565 1.000000 0.000000 0.082382 0.000000 0.000000 1.000000 0.000000
1.000000 0.000640 0.000000 -1.322302 -0.000640 1.000000 0.000000 0.084008 0.000000 0.000000 1.000000 0.000000
1.000000 0.000670 0.000000 -1.326916 -0.000670 1.000000 0.000000 0.084845 0.000000 0.000000 1.000000 0.000000
1.000000 0.000724 0.000000 -1.330008 -0.000724 1.000000 0.000000 0.086109 0.000000 0.000000 1.000000 0.000000
1.000000 0.000752 0.000000 -1.335991 -0.000752 1.000000 0.000000 0.086884 0.000000 0.000000 1.000000 0.000000
1.000000 0.000790 0.000000 -1.341811 -0.000790 1.000000 0.000000 0.088631 0.000000 0.000000 1.000000 0.000000
1.000000 0.000885 0.000000 -1.352855 -0.000885 1.000000 0.000000 0.090799 0.000000 0.000000 1.000000 0.000000
0.999999 0.001004 0.000000 -1.365393 -0.001004 0.999999 0.000000 0.094175 0.000000 0.000000 1.000000 0.000000
0.999999 0.001140 0.000000 -1.376548 -0.001140 0.999999 0.000000 0.098421 0.000000 0.000000 1.000000 0.000000
0.999999 0.001175 0.000000 -1.385432 -0.001175 0.999999 0.000000 0.100328 0.000000 0.000000 1.000000 0.000000
0.999999 0.001213 0.000000 -1.392340 -0.001213 0.999999 0.000000 0.101469 0.000000 0.000000 1.000000 0.000000
0.999999 0.001273 0.000000 -1.400925 -0.001273 0.999999 0.000000 0.102936 0.000000 0.000000 1.000000 0.000000
0.999999 0.001339 0.000000 -1.406493 -0.001339 0.999999 0.000000 0.104722 0.000000 0.000000 1.000000 0.000000
0.999999 0.001397 0.000000 -1.413374 -0.001397 0.999999 0.000000 0.106032 0.000000 0.000000 1.000000 0.000000
0.999999 0.001463 0.000000 -1.420143 -0.001463 0.999999 0.000000 0.107670 0.000000 0.000000 1.000000 0.000000
0.999999 0.001503 0.000000 -1.425362 -0.001503 0.999999 0.000000 0.109023 0.000000 0.000000 1.000000 0.000000
0.999999 0.001549 0.000000 -1.432898 -0.001549 0.999999 0.000000 0.110118 0.000000 0.000000 1.000000 0.000000
0.999999 0.001577 0.000000 -1.440041 -0.001577 0.999999 0.000000 0.110694 0.000000 0.000000 1.000000 0.000000
0.999999 0.001612 0.000000 -1.448299 -0.001612 0.999999 0.000000 0.111103 0.000000 0.000000 1.000000 0.000000
0.999999 0.001622 0.000000 -1.455870 -0.001622 0.999999 0.000000 0.111071 0.000000 0.000000 1.000000 0.000000
1.000000 0.000941 0.000000 -1.471709 -0.000941 1.000000 0.000000 0.101079 0.000000 0.000000 1.000000 0.000000
1.000000 0.000458 0.000000 -1.487161 -0.000458 1.000000 0.000000 0.093307 0.000000 0.000000 1.000000 0.000000
1.000000 0.000166 0.000000 -1.503120 -0.000166 1.000000 0.000000 0.084502 0.000000 0.000000 1.000000 0.000000
1.000000 -0.000026 0.000000 -1.519868 0.000026 1.000000 0.000000 0.078146 0.000000 0.000000 1.000000 0.000000
1.000000 -0.000523 0.000000 -1.558894 0.000523 1.000000 0.000000 0.055810 0.000000 0.000000 1.000000 0.000000
0.999999 -0.001096 0.000000 -1.644323 0.001096 0.999999 0.000000 0.021156 0.000000 0.000000 1.000000 0.000000
0.999999 -0.001471 0.000000 -1.691234 0.001471 0.999999 0.000000 0.007320 0.000000 0.000000 1.000000 0.000000
0.999999 -0.001199 0.000000 -1.727610 0.001199 0.999999 0.000000 0.014125 0.000000 0.000000 1.000000 0.000000
0.999998 -0.002104 0.000000 -1.785637 0.002104 0.999998 0.000000 0.056296 0.000000 0.000000 1.000000 0.000000
0.999998 -0.002066 0.000000 -1.796896 0.002066 0.999998 0.000000 0.062131 0.000000 0.000000 1.000000 0.000000
0.999998 -0.002121 0.000000 -1.805863 0.002121 0.999998 0.000000 0.066987 0.000000 0.000000 1.000000 0.000000
0.999998 -0.002121 0.000000 -1.812109 0.002121 0.999998 0.000000 0.068078 0.000000 0.000000 1.000000 0.000000
0.999998 -0.002178 0.000000 -1.819164 0.002178 0.999998 0.000000 0.071429 0.000000 0.000000 1.000000 0.000000
0.999998 -0.002157 0.000000 -1.825387 0.002157 0.999998 0.000000 0.073172 0.000000 0.000000 1.000000 0.000000
0.999998 -0.002121 0.000000 -1.833465 0.002121 0.999998 0.000000 0.074404 0.000000 0.000000 1.000000 0.000000
0.999998 -0.002082 0.000000 -1.840889 0.002082 0.999998 0.000000 0.074975 0.000000 0.000000 1.000000 0.000000
0.999998 -0.001988 0.000000 -1.852936 0.001988 0.999998 0.000000 0.076568 0.000000 0.000000 1.000000 0.000000
0.999998 -0.001947 0.000000 -1.862545 0.001947 0.999998 0.000000 0.076643 0.000000 0.000000 1.000000 0.000000
0.999998 -0.001879 0.000000 -1.872173 0.001879 0.999998 0.000000 0.077396 0.000000 0.000000 1.000000 0.000000
0.999998 -0.001820 0.000000 -1.881618 0.001820 0.999998 0.000000 0.077872 0.000000 0.000000 1.000000 0.000000
0.999998 -0.001765 0.000000 -1.890472 0.001765 0.999998 0.000000 0.078246 0.000000 0.000000 1.000000 0.000000
0.999999 -0.001721 0.000000 -1.899912 0.001721 0.999999 0.000000 0.077723 0.000000 0.000000 1.000000 0.000000
0.999999 -0.001661 0.000000 -1.906449 0.001661 0.999999 0.000000 0.078790 0.000000 0.000000 1.000000 0.000000
0.999999 -0.001611 0.000000 -1.912296 0.001611 0.999999 0.000000 0.079135 0.000000 0.000000 1.000000 0.000000
0.999999 -0.001557 0.000000 -1.917490 0.001557 0.999999 0.000000 0.080121 0.000000 0.000000 1.000000 0.000000
0.999999 -0.001514 0.000000 -1.923721 0.001514 0.999999 0.000000 0.080112 0.000000 0.000000 1.000000 0.000000
0.999999 -0.001471 0.000000 -1.929454 0.001471 0.999999 0.000000 0.080807 0.000000 0.000000 1.000000 0.000000
0.999999 -0.001443 0.000000 -1.936521 0.001443 0.999999 0.000000 0.081143 0.000000 0.000000 1.000000 0.000000
0.999999 -0.001400 0.000000 -1.942130 0.001400 0.999999 0.000000 0.081301 0.000000 0.000000 1.000000 0.000000
0.999999 -0.001366 0.000000 -1.947167 0.001366 0.999999 0.000000 0.081560 0.000000 0.000000 1.000000 0.000000
0.999999 -0.001322 0.000000 -1.951612 0.001322 0.999999 0.000000 0.081144 0.000000 0.000000 1.000000 0.000000
0.999999 -0.001286 0.000000 -1.957069 0.001286 0.999999 0.000000 0.081642 0.000000 0.000000 1.000000 0.000000
0.999999 -0.001244 0.000000 -1.960259 0.001244 0.999999 0.000000 0.083252 0.000000 0.000000 1.000000 0.000000
0.999999 -0.001522 0.000000 -1.949316 0.001522 0.999999 0.000000 0.091320 0.000000 0.000000 1.000000 0.000000
0.999995 -0.003101 0.000000 -1.899479 0.003101 0.999995 0.000000 0.115196 0.000000 0.000000 1.000000 0.000000
0.999966 -0.008260 0.000000 -1.776349 0.008260 0.999966 0.000000 0.149218 0.000000 0.000000 1.000000 0.000000
0.999766 -0.021614 0.000000 -1.646497 0.021614 0.999766 0.000000 0.228173 0.000000 0.000000 1.000000 0.000000
0.998998 -0.044745 0.000000 -1.452234 0.044745 0.998998 0.000000 0.300875 0.000000 0.000000 1.000000 0.000000
0.997318 -0.073184 0.000000 -1.233293 0.073184 0.997318 0.000000 0.386473 0.000000 0.000000 1.000000 0.000000
0.994169 -0.107834 0.000000 -1.008997 0.107834 0.994169 0.000000 0.453051 0.000000 0.000000 1.000000 0.000000
0.989164 -0.146812 0.000000 -0.721663 0.146812 0.989164 0.000000 0.551857 0.000000 0.000000 1.000000 0.000000
0.982237 -0.187645 0.000000 -0.384115 0.187645 0.982237 0.000000 0.616512 0.000000 0.000000 1.000000 0.000000
0.974218 -0.225608 0.000000 -0.029595 0.225608 0.974218 0.000000 0.740607 0.000000 0.000000 1.000000 0.000000
0.966013 -0.258493 0.000000 0.362830 0.258493 0.966013 0.000000 0.897018 0.000000 0.000000 1.000000 0.000000
0.960170 -0.279415 0.000000 0.811688 0.279415 0.960170 0.000000 1.021408 0.000000 0.000000 1.000000 0.000000
0.959168 -0.282837 0.000000 1.352448 0.282837 0.959168 0.000000 1.146070 0.000000 0.000000 1.000000 0.000000
0.962096 -0.272709 0.000000 1.960018 0.272709 0.962096 0.000000 1.322353 0.000000 0.000000 1.000000 0.000000
0.967862 -0.251483 0.000000 2.633300 0.251483 0.967862 0.000000 1.511139 0.000000 0.000000 1.000000 0.000000
0.974474 -0.224499 0.000000 3.463391 0.224499 0.974474 0.000000 1.681374 0.000000 0.000000 1.000000 0.000000
0.980694 -0.195550 0.000000 4.373059 0.195550 0.980694 0.000000 1.890605 0.000000 0.000000 1.000000 0.000000
0.985584 -0.169188 0.000000 5.389303 0.169188 0.985584 0.000000 2.081358 0.000000 0.000000 1.000000 0.000000
0.989049 -0.147588 0.000000 6.481669 0.147588 0.989049 0.000000 2.233984 0.000000 0.000000 1.000000 0.000000
0.992241 -0.124328 0.000000 7.678253 0.124328 0.992241 0.000000 2.376795 0.000000 0.000000 1.000000 0.000000
0.994511 -0.104629 0.000000 8.931563 0.104629 0.994511 0.000000 2.478487 0.000000 0.000000 1.000000 0.000000
0.995916 -0.090286 0.000000 10.265730 0.090286 0.995916 0.000000 2.575561 0.000000 0.000000 1.000000 0.000000
0.996733 -0.080772 0.000000 11.663401 0.080772 0.996733 0.000000 2.655920 0.000000 0.000000 1.000000 0.000000
0.997386 -0.072259 0.000000 13.104216 0.072259 0.997386 0.000000 2.729580 0.000000 0.000000 1.000000 0.000000
0.997908 -0.064650 0.000000 14.589769 0.064650 0.997908 0.000000 2.803836 0.000000 0.000000 1.000000 0.000000
0.998368 -0.057100 0.000000 16.149127 0.057100 0.998368 0.000000 2.865942 0.000000 0.000000 1.000000 0.000000
0.998595 -0.052999 0.000000 17.722608 0.052999 0.998595 0.000000 2.922669 0.000000 0.000000 1.000000 0.000000
0.998736 -0.050273 0.000000 19.332896 0.050273 0.998736 0.000000 2.993247 0.000000 0.000000 1.000000 0.000000
0.998833 -0.048289 0.000000 20.970671 0.048289 0.998833 0.000000 3.035885 0.000000 0.000000 1.000000 0.000000
0.999002 -0.044659 0.000000 22.611151 0.044659 0.999002 0.000000 3.082830 0.000000 0.000000 1.000000 0.000000
0.999098 -0.042462 0.000000 24.325801 0.042462 0.999098 0.000000 3.131670 0.000000 0.000000 1.000000 0.000000
0.999046 -0.043679 0.000000 26.052063 0.043679 0.999046 0.000000 3.192676 0.000000 0.000000 1.000000 0.000000
0.998921 -0.046440 0.000000 27.763813 0.046440 0.998921 0.000000 3.238291 0.000000 0.000000 1.000000 0.000000
0.998815 -0.048673 0.000000 29.526430 0.048673 0.998815 0.000000 3.300571 0.000000 0.000000 1.000000 0.000000
0.998641 -0.052116 0.000000 31.323807 0.052116 0.998641 0.000000 3.343466 0.000000 0.000000 1.000000 0.000000
0.998587 -0.053144 0.000000 33.129384 0.053144 0.998587 0.000000 3.415858 0.000000 0.000000 1.000000 0.000000
0.998643 -0.052081 0.000000 34.970488 0.052081 0.998643 0.000000 3.481885 0.000000 0.000000 1.000000 0.000000
0.998670 -0.051556 0.000000 36.816679 0.051556 0.998670 0.000000 3.553602 0.000000 0.000000 1.000000 0.000000
0.998617 -0.052572 0.000000 38.660910 0.052572 0.998617 0.000000 3.635718 0.000000 0.000000 1.000000 0.000000
0.998524 -0.054308 0.000000 40.536846 0.054308 0.998524 0.000000 3.705279 0.000000 0.000000 1.000000 0.000000
0.998391 -0.056698 0.000000 42.398783 0.056698 0.998391 0.000000 3.808888 0.000000 0.000000 1.000000 0.000000
0.998238 -0.059339 0.000000 44.295163 0.059339 0.998238 0.000000 3.905116 0.000000 0.000000 1.000000 0.000000
0.998162 -0.060605 0.000000 46.212529 0.060605 0.998162 0.000000 4.024409 0.000000 0.000000 1.000000 0.000000
0.998004 -0.063148 0.000000 48.129871 0.063148 0.998004 0.000000 4.153076 0.000000 0.000000 1.000000 0.000000
0.998020 -0.062903 0.000000 50.050521 0.062903 0.998020 0.000000 4.274732 0.000000 0.000000 1.000000 0.000000
0.998086 -0.061838 0.000000 51.979296 0.061838 0.998086 0.000000 4.388418 0.000000 0.000000 1.000000 0.000000
0.998246 -0.059206 0.000000 53.944785 0.059206 0.998246 0.000000 4.508206 0.000000 0.000000 1.000000 0.000000
0.998322 -0.057903 0.000000 55.880761 0.057903 0.998322 0.000000 4.634974 0.000000 0.000000 1.000000 0.000000
0.998399 -0.056571 0.000000 57.802122 0.056571 0.998399 0.000000 4.728470 0.000000 0.000000 1.000000 0.000000
0.998472 -0.055255 0.000000 59.753639 0.055255 0.998472 0.000000 4.834093 0.000000 0.000000 1.000000 0.000000
0.998608 -0.052755 0.000000 61.749059 0.052755 0.998608 0.000000 4.896331 0.000000 0.000000 1.000000 0.000000
0.998828 -0.048402 0.000000 63.624426 0.048402 0.998828 0.000000 4.965396 0.000000 0.000000 1.000000 0.000000
0.999029 -0.044062 0.000000 65.594527 0.044062 0.999029 0.000000 5.032320 0.000000 0.000000 1.000000 0.000000
0.999211 -0.039712 0.000000 67.581863 0.039712 0.999211 0.000000 5.097350 0.000000 0.000000 1.000000 0.000000
0.999292 -0.037636 0.000000 69.581181 0.037636 0.999292 0.000000 5.149901 0.000000 0.000000 1.000000 0.000000
0.999391 -0.034890 0.000000 71.612216 0.034890 0.999391 0.000000 5.212186 0.000000 0.000000 1.000000 0.000000
0.999476 -0.032361 0.000000 73.616661 0.032361 0.999476 0.000000 5.253895 0.000000 0.000000 1.000000 0.000000
0.999518 -0.031046 0.000000 75.661362 0.031046 0.999518 0.000000 5.302359 0.000000 0.000000 1.000000 0.000000
0.999554 -0.029847 0.000000 77.679289 0.029847 0.999554 0.000000 5.369662 0.000000 0.000000 1.000000 0.000000
0.999581 -0.028932 0.000000 79.747383 0.028932 0.999581 0.000000 5.427728 0.000000 0.000000 1.000000 0.000000
0.999577 -0.029094 0.000000 81.778645 0.029094 0.999577 0.000000 5.480907 0.000000 0.000000 1.000000 0.000000
0.999518 -0.031030 0.000000 83.805815 0.031030 0.999518 0.000000 5.541264 0.000000 0.000000 1.000000 0.000000
0.999443 -0.033383 0.000000 85.824913 0.033383 0.999443 0.000000 5.596419 0.000000 0.000000 1.000000 0.000000
0.999357 -0.035852 0.000000 87.845908 0.035852 0.999357 0.000000 5.643134 0.000000 0.000000 1.000000 0.000000
0.999262 -0.038411 0.000000 89.813485 0.038411 0.999262 0.000000 5.721473 0.000000 0.000000 1.000000 0.000000
0.999102 -0.042376 0.000000 91.839152 0.042376 0.999102 0.000000 5.795704 0.000000 0.000000 1.000000 0.000000
0.998761 -0.049763 0.000000 93.826355 0.049763 0.998761 0.000000 5.940379 0.000000 0.000000 1.000000 0.000000
0.998558 -0.053693 0.000000 95.750697 0.053693 0.998558 0.000000 6.026659 0.000000 0.000000 1.000000 0.000000
0.998442 -0.055808 0.000000 97.745148 0.055808 0.998442 0.000000 6.135548 0.000000 0.000000 1.000000 0.000000
0.998220 -0.059634 0.000000 99.663250 0.059634 0.998220 0.000000 6.244170 0.000000 0.000000 1.000000 0.000000
0.997944 -0.064090 0.000000 101.582884 0.064090 0.997944 0.000000 6.353294 0.000000 0.000000 1.000000 0.000000
0.997728 -0.067367 0.000000 103.568459 0.067367 0.997728 0.000000 6.475918 0.000000 0.000000 1.000000 0.000000
0.997572 -0.069638 0.000000 105.508973 0.069638 0.997572 0.000000 6.590470 0.000000 0.000000 1.000000 0.000000
0.997389 -0.072215 0.000000 107.480953 0.072215 0.997389 0.000000 6.722363 0.000000 0.000000 1.000000 0.000000
0.997241 -0.074235 0.000000 109.440926 0.074235 0.997241 0.000000 6.871375 0.000000 0.000000 1.000000 0.000000
0.997130 -0.075709 0.000000 111.431718 0.075709 0.997130 0.000000 7.008749 0.000000 0.000000 1.000000 0.000000
0.996991 -0.077519 0.000000 113.425281 0.077519 0.996991 0.000000 7.149177 0.000000 0.000000 1.000000 0.000000
0.996948 -0.078071 0.000000 115.386391 0.078071 0.996948 0.000000 7.310012 0.000000 0.000000 1.000000 0.000000
0.996861 -0.079166 0.000000 117.366309 0.079166 0.996861 0.000000 7.455525 0.000000 0.000000 1.000000 0.000000
0.996834 -0.079512 0.000000 119.309298 0.079512 0.996834 0.000000 7.608983 0.000000 0.000000 1.000000 0.000000
0.996834 -0.079506 0.000000 121.313971 0.079506 0.996834 0.000000 7.779796 0.000000 0.000000 1.000000 0.000000
0.996858 -0.079207 0.000000 123.329436 0.079207 0.996858 0.000000 7.913149 0.000000 0.000000 1.000000 0.000000
0.996876 -0.078983 0.000000 125.343608 0.078983 0.996876 0.000000 8.056981 0.000000 0.000000 1.000000 0.000000
0.996959 -0.077925 0.000000 127.346201 0.077925 0.996959 0.000000 8.211279 0.000000 0.000000 1.000000 0.000000
0.997066 -0.076540 0.000000 129.420241 0.076540 0.997066 0.000000 8.353419 0.000000 0.000000 1.000000 0.000000
0.997123 -0.075801 0.000000 131.491650 0.075801 0.997123 0.000000 8.513395 0.000000 0.000000 1.000000 0.000000
0.997107 -0.076009 0.000000 133.548067 0.076009 0.997107 0.000000 8.670476 0.000000 0.000000 1.000000 0.000000
0.997037 -0.076923 0.000000 135.601524 0.076923 0.997037 0.000000 8.824725 0.000000 0.000000 1.000000 0.000000
0.996941 -0.078155 0.000000 137.658843 0.078155 0.996941 0.000000 8.986067 0.000000 0.000000 1.000000 0.000000
0.996878 -0.078960 0.000000 139.733887 0.078960 0.996878 0.000000 9.153554 0.000000 0.000000 1.000000 0.000000
0.996909 -0.078563 0.000000 141.790673 0.078563 0.996909 0.000000 9.335609 0.000000 0.000000 1.000000 0.000000
0.996963 -0.077872 0.000000 143.864578 0.077872 0.996963 0.000000 9.493537 0.000000 0.000000 1.000000 0.000000
0.996881 -0.078919 0.000000 145.932981 0.078919 0.996881 0.000000 9.641478 0.000000 0.000000 1.000000 0.000000
0.996804 -0.079885 0.000000 148.044994 0.079885 0.996804 0.000000 9.803586 0.000000 0.000000 1.000000 0.000000
0.996692 -0.081277 0.000000 150.135576 0.081277 0.996692 0.000000 9.977676 0.000000 0.000000 1.000000 0.000000
0.996638 -0.081926 0.000000 152.211089 0.081926 0.996638 0.000000 10.129149 0.000000 0.000000 1.000000 0.000000
0.996605 -0.082332 0.000000 154.329577 0.082332 0.996605 0.000000 10.286218 0.000000 0.000000 1.000000 0.000000
0.996539 -0.083126 0.000000 156.472931 0.083126 0.996539 0.000000 10.474010 0.000000 0.000000 1.000000 0.000000
0.996472 -0.083921 0.000000 158.603901 0.083921 0.996472 0.000000 10.659792 0.000000 0.000000 1.000000 0.000000
0.996454 -0.084136 0.000000 160.727242 0.084136 0.996454 0.000000 10.829467 0.000000 0.000000 1.000000 0.000000
0.996478 -0.083860 0.000000 162.841718 0.083860 0.996478 0.000000 11.021604 0.000000 0.000000 1.000000 0.000000
0.996426 -0.084469 0.000000 164.985322 0.084469 0.996426 0.000000 11.196619 0.000000 0.000000 1.000000 0.000000
