1.000000 -0.000067 0.000000 0.003117 0.000067 1.000000 0.000000 0.002564 0.000000 0.000000 1.000000 0.000000
1.000000 -0.000112 0.000000 0.006282 0.000112 1.000000 0.000000 0.004013 0.000000 0.000000 1.000000 0.000000
1.000000 -0.000102 0.000000 0.010929 0.000102 1.000000 0.000000 0.006353 0.000000 0.000000 1.000000 0.000000
1.000000 -0.000132 0.000000 0.015430 0.000132 1.000000 0.000000 0.008964 0.000000 0.000000 1.000000 0.000000
1.000000 -0.000141 0.000000 0.018914 0.000141 1.000000 0.000000 0.010375 0.000000 0.000000 1.000000 0.000000
1.000000 -0.000184 0.000000 0.029026 0.000184 1.000000 0.000000 0.014360 0.000000 0.000000 1.000000 0.000000
1.000000 -0.000147 0.000000 0.029710 0.000147 1.000000 0.000000 0.015467 0.000000 0.000000 1.000000 0.000000
1.000000 -0.000157 0.000000 0.032156 0.000157 1.000000 0.000000 0.016936 0.000000 0.000000 1.000000 0.000000
1.000000 -0.000119 0.000000 0.034698 0.000119 1.000000 0.000000 0.018959 0.000000 0.000000 1.000000 0.000000
1.000000 -0.000087 0.000000 0.036166 0.000087 1.000000 0.000000 0.019567 0.000000 0.000000 1.000000 0.000000
1.000000 -0.000036 0.000000 0.035628 0.000036 1.000000 0.000000 0.020755 0.000000 0.000000 1.000000 0.000000
1.000000 -0.000092 0.000000 0.036808 0.000092 1.000000 0.000000 0.020857 0.000000 0.000000 1.000000 0.000000
1.000000 -0.000028 0.000000 0.033737 0.000028 1.000000 0.000000 0.021192 0.000000 0.000000 1.000000 0.000000
1.000000 0.000058 0.000000 0.038774 -0.000058 1.000000 0.000000 0.024167 0.000000 0.000000 1.000000 0.000000
1.000000 0.000150 0.000000 0.031117 -0.000150 1.000000 0.000000 0.023608 0.000000 0.000000 1.000000 0.000000
1.000000 0.000155 0.000000 0.033534 -0.000155 1.000000 0.000000 0.024149 0.000000 0.000000 1.000000 0.000000
1.000000 0.000187 0.000000 0.041047 -0.000187 1.000000 0.000000 0.027580 0.000000 0.000000 1.000000 0.000000
1.000000 0.000169 0.000000 0.051333 -0.000169 1.000000 0.000000 0.030464 0.000000 0.000000 1.000000 0.000000
1.000000 0.000268 0.000000 0.054317 -0.000268 1.000000 0.000000 0.031740 0.000000 0.000000 1.000000 0.000000
1.000000 0.000312 0.000000 0.058178 -0.000312 1.000000 0.000000 0.034133 0.000000 0.000000 1.000000 0.000000
1.000000 0.000275 0.000000 0.062410 -0.000275 1.000000 0.000000 0.035195 0.000000 0.000000 1.000000 0.000000
1.000000 0.000327 0.000000 0.066116 -0.000327 1.000000 0.000000 0.037588 0.000000 0.000000 1.000000 0.000000
1.000000 0.000402 0.000000 0.069289 -0.000402 1.000000 0.000000 0.039360 0.000000 0.000000 1.000000 0.000000
1.000000 0.000443 0.000000 0.072807 -0.000443 1.000000 0.000000 0.041258 0.000000 0.000000 1.000000 0.000000
1.000000 0.000501 0.000000 0.076724 -0.000501 1.000000 0.000000 0.043535 0.000000 0.000000 1.000000 0.000000
1.000000 0.000529 0.000000 0.080226 -0.000529 1.000000 0.000000 0.045092 0.000000 0.000000 1.000000 0.000000
1.000000 0.000569 0.000000 0.084203 -0.000569 1.000000 0.000000 0.046977 0.000000 0.000000 1.000000 0.000000
1.000000 0.000579 0.000000 0.089983 -0.000579 1.000000 0.000000 0.049743 0.000000 0.000000 1.000000 0.000000
1.000000 0.000602 0.000000 0.095619 -0.000602 1.000000 0.000000 0.052755 0.000000 0.000000 1.000000 0.000000
1.000000 0.000608 0.000000 0.101313 -0.000608 1.000000 0.000000 0.056391 0.000000 0.000000 1.000000 0.000000
1.000000 0.000594 0.000000 0.106641 -0.000594 1.000000 0.000000 0.059904 0.000000 0.000000 1.000000 0.000000
1.000000 0.000617 0.000000 0.116122 -0.000617 1.000000 0.000000 0.061561 0.000000 0.000000 1.000000 0.000000
1.000000 0.000577 0.000000 0.132840 -0.000577 1.000000 0.000000 0.071715 0.000000 0.000000 1.000000 0.000000
1.000000 0.000643 0.000000 0.141394 -0.000643 1.000000 0.000000 0.075979 0.000000 0.000000 1.000000 0.000000
1.000000 0.000594 0.000000 0.148513 -0.000594 1.000000 0.000000 0.079807 0.000000 0.000000 1.000000 0.000000
1.000000 0.000533 0.000000 0.155607 -0.000533 1.000000 0.000000 0.084988 0.000000 0.000000 1.000000 0.000000
1.000000 0.000644 0.000000 0.162301 -0.000644 1.000000 0.000000 0.088616 0.000000 0.000000 1.000000 0.000000
1.000000 0.000619 0.000000 0.173618 -0.000619 1.000000 0.000000 0.094525 0.000000 0.000000 1.000000 0.000000
1.000000 0.000532 0.000000 0.193232 -0.000532 1.000000 0.000000 0.100617 0.000000 0.000000 1.000000 0.000000
1.000000 0.000532 0.000000 0.201605 -0.000532 1.000000 0.000000 0.103803 0.000000 0.000000 1.000000 0.000000
1.000000 0.000553 0.000000 0.209359 -0.000553 1.000000 0.000000 0.107891 0.000000 0.000000 1.000000 0.000000
1.000000 0.000584 0.000000 0.215157 -0.000584 1.000000 0.000000 0.111321 0.000000 0.000000 1.000000 0.000000
1.000000 0.000685 0.000000 0.221298 -0.000685 1.000000 0.000000 0.115524 0.000000 0.000000 1.000000 0.000000
1.000000 0.000696 0.000000 0.226004 -0.000696 1.000000 0.000000 0.118321 0.000000 0.000000 1.000000 0.000000
1.000000 0.000707 0.000000 0.231870 -0.000707 1.000000 0.000000 0.121845 0.000000 0.000000 1.000000 0.000000
1.000000 0.000733 0.000000 0.237424 -0.000733 1.000000 0.000000 0.125267 0.000000 0.000000 1.000000 0.000000
1.000000 0.000765 0.000000 0.243075 -0.000765 1.000000 0.000000 0.128650 0.000000 0.000000 1.000000 0.000000
1.000000 0.000789 0.000000 0.248811 -0.000789 1.000000 0.000000 0.131930 0.000000 0.000000 1.000000 0.000000
1.000000 0.000812 0.000000 0.254069 -0.000812 1.000000 0.000000 0.134862 0.000000 0.000000 1.000000 0.000000
1.000000 0.000827 0.000000 0.259550 -0.000827 1.000000 0.000000 0.138171 0.000000 0.000000 1.000000 0.000000
1.000000 0.000853 0.000000 0.264498 -0.000853 1.000000 0.000000 0.141209 0.000000 0.000000 1.000000 0.000000
1.000000 0.000855 0.000000 0.269530 -0.000855 1.000000 0.000000 0.144203 0.000000 0.000000 1.000000 0.000000
1.000000 0.000881 0.000000 0.274507 -0.000881 1.000000 0.000000 0.146809 0.000000 0.000000 1.000000 0.000000
1.000000 0.000910 0.000000 0.279584 -0.000910 1.000000 0.000000 0.149964 0.000000 0.000000 1.000000 0.000000
1.000000 0.000925 0.000000 0.284546 -0.000925 1.000000 0.000000 0.152715 0.000000 0.000000 1.000000 0.000000
1.000000 0.000948 0.000000 0.289033 -0.000948 1.000000 0.000000 0.155420 0.000000 0.000000 1.000000 0.000000
1.000000 0.000965 0.000000 0.293845 -0.000965 1.000000 0.000000 0.158084 0.000000 0.000000 1.000000 0.000000
1.000000 0.000968 0.000000 0.299446 -0.000968 1.000000 0.000000 0.161049 0.000000 0.000000 1.000000 0.000000
1.000000 0.000988 0.000000 0.303840 -0.000988 1.000000 0.000000 0.163711 0.000000 0.000000 1.000000 0.000000
0.999999 0.001007 0.000000 0.308564 -0.001007 0.999999 0.000000 0.166317 0.000000 0.000000 1.000000 0.000000
0.999999 0.001014 0.000000 0.313398 -0.001014 0.999999 0.000000 0.169010 0.000000 0.000000 1.000000 0.000000
0.999999 0.001044 0.000000 0.318475 -0.001044 0.999999 0.000000 0.171700 0.000000 0.000000 1.000000 0.000000
0.999999 0.001076 0.000000 0.323662 -0.001076 0.999999 0.000000 0.174386 0.000000 0.000000 1.000000 0.000000
0.999999 0.001093 0.000000 0.327829 -0.001093 0.999999 0.000000 0.176896 0.000000 0.000000 1.000000 0.000000
0.999999 0.001109 0.000000 0.331844 -0.001109 0.999999 0.000000 0.179278 0.000000 0.000000 1.000000 0.000000
0.999999 0.001131 0.000000 0.336057 -0.001131 0.999999 0.000000 0.181708 0.000000 0.000000 1.000000 0.000000
0.999999 0.001148 0.000000 0.339922 -0.001148 0.999999 0.000000 0.183816 0.000000 0.000000 1.000000 0.000000
0.999999 0.001145 0.000000 0.344397 -0.001145 0.999999 0.000000 0.186424 0.000000 0.000000 1.000000 0.000000
0.999999 0.001143 0.000000 0.348496 -0.001143 0.999999 0.000000 0.188808 0.000000 0.000000 1.000000 0.000000
0.999999 0.001159 0.000000 0.352285 -0.001159 0.999999 0.000000 0.191099 0.000000 0.000000 1.000000 0.000000
0.999999 0.001159 0.000000 0.356886 -0.001159 0.999999 0.000000 0.193843 0.000000 0.000000 1.000000 0.000000
0.999999 0.001167 0.000000 0.360544 -0.001167 0.999999 0.000000 0.195984 0.000000 0.000000 1.000000 0.000000
0.999999 0.001197 0.000000 0.364782 -0.001197 0.999999 0.000000 0.198642 0.000000 0.000000 1.000000 0.000000
0.999999 0.001221 0.000000 0.368643 -0.001221 0.999999 0.000000 0.200685 0.000000 0.000000 1.000000 0.000000
0.999999 0.001209 0.000000 0.373321 -0.001209 0.999999 0.000000 0.203406 0.000000 0.000000 1.000000 0.000000
0.999999 0.001256 0.000000 0.375802 -0.001256 0.999999 0.000000 0.204589 0.000000 0.000000 1.000000 0.000000
0.999999 0.001250 0.000000 0.386727 -0.001250 0.999999 0.000000 0.208096 0.000000 0.000000 1.000000 0.000000
0.999999 0.001272 0.000000 0.392193 -0.001272 0.999999 0.000000 0.211075 0.000000 0.000000 1.000000 0.000000
0.999999 0.001327 0.000000 0.396364 -0.001327 0.999999 0.000000 0.213472 0.000000 0.000000 1.000000 0.000000
0.999999 0.001356 0.000000 0.400685 -0.001356 0.999999 0.000000 0.216045 0.000000 0.000000 1.000000 0.000000
0.999999 0.001381 0.000000 0.405057 -0.001381 0.999999 0.000000 0.218397 0.000000 0.000000 1.000000 0.000000
0.999999 0.001407 0.000000 0.409774 -0.001407 0.999999 0.000000 0.221152 0.000000 0.000000 1.000000 0.000000
0.999999 0.001445 0.000000 0.414831 -0.001445 0.999999 0.000000 0.224009 0.000000 0.000000 1.000000 0.000000
0.999999 0.001455 0.000000 0.419739 -0.001455 0.999999 0.000000 0.227136 0.000000 0.000000 1.000000 0.000000
0.999999 0.001479 0.000000 0.424219 -0.001479 0.999999 0.000000 0.229326 0.000000 0.000000 1.000000 0.000000
0.999999 0.001506 0.000000 0.428926 -0.001506 0.999999 0.000000 0.231768 0.000000 0.000000 1.000000 0.000000
0.999999 0.001520 0.000000 0.433940 -0.001520 0.999999 0.000000 0.234587 0.000000 0.000000 1.000000 0.000000
0.999999 0.001537 0.000000 0.438447 -0.001537 0.999999 0.000000 0.237114 0.000000 0.000000 1.000000 0.000000
0.999999 0.001644 0.000000 0.442551 -0.001644 0.999999 0.000000 0.238783 0.000000 0.000000 1.000000 0.000000
0.999999 0.001638 0.000000 0.447719 -0.001638 0.999999 0.000000 0.242078 0.000000 0.000000 1.000000 0.000000
0.999999 0.001673 0.000000 0.451552 -0.001673 0.999999 0.000000 0.244063 0.000000 0.000000 1.000000 0.000000
0.999998 0.001736 0.000000 0.456687 -0.001736 0.999998 0.000000 0.246826 0.000000 0.000000 1.000000 0.000000
0.999998 0.001773 0.000000 0.461250 -0.001773 0.999998 0.000000 0.249375 0.000000 0.000000 1.000000 0.000000
0.999998 0.001796 0.000000 0.466633 -0.001796 0.999998 0.000000 0.252441 0.000000 0.000000 1.000000 0.000000
0.999998 0.001818 0.000000 0.470476 -0.001818 0.999998 0.000000 0.254543 0.000000 0.000000 1.000000 0.000000
0.999998 0.001846 0.000000 0.475665 -0.001846 0.999998 0.000000 0.257278 0.000000 0.000000 1.000000 0.000000
0.999998 0.001902 0.000000 0.480320 -0.001902 0.999998 0.000000 0.259701 0.000000 0.000000 1.000000 0.000000
0.999998 0.001909 0.000000 0.484995 -0.001909 0.999998 0.000000 0.262517 0.000000 0.000000 1.000000 0.000000
0.999998 0.001935 0.000000 0.489234 -0.001935 0.999998 0.000000 0.265008 0.000000 0.000000 1.000000 0.000000
0.999998 0.001987 0.000000 0.494051 -0.001987 0.999998 0.000000 0.267858 0.000000 0.000000 1.000000 0.000000
0.999998 0.002026 0.000000 0.499083 -0.002026 0.999998 0.000000 0.270830 0.000000 0.000000 1.000000 0.000000
0.999998 0.002061 0.000000 0.503421 -0.002061 0.999998 0.000000 0.273437 0.000000 0.000000 1.000000 0.000000
0.999998 0.002070 0.000000 0.508395 -0.002070 0.999998 0.000000 0.276020 0.000000 0.000000 1.000000 0.000000
0.999998 0.002098 0.000000 0.512989 -0.002098 0.999998 0.000000 0.278352 0.000000 0.000000 1.000000 0.000000
0.999998 0.002106 0.000000 0.518048 -0.002106 0.999998 0.000000 0.281377 0.000000 0.000000 1.000000 0.000000
0.999998 0.002146 0.000000 0.523531 -0.002146 0.999998 0.000000 0.284556 0.000000 0.000000 1.000000 0.000000
0.999998 0.002161 0.000000 0.527959 -0.002161 0.999998 0.000000 0.286630 0.000000 0.000000 1.000000 0.000000
0.999998 0.002183 0.000000 0.533019 -0.002183 0.999998 0.000000 0.289258 0.000000 0.000000 1.000000 0.000000
0.999997 0.002302 0.000000 0.539353 -0.002302 0.999997 0.000000 0.292781 0.000000 0.000000 1.000000 0.000000
0.999997 0.002312 0.000000 0.544980 -0.002312 0.999997 0.000000 0.295785 0.000000 0.000000 1.000000 0.000000
0.999997 0.002402 0.000000 0.549903 -0.002402 0.999997 0.000000 0.299269 0.000000 0.000000 1.000000 0.000000
0.999997 0.002431 0.000000 0.554986 -0.002431 0.999997 0.000000 0.301708 0.000000 0.000000 1.000000 0.000000
0.999997 0.002495 0.000000 0.559609 -0.002495 0.999997 0.000000 0.303639 0.000000 0.000000 1.000000 0.000000
0.999997 0.002522 0.000000 0.565136 -0.002522 0.999997 0.000000 0.306726 0.000000 0.000000 1.000000 0.000000
0.999997 0.002569 0.000000 0.570696 -0.002569 0.999997 0.000000 0.309413 0.000000 0.000000 1.000000 0.000000
0.999997 0.002642 0.000000 0.575637 -0.002642 0.999997 0.000000 0.311627 0.000000 0.000000 1.000000 0.000000
0.999996 0.002677 0.000000 0.580368 -0.002677 0.999996 0.000000 0.313838 0.000000 0.000000 1.000000 0.000000
0.999997 0.002644 0.000000 0.585068 -0.002644 0.999997 0.000000 0.316389 0.000000 0.000000 1.000000 0.000000
0.999996 0.002665 0.000000 0.589632 -0.002665 0.999996 0.000000 0.318289 0.000000 0.000000 1.000000 0.000000
0.999996 0.002710 0.000000 0.594202 -0.002710 0.999996 0.000000 0.320123 0.000000 0.000000 1.000000 0.000000
0.999996 0.002723 0.000000 0.598896 -0.002723 0.999996 0.000000 0.322035 0.000000 0.000000 1.000000 0.000000
0.999996 0.002730 0.000000 0.602963 -0.002730 0.999996 0.000000 0.323966 0.000000 0.000000 1.000000 0.000000
0.999996 0.002786 0.000000 0.608055 -0.002786 0.999996 0.000000 0.327107 0.000000 0.000000 1.000000 0.000000
0.999996 0.002791 0.000000 0.612978 -0.002791 0.999996 0.000000 0.328613 0.000000 0.000000 1.000000 0.000000
0.999996 0.002815 0.000000 0.617148 -0.002815 0.999996 0.000000 0.330714 0.000000 0.000000 1.000000 0.000000
0.999996 0.002824 0.000000 0.621647 -0.002824 0.999996 0.000000 0.333179 0.000000 0.000000 1.000000 0.000000
0.999996 0.002871 0.000000 0.626022 -0.002871 0.999996 0.000000 0.334841 0.000000 0.000000 1.000000 0.000000
0.999996 0.002854 0.000000 0.627578 -0.002854 0.999996 0.000000 0.336561 0.000000 0.000000 1.000000 0.000000
0.999996 0.002881 0.000000 0.630629 -0.002881 0.999996 0.000000 0.337067 0.000000 0.000000 1.000000 0.000000
0.999996 0.002911 0.000000 0.634697 -0.002911 0.999996 0.000000 0.338815 0.000000 0.000000 1.000000 0.000000
0.999996 0.002953 0.000000 0.634151 -0.002953 0.999996 0.000000 0.339870 0.000000 0.000000 1.000000 0.000000
0.999995 0.003016 0.000000 0.638844 -0.003016 0.999995 0.000000 0.340956 0.000000 0.000000 1.000000 0.000000
0.999995 0.003001 0.000000 0.644187 -0.003001 0.999995 0.000000 0.342871 0.000000 0.000000 1.000000 0.000000
0.999995 0.003005 0.000000 0.648434 -0.003005 0.999995 0.000000 0.345053 0.000000 0.000000 1.000000 0.000000
0.999995 0.003010 0.000000 0.652615 -0.003010 0.999995 0.000000 0.347472 0.000000 0.000000 1.000000 0.000000
0.999996 0.002988 0.000000 0.655653 -0.002988 0.999996 0.000000 0.347780 0.000000 0.000000 1.000000 0.000000
0.999996 0.002975 0.000000 0.658084 -0.002975 0.999996 0.000000 0.347815 0.000000 0.000000 1.000000 0.000000
0.999996 0.002999 0.000000 0.657030 -0.002999 0.999996 0.000000 0.349531 0.000000 0.000000 1.000000 0.000000
0.999995 0.003235 0.000000 0.659790 -0.003235 0.999995 0.000000 0.352510 0.000000 0.000000 1.000000 0.000000
0.999995 0.003167 0.000000 0.657209 -0.003167 0.999995 0.000000 0.349880 0.000000 0.000000 1.000000 0.000000
0.999995 0.003168 0.000000 0.656877 -0.003168 0.999995 0.000000 0.350152 0.000000 0.000000 1.000000 0.000000
0.999997 0.002565 0.000000 0.630096 -0.002565 0.999997 0.000000 0.329545 0.000000 0.000000 1.000000 0.000000
0.999997 0.002531 0.000000 0.620181 -0.002531 0.999997 0.000000 0.328158 0.000000 0.000000 1.000000 0.000000
0.999997 0.002427 0.000000 0.602120 -0.002427 0.999997 0.000000 0.320043 0.000000 0.000000 1.000000 0.000000
0.999998 0.002038 0.000000 0.594856 -0.002038 0.999998 0.000000 0.327199 0.000000 0.000000 1.000000 0.000000
0.999998 0.002118 0.000000 0.599197 -0.002118 0.999998 0.000000 0.326096 0.000000 0.000000 1.000000 0.000000
0.999998 0.002180 0.000000 0.601941 -0.002180 0.999998 0.000000 0.325645 0.000000 0.000000 1.000000 0.000000
0.999998 0.002213 0.000000 0.604060 -0.002213 0.999998 0.000000 0.326665 0.000000 0.000000 1.000000 0.000000
0.999998 0.002223 0.000000 0.607359 -0.002223 0.999998 0.000000 0.327459 0.000000 0.000000 1.000000 0.000000
0.999997 0.002280 0.000000 0.610751 -0.002280 0.999997 0.000000 0.329834 0.000000 0.000000 1.000000 0.000000
0.999997 0.002330 0.000000 0.614481 -0.002330 0.999997 0.000000 0.331848 0.000000 0.000000 1.000000 0.000000
0.999997 0.002354 0.000000 0.618271 -0.002354 0.999997 0.000000 0.333692 0.000000 0.000000 1.000000 0.000000
0.999997 0.002400 0.000000 0.622020 -0.002400 0.999997 0.000000 0.335330 0.000000 0.000000 1.000000 0.000000
0.999997 0.002455 0.000000 0.625875 -0.002455 0.999997 0.000000 0.337406 0.000000 0.000000 1.000000 0.000000
0.999997 0.002480 0.000000 0.629707 -0.002480 0.999997 0.000000 0.339377 0.000000 0.000000 1.000000 0.000000
0.999997 0.002503 0.000000 0.632886 -0.002503 0.999997 0.000000 0.340816 0.000000 0.000000 1.000000 0.000000
0.999997 0.002549 0.000000 0.637145 -0.002549 0.999997 0.000000 0.343562 0.000000 0.000000 1.000000 0.000000
0.999997 0.002551 0.000000 0.641699 -0.002551 0.999997 0.000000 0.346167 0.000000 0.000000 1.000000 0.000000
0.999997 0.002549 0.000000 0.650850 -0.002549 0.999997 0.000000 0.350101 0.000000 0.000000 1.000000 0.000000
0.999997 0.002567 0.000000 0.654782 -0.002567 0.999997 0.000000 0.352193 0.000000 0.000000 1.000000 0.000000
0.999997 0.002603 0.000000 0.659470 -0.002603 0.999997 0.000000 0.354933 0.000000 0.000000 1.000000 0.000000
0.999996 0.002666 0.000000 0.663265 -0.002666 0.999996 0.000000 0.357069 0.000000 0.000000 1.000000 0.000000
0.999996 0.002705 0.000000 0.667830 -0.002705 0.999996 0.000000 0.359625 0.000000 0.000000 1.000000 0.000000
0.999996 0.002749 0.000000 0.671731 -0.002749 0.999996 0.000000 0.361847 0.000000 0.000000 1.000000 0.000000
0.999996 0.002791 0.000000 0.676901 -0.002791 0.999996 0.000000 0.364545 0.000000 0.000000 1.000000 0.000000
0.999996 0.002893 0.000000 0.681444 -0.002893 0.999996 0.000000 0.366126 0.000000 0.000000 1.000000 0.000000
0.999996 0.002953 0.000000 0.685449 -0.002953 0.999996 0.000000 0.368357 0.000000 0.000000 1.000000 0.000000
0.999996 0.002995 0.000000 0.689898 -0.002995 0.999996 0.000000 0.370641 0.000000 0.000000 1.000000 0.000000
0.999995 0.003041 0.000000 0.694225 -0.003041 0.999995 0.000000 0.373037 0.000000 0.000000 1.000000 0.000000
0.999995 0.003068 0.000000 0.699288 -0.003068 0.999995 0.000000 0.375431 0.000000 0.000000 1.000000 0.000000
0.999995 0.003098 0.000000 0.703904 -0.003098 0.999995 0.000000 0.378085 0.000000 0.000000 1.000000 0.000000
0.999995 0.003113 0.000000 0.707595 -0.003113 0.999995 0.000000 0.379842 0.000000 0.000000 1.000000 0.000000
0.999995 0.003116 0.000000 0.711964 -0.003116 0.999995 0.000000 0.382221 0.000000 0.000000 1.000000 0.000000
0.999995 0.003104 0.000000 0.714154 -0.003104 0.999995 0.000000 0.384204 0.000000 0.000000 1.000000 0.000000
0.999995 0.003109 0.000000 0.719666 -0.003109 0.999995 0.000000 0.386882 0.000000 0.000000 1.000000 0.000000
0.999995 0.003085 0.000000 0.723314 -0.003085 0.999995 0.000000 0.388179 0.000000 0.000000 1.000000 0.000000
0.999995 0.003085 0.000000 0.726126 -0.003085 0.999995 0.000000 0.389721 0.000000 0.000000 1.000000 0.000000
0.999995 0.003061 0.000000 0.730241 -0.003061 0.999995 0.000000 0.391880 0.000000 0.000000 1.000000 0.000000
0.999995 0.003038 0.000000 0.733988 -0.003038 0.999995 0.000000 0.393948 0.000000 0.000000 1.000000 0.000000
0.999995 0.003043 0.000000 0.738092 -0.003043 0.999995 0.000000 0.396200 0.000000 0.000000 1.000000 0.000000
0.999995 0.003035 0.000000 0.743557 -0.003035 0.999995 0.000000 0.399066 0.000000 0.000000 1.000000 0.000000
0.999995 0.003042 0.000000 0.748917 -0.003042 0.999995 0.000000 0.401719 0.000000 0.000000 1.000000 0.000000
0.999995 0.003058 0.000000 0.752504 -0.003058 0.999995 0.000000 0.403518 0.000000 0.000000 1.000000 0.000000
0.999995 0.003062 0.000000 0.755412 -0.003062 0.999995 0.000000 0.405794 0.000000 0.000000 1.000000 0.000000
0.999995 0.003058 0.000000 0.759146 -0.003058 0.999995 0.000000 0.408486 0.000000 0.000000 1.000000 0.000000
0.999995 0.003128 0.000000 0.755603 -0.003128 0.999995 0.000000 0.411761 0.000000 0.000000 1.000000 0.000000
0.999995 0.003200 0.000000 0.751324 -0.003200 0.999995 0.000000 0.413878 0.000000 0.000000 1.000000 0.000000
0.999995 0.003285 0.000000 0.745427 -0.003285 0.999995 0.000000 0.416137 0.000000 0.000000 1.000000 0.000000
0.999994 0.003379 0.000000 0.745279 -0.003379 0.999994 0.000000 0.420525 0.000000 0.000000 1.000000 0.000000
0.999994 0.003467 0.000000 0.741037 -0.003467 0.999994 0.000000 0.423441 0.000000 0.000000 1.000000 0.000000
0.999994 0.003548 0.000000 0.742414 -0.003548 0.999994 0.000000 0.427546 0.000000 0.000000 1.000000 0.000000
0.999993 0.003624 0.000000 0.745426 -0.003624 0.999993 0.000000 0.432445 0.000000 0.000000 1.000000 0.000000
0.999993 0.003735 0.000000 0.749965 -0.003735 0.999993 0.000000 0.439406 0.000000 0.000000 1.000000 0.000000
0.999993 0.003753 0.000000 0.755040 -0.003753 0.999993 0.000000 0.442835 0.000000 0.000000 1.000000 0.000000
0.999993 0.003832 0.000000 0.761095 -0.003832 0.999993 0.000000 0.449421 0.000000 0.000000 1.000000 0.000000
0.999991 0.004124 0.000000 0.767317 -0.004124 0.999991 0.000000 0.465770 0.000000 0.000000 1.000000 0.000000
0.999991 0.004239 0.000000 0.772863 -0.004239 0.999991 0.000000 0.472930 0.000000 0.000000 1.000000 0.000000
0.999991 0.004283 0.000000 0.781847 -0.004283 0.999991 0.000000 0.479049 0.000000 0.000000 1.000000 0.000000
0.999992 0.004119 0.000000 0.787105 -0.004119 0.999992 0.000000 0.472486 0.000000 0.000000 1.000000 0.000000
0.999991 0.004166 0.000000 0.791659 -0.004166 0.999991 0.000000 0.476025 0.000000 0.000000 1.000000 0.000000
0.999991 0.004272 0.000000 0.800971 -0.004272 0.999991 0.000000 0.484076 0.000000 0.000000 1.000000 0.000000
0.999990 0.004456 0.000000 0.807700 -0.004456 0.999990 0.000000 0.497745 0.000000 0.000000 1.000000 0.000000
0.999990 0.004579 0.000000 0.814679 -0.004579 0.999990 0.000000 0.510438 0.000000 0.000000 1.000000 0.000000
0.999989 0.004604 0.000000 0.821422 -0.004604 0.999989 0.000000 0.516642 0.000000 0.000000 1.000000 0.000000
0.999989 0.004716 0.000000 0.829224 -0.004716 0.999989 0.000000 0.523810 0.000000 0.000000 1.000000 0.000000
0.999990 0.004531 0.000000 0.834541 -0.004531 0.999990 0.000000 0.527032 0.000000 0.000000 1.000000 0.000000
0.999989 0.004674 0.000000 0.841624 -0.004674 0.999989 0.000000 0.537999 0.000000 0.000000 1.000000 0.000000
0.999991 0.004309 0.000000 0.849354 -0.004309 0.999991 0.000000 0.535977 0.000000 0.000000 1.000000 0.000000
0.999992 0.004104 0.000000 0.851750 -0.004104 0.999992 0.000000 0.538215 0.000000 0.000000 1.000000 0.000000
0.999992 0.004069 0.000000 0.851509 -0.004069 0.999992 0.000000 0.547139 0.000000 0.000000 1.000000 0.000000
0.999992 0.003910 0.000000 0.857559 -0.003910 0.999992 0.000000 0.547041 0.000000 0.000000 1.000000 0.000000
0.999993 0.003781 0.000000 0.864120 -0.003781 0.999993 0.000000 0.548049 0.000000 0.000000 1.000000 0.000000
0.999993 0.003651 0.000000 0.863487 -0.003651 0.999993 0.000000 0.553392 0.000000 0.000000 1.000000 0.000000
0.999994 0.003528 0.000000 0.865938 -0.003528 0.999994 0.000000 0.555707 0.000000 0.000000 1.000000 0.000000
0.999995 0.003272 0.000000 0.868384 -0.003272 0.999995 0.000000 0.556219 0.000000 0.000000 1.000000 0.000000
0.999995 0.003137 0.000000 0.867630 -0.003137 0.999995 0.000000 0.562330 0.000000 0.000000 1.000000 0.000000
0.999995 0.003105 0.000000 0.867233 -0.003105 0.999995 0.000000 0.570558 0.000000 0.000000 1.000000 0.000000
0.999997 0.002446 0.000000 0.866715 -0.002446 0.999997 0.000000 0.566827 0.000000 0.000000 1.000000 0.000000
0.999998 0.002092 0.000000 0.866133 -0.002092 0.999998 0.000000 0.565706 0.000000 0.000000 1.000000 0.000000
0.999999 0.001618 0.000000 0.862824 -0.001618 0.999999 0.000000 0.561484 0.000000 0.000000 1.000000 0.000000
1.000000 0.000675 0.000000 0.857543 -0.000675 1.000000 0.000000 0.550812 0.000000 0.000000 1.000000 0.000000
1.000000 0.000622 0.000000 0.842068 -0.000622 1.000000 0.000000 0.553467 0.000000 0.000000 1.000000 0.000000
1.000000 0.000435 0.000000 0.823479 -0.000435 1.000000 0.000000 0.551078 0.000000 0.000000 1.000000 0.000000
1.000000 0.000331 0.000000 0.819848 -0.000331 1.000000 0.000000 0.550954 0.000000 0.000000 1.000000 0.000000
1.000000 0.000345 0.000000 0.815576 -0.000345 1.000000 0.000000 0.553369 0.000000 0.000000 1.000000 0.000000
1.000000 0.000309 0.000000 0.816264 -0.000309 1.000000 0.000000 0.555186 0.000000 0.000000 1.000000 0.000000
1.000000 0.000267 0.000000 0.814746 -0.000267 1.000000 0.000000 0.556701 0.000000 0.000000 1.000000 0.000000
1.000000 0.000234 0.000000 0.814601 -0.000234 1.000000 0.000000 0.557387 0.000000 0.000000 1.000000 0.000000
1.000000 0.000036 0.000000 0.807755 -0.000036 1.000000 0.000000 0.554858 0.000000 0.000000 1.000000 0.000000
1.000000 0.000036 0.000000 0.810708 -0.000036 1.000000 0.000000 0.556535 0.000000 0.000000 1.000000 0.000000
1.000000 -0.000303 0.000000 0.808593 0.000303 1.000000 0.000000 0.550962 0.000000 0.000000 1.000000 0.000000
1.000000 -0.000382 0.000000 0.808678 0.000382 1.000000 0.000000 0.550154 0.000000 0.000000 1.000000 0.000000
0.999998 -0.002137 0.000000 0.726087 0.002137 0.999998 0.000000 0.478428 0.000000 0.000000 1.000000 0.000000
0.999997 -0.002411 0.000000 0.656588 0.002411 0.999997 0.000000 0.445363 0.000000 0.000000 1.000000 0.000000
0.999997 -0.002499 0.000000 0.607275 0.002499 0.999997 0.000000 0.443752 0.000000 0.000000 1.000000 0.000000
1.000000 -0.000037 0.000000 0.618050 0.000037 1.000000 0.000000 0.421642 0.000000 0.000000 1.000000 0.000000
1.000000 -0.000403 0.000000 0.605644 0.000403 1.000000 0.000000 0.435135 0.000000 0.000000 1.000000 0.000000
1.000000 -0.000361 0.000000 0.608692 0.000361 1.000000 0.000000 0.437085 0.000000 0.000000 1.000000 0.000000
1.000000 -0.000307 0.000000 0.611923 0.000307 1.000000 0.000000 0.439920 0.000000 0.000000 1.000000 0.000000
1.000000 -0.000282 0.000000 0.614873 0.000282 1.000000 0.000000 0.441604 0.000000 0.000000 1.000000 0.000000
1.000000 -0.000200 0.000000 0.618601 0.000200 1.000000 0.000000 0.444241 0.000000 0.000000 1.000000 0.000000
1.000000 -0.000142 0.000000 0.620906 0.000142 1.000000 0.000000 0.446168 0.000000 0.000000 1.000000 0.000000
1.000000 -0.000109 0.000000 0.624938 0.000109 1.000000 0.000000 0.448862 0.000000 0.000000 1.000000 0.000000
1.000000 -0.000055 0.000000 0.629182 0.000055 1.000000 0.000000 0.450908 0.000000 0.000000 1.000000 0.000000
1.000000 -0.000007 0.000000 0.631300 0.000007 1.000000 0.000000 0.451876 0.000000 0.000000 1.000000 0.000000
1.000000 0.000046 0.000000 0.629932 -0.000046 1.000000 0.000000 0.453114 0.000000 0.000000 1.000000 0.000000
1.000000 0.000128 0.000000 0.632947 -0.000128 1.000000 0.000000 0.454836 0.000000 0.000000 1.000000 0.000000
1.000000 0.000159 0.000000 0.635687 -0.000159 1.000000 0.000000 0.456748 0.000000 0.000000 1.000000 0.000000
1.000000 0.000218 0.000000 0.639735 -0.000218 1.000000 0.000000 0.458911 0.000000 0.000000 1.000000 0.000000
1.000000 0.000237 0.000000 0.640568 -0.000237 1.000000 0.000000 0.459843 0.000000 0.000000 1.000000 0.000000
1.000000 0.000269 0.000000 0.641693 -0.000269 1.000000 0.000000 0.460733 0.000000 0.000000 1.000000 0.000000
1.000000 0.000212 0.000000 0.649182 -0.000212 1.000000 0.000000 0.462793 0.000000 0.000000 1.000000 0.000000
1.000000 0.000170 0.000000 0.660775 -0.000170 1.000000 0.000000 0.466095 0.000000 0.000000 1.000000 0.000000
1.000000 0.000228 0.000000 0.663456 -0.000228 1.000000 0.000000 0.466962 0.000000 0.000000 1.000000 0.000000
1.000000 0.000226 0.000000 0.668462 -0.000226 1.000000 0.000000 0.468799 0.000000 0.000000 1.000000 0.000000
1.000000 0.000151 0.000000 0.672330 -0.000151 1.000000 0.000000 0.468476 0.000000 0.000000 1.000000 0.000000
1.000000 0.000112 0.000000 0.678259 -0.000112 1.000000 0.000000 0.468598 0.000000 0.000000 1.000000 0.000000
1.000000 0.000078 0.000000 0.683667 -0.000078 1.000000 0.000000 0.467196 0.000000 0.000000 1.000000 0.000000
1.000000 -0.000025 0.000000 0.692127 0.000025 1.000000 0.000000 0.466096 0.000000 0.000000 1.000000 0.000000
1.000000 -0.000143 0.000000 0.701201 0.000143 1.000000 0.000000 0.466594 0.000000 0.000000 1.000000 0.000000
1.000000 -0.000417 0.000000 0.721040 0.000417 1.000000 0.000000 0.467798 0.000000 0.000000 1.000000 0.000000
0.999999 -0.001168 0.000000 0.754285 0.001168 0.999999 0.000000 0.467965 0.000000 0.000000 1.000000 0.000000
0.999990 -0.004472 0.000000 0.857356 0.004472 0.999990 0.000000 0.487778 0.000000 0.000000 1.000000 0.000000
0.999926 -0.012158 0.000000 1.078533 0.012158 0.999926 0.000000 0.520147 0.000000 0.000000 1.000000 0.000000
0.999665 -0.025883 0.000000 1.354761 0.025883 0.999665 0.000000 0.575356 0.000000 0.000000 1.000000 0.000000
0.998874 -0.047441 0.000000 1.674443 0.047441 0.998874 0.000000 0.637320 0.000000 0.000000 1.000000 0.000000
0.997355 -0.072689 0.000000 2.041032 0.072689 0.997355 0.000000 0.702940 0.000000 0.000000 1.000000 0.000000
0.994862 -0.101241 0.000000 2.440844 0.101241 0.994862 0.000000 0.776039 0.000000 0.000000 1.000000 0.000000
0.991016 -0.133741 0.000000 2.859500 0.133741 0.991016 0.000000 0.875368 0.000000 0.000000 1.000000 0.000000
0.986061 -0.166386 0.000000 3.311211 0.166386 0.986061 0.000000 0.975560 0.000000 0.000000 1.000000 0.000000
0.980124 -0.198386 0.000000 3.802154 0.198386 0.980124 0.000000 1.126527 0.000000 0.000000 1.000000 0.000000
0.974738 -0.223349 0.000000 4.328678 0.223349 0.974738 0.000000 1.302108 0.000000 0.000000 1.000000 0.000000
0.970436 -0.241358 0.000000 4.874543 0.241358 0.970436 0.000000 1.462533 0.000000 0.000000 1.000000 0.000000
0.970012 -0.243057 0.000000 5.510788 0.243057 0.970012 0.000000 1.641319 0.000000 0.000000 1.000000 0.000000
0.971700 -0.236219 0.000000 6.190490 0.236219 0.971700 0.000000 1.873075 0.000000 0.000000 1.000000 0.000000
0.975465 -0.220153 0.000000 6.925640 0.220153 0.975465 0.000000 2.125743 0.000000 0.000000 1.000000 0.000000
0.979937 -0.199308 0.000000 7.778554 0.199308 0.979937 0.000000 2.337405 0.000000 0.000000 1.000000 0.000000
0.984105 -0.177585 0.000000 8.739075 0.177585 0.984105 0.000000 2.554866 0.000000 0.000000 1.000000 0.000000
0.987552 -0.157291 0.000000 9.776781 0.157291 0.987552 0.000000 2.791634 0.000000 0.000000 1.000000 0.000000
0.989770 -0.142674 0.000000 10.840992 0.142674 0.989770 0.000000 2.989831 0.000000 0.000000 1.000000 0.000000
0.992086 -0.125563 0.000000 11.989497 0.125563 0.992086 0.000000 3.180274 0.000000 0.000000 1.000000 0.000000
0.993923 -0.110080 0.000000 13.187760 0.110080 0.993923 0.000000 3.349385 0.000000 0.000000 1.000000 0.000000
0.994949 -0.100379 0.000000 14.447746 0.100379 0.994949 0.000000 3.515843 0.000000 0.000000 1.000000 0.000000
0.995582 -0.093900 0.000000 15.752989 0.093900 0.995582 0.000000 3.670545 0.000000 0.000000 1.000000 0.000000
0.996209 -0.086994 0.000000 17.128004 0.086994 0.996209 0.000000 3.822127 0.000000 0.000000 1.000000 0.000000
0.996698 -0.081193 0.000000 18.496991 0.081193 0.996698 0.000000 3.962047 0.000000 0.000000 1.000000 0.000000
0.997293 -0.073535 0.000000 19.925152 0.073535 0.997293 0.000000 4.116724 0.000000 0.000000 1.000000 0.000000
0.997567 -0.069717 0.000000 21.384560 0.069717 0.997567 0.000000 4.214172 0.000000 0.000000 1.000000 0.000000
0.997780 -0.066595 0.000000 22.849306 0.066595 0.997780 0.000000 4.326806 0.000000 0.000000 1.000000 0.000000
0.997940 -0.064152 0.000000 24.332740 0.064152 0.997940 0.000000 4.465673 0.000000 0.000000 1.000000 0.000000
0.998208 -0.059834 0.000000 25.796600 0.059834 0.998208 0.000000 4.585692 0.000000 0.000000 1.000000 0.000000
0.998387 -0.056771 0.000000 27.350258 0.056771 0.998387 0.000000 4.692365 0.000000 0.000000 1.000000 0.000000
0.998389 -0.056733 0.000000 28.923791 0.056733 0.998389 0.000000 4.797206 0.000000 0.000000 1.000000 0.000000
0.998364 -0.057186 0.000000 30.478380 0.057186 0.998364 0.000000 4.910585 0.000000 0.000000 1.000000 0.000000
0.998265 -0.058874 0.000000 32.105856 0.058874 0.998265 0.000000 5.048521 0.000000 0.000000 1.000000 0.000000
0.998130 -0.061120 0.000000 33.741323 0.061120 0.998130 0.000000 5.175050 0.000000 0.000000 1.000000 0.000000
0.998080 -0.061944 0.000000 35.370041 0.061944 0.998080 0.000000 5.308263 0.000000 0.000000 1.000000 0.000000
0.998165 -0.060554 0.000000 37.040037 0.060554 0.998165 0.000000 5.456927 0.000000 0.000000 1.000000 0.000000
0.998231 -0.059457 0.000000 38.736334 0.059457 0.998231 0.000000 5.573608 0.000000 0.000000 1.000000 0.000000
0.998162 -0.060600 0.000000 40.388139 0.060600 0.998162 0.000000 5.707110 0.000000 0.000000 1.000000 0.000000
0.997975 -0.063615 0.000000 42.056547 0.063615 0.997975 0.000000 5.861557 0.000000 0.000000 1.000000 0.000000
0.997698 -0.067814 0.000000 43.774016 0.067814 0.997698 0.000000 6.048456 0.000000 0.000000 1.000000 0.000000
0.997470 -0.071090 0.000000 45.442969 0.071090 0.997470 0.000000 6.219833 0.000000 0.000000 1.000000 0.000000
0.997318 -0.073186 0.000000 47.130812 0.073186 0.997318 0.000000 6.409590 0.000000 0.000000 1.000000 0.000000
0.996983 -0.077622 0.000000 48.855033 0.077622 0.996983 0.000000 6.612715 0.000000 0.000000 1.000000 0.000000
0.996967 -0.077829 0.000000 50.542589 0.077829 0.996967 0.000000 6.785257 0.000000 0.000000 1.000000 0.000000
0.996877 -0.078971 0.000000 52.284819 0.078971 0.996877 0.000000 6.969913 0.000000 0.000000 1.000000 0.000000
0.996907 -0.078595 0.000000 54.047683 0.078595 0.996907 0.000000 7.176210 0.000000 0.000000 1.000000 0.000000
0.996772 -0.080287 0.000000 55.803011 0.080287 0.996772 0.000000 7.370896 0.000000 0.000000 1.000000 0.000000
0.996672 -0.081512 0.000000 57.519506 0.081512 0.996672 0.000000 7.523906 0.000000 0.000000 1.000000 0.000000
0.996515 -0.083411 0.000000 59.310787 0.083411 0.996515 0.000000 7.718808 0.000000 0.000000 1.000000 0.000000
0.996624 -0.082107 0.000000 61.143443 0.082107 0.996624 0.000000 7.879355 0.000000 0.000000 1.000000 0.000000
0.996739 -0.080698 0.000000 62.879091 0.080698 0.996739 0.000000 8.071696 0.000000 0.000000 1.000000 0.000000
0.996938 -0.078200 0.000000 64.729241 0.078200 0.996938 0.000000 8.205912 0.000000 0.000000 1.000000 0.000000
0.997140 -0.075579 0.000000 66.526822 0.075579 0.997140 0.000000 8.370402 0.000000 0.000000 1.000000 0.000000
0.997296 -0.073491 0.000000 68.366651 0.073491 0.997296 0.000000 8.523574 0.000000 0.000000 1.000000 0.000000
0.997410 -0.071924 0.000000 70.166284 0.071924 0.997410 0.000000 8.669243 0.000000 0.000000 1.000000 0.000000
0.997478 -0.070975 0.000000 71.995264 0.070975 0.997478 0.000000 8.827813 0.000000 0.000000 1.000000 0.000000
0.997566 -0.069734 0.000000 73.787915 0.069734 0.997566 0.000000 8.978283 0.000000 0.000000 1.000000 0.000000
0.997550 -0.069956 0.000000 75.591179 0.069956 0.997550 0.000000 9.143746 0.000000 0.000000 1.000000 0.000000
0.997485 -0.070874 0.000000 77.409805 0.070874 0.997485 0.000000 9.314749 0.000000 0.000000 1.000000 0.000000
0.997520 -0.070387 0.000000 79.225621 0.070387 0.997520 0.000000 9.483355 0.000000 0.000000 1.000000 0.000000
0.997162 -0.075289 0.000000 81.068833 0.075289 0.997162 0.000000 9.665132 0.000000 0.000000 1.000000 0.000000
0.996731 -0.080793 0.000000 82.887599 0.080793 0.996731 0.000000 9.829129 0.000000 0.000000 1.000000 0.000000
0.996179 -0.087340 0.000000 84.721457 0.087340 0.996179 0.000000 10.027805 0.000000 0.000000 1.000000 0.000000
0.995947 -0.089941 0.000000 86.487190 0.089941 0.995947 0.000000 10.234514 0.000000 0.000000 1.000000 0.000000
0.994696 -0.102862 0.000000 88.350861 0.102862 0.994696 0.000000 10.519306 0.000000 0.000000 1.000000 0.000000
0.993392 -0.114767 0.000000 90.151492 0.114767 0.993392 0.000000 10.786362 0.000000 0.000000 1.000000 0.000000
0.992713 -0.120501 0.000000 91.881477 0.120501 0.992713 0.000000 11.051339 0.000000 0.000000 1.000000 0.000000
0.992317 -0.123719 0.000000 93.711644 0.123719 0.992317 0.000000 11.324732 0.000000 0.000000 1.000000 0.000000
0.991305 -0.131584 0.000000 95.484671 0.131584 0.991305 0.000000 11.656619 0.000000 0.000000 1.000000 0.000000
0.990007 -0.141021 0.000000 97.211121 0.141021 0.990007 0.000000 11.940687 0.000000 0.000000 1.000000 0.000000
0.988846 -0.148942 0.000000 98.977210 0.148942 0.988846 0.000000 12.285593 0.000000 0.000000 1.000000 0.000000
0.988217 -0.153058 0.000000 100.746965 0.153058 0.988217 0.000000 12.652594 0.000000 0.000000 1.000000 0.000000
0.987452 -0.157922 0.000000 102.545833 0.157922 0.987452 0.000000 12.997877 0.000000 0.000000 1.000000 0.000000
0.986939 -0.161095 0.000000 104.310328 0.161095 0.986939 0.000000 13.388436 0.000000 0.000000 1.000000 0.000000
0.986626 -0.163003 0.000000 106.069536 0.163003 0.986626 0.000000 13.756721 0.000000 0.000000 1.000000 0.000000
0.985316 -0.170738 0.000000 107.881221 0.170738 0.985316 0.000000 14.167973 0.000000 0.000000 1.000000 0.000000
0.985110 -0.171927 0.000000 109.653197 0.171927 0.985110 0.000000 14.570277 0.000000 0.000000 1.000000 0.000000
0.985045 -0.172299 0.000000 111.438384 0.172299 0.985045 0.000000 14.962132 0.000000 0.000000 1.000000 0.000000
0.985103 -0.171963 0.000000 113.121120 0.171963 0.985103 0.000000 15.302621 0.000000 0.000000 1.000000 0.000000
0.985012 -0.172487 0.000000 114.905927 0.172487 0.985012 0.000000 15.681569 0.000000 0.000000 1.000000 0.000000
0.985098 -0.171994 0.000000 116.681967 0.171994 0.985098 0.000000 16.007797 0.000000 0.000000 1.000000 0.000000
0.985269 -0.171012 0.000000 118.459059 0.171012 0.985269 0.000000 16.317073 0.000000 0.000000 1.000000 0.000000
0.985499 -0.169681 0.000000 120.235615 0.169681 0.985499 0.000000 16.654083 0.000000 0.000000 1.000000 0.000000
0.985567 -0.169284 0.000000 122.016366 0.169284 0.985567 0.000000 16.960955 0.000000 0.000000 1.000000 0.000000
0.985388 -0.170323 0.000000 123.839323 0.170323 0.985388 0.000000 17.337999 0.000000 0.000000 1.000000 0.000000
0.985444 -0.169998 0.000000 125.626360 0.169998 0.985444 0.000000 17.702776 0.000000 0.000000 1.000000 0.000000
0.985206 -0.171372 0.000000 127.413523 0.171372 0.985206 0.000000 18.090509 0.000000 0.000000 1.000000 0.000000
0.985137 -0.171768 0.000000 129.239361 0.171768 0.985137 0.000000 18.450007 0.000000 0.000000 1.000000 0.000000
0.984962 -0.172770 0.000000 131.095452 0.172770 0.984962 0.000000 18.795618 0.000000 0.000000 1.000000 0.000000
0.985032 -0.172369 0.000000 132.876447 0.172369 0.985032 0.000000 19.150859 0.000000 0.000000 1.000000 0.000000
0.985177 -0.171539 0.000000 134.746184 0.171539 0.985177 0.000000 19.512100 0.000000 0.000000 1.000000 0.000000
0.985020 -0.172438 0.000000 136.558898 0.172438 0.985020 0.000000 19.835020 0.000000 0.000000 1.000000 0.000000
0.984726 -0.174111 0.000000 138.488274 0.174111 0.984726 0.000000 20.218417 0.000000 0.000000 1.000000 0.000000
0.984376 -0.176080 0.000000 140.341036 0.176080 0.984376 0.000000 20.618375 0.000000 0.000000 1.000000 0.000000
0.984079 -0.177733 0.000000 142.124608 0.177733 0.984079 0.000000 20.979215 0.000000 0.000000 1.000000 0.000000
0.983641 -0.180141 0.000000 143.991780 0.180141 0.983641 0.000000 21.410530 0.000000 0.000000 1.000000 0.000000
0.983093 -0.183107 0.000000 145.835754 0.183107 0.983093 0.000000 21.867675 0.000000 0.000000 1.000000 0.000000
0.982893 -0.184176 0.000000 147.684407 0.184176 0.982893 0.000000 22.292425 0.000000 0.000000 1.000000 0.000000
0.983068 -0.183243 0.000000 149.549581 0.183243 0.983068 0.000000 22.693246 0.000000 0.000000 1.000000 0.000000
0.983160 -0.182747 0.000000 151.404000 0.182747 0.983160 0.000000 23.139783 0.000000 0.000000 1.000000 0.000000
0.982896 -0.184162 0.000000 153.282076 0.184162 0.982896 0.000000 23.578023 0.000000 0.000000 1.000000 0.000000
0.982030 -0.188727 0.000000 155.186285 0.188727 0.982030 0.000000 24.038756 0.000000 0.000000 1.000000 0.000000
0.981919 -0.189300 0.000000 157.038720 0.189300 0.981919 0.000000 24.459998 0.000000 0.000000 1.000000 0.000000
