1.000000 -0.000002 0.000000 -0.000242 0.000002 1.000000 0.000000 0.000101 0.000000 0.000000 1.000000 0.000000
1.000000 0.000002 0.000000 -0.000591 -0.000002 1.000000 0.000000 0.000266 0.000000 0.000000 1.000000 0.000000
1.000000 0.000008 0.000000 -0.000800 -0.000008 1.000000 0.000000 0.000833 0.000000 0.000000 1.000000 0.000000
1.000000 0.000016 0.000000 -0.001122 -0.000016 1.000000 0.000000 0.001285 0.000000 0.000000 1.000000 0.000000
1.000000 0.000020 0.000000 -0.001926 -0.000020 1.000000 0.000000 0.001043 0.000000 0.000000 1.000000 0.000000
1.000000 0.000021 0.000000 -0.002133 -0.000021 1.000000 0.000000 0.001718 0.000000 0.000000 1.000000 0.000000
1.000000 0.000005 0.000000 -0.002610 -0.000005 1.000000 0.000000 0.001707 0.000000 0.000000 1.000000 0.000000
1.000000 -0.000023 0.000000 -0.003078 0.000023 1.000000 0.000000 0.001812 0.000000 0.000000 1.000000 0.000000
1.000000 -0.000025 0.000000 -0.003872 0.000025 1.000000 0.000000 0.002260 0.000000 0.000000 1.000000 0.000000
1.000000 -0.000011 0.000000 -0.004715 0.000011 1.000000 0.000000 0.002113 0.000000 0.000000 1.000000 0.000000
1.000000 -0.000012 0.000000 -0.004810 0.000012 1.000000 0.000000 0.002031 0.000000 0.000000 1.000000 0.000000
1.000000 -0.000048 0.000000 -0.005454 0.000048 1.000000 0.000000 0.001280 0.000000 0.000000 1.000000 0.000000
1.000000 -0.000058 0.000000 -0.005801 0.000058 1.000000 0.000000 0.001050 0.000000 0.000000 1.000000 0.000000
1.000000 -0.000214 0.000000 -0.008437 0.000214 1.000000 0.000000 -0.002983 0.000000 0.000000 1.000000 0.000000
1.000000 -0.000321 0.000000 -0.010074 0.000321 1.000000 0.000000 -0.005325 0.000000 0.000000 1.000000 0.000000
1.000000 -0.000328 0.000000 -0.010919 0.000328 1.000000 0.000000 -0.005607 0.000000 0.000000 1.000000 0.000000
1.000000 -0.000315 0.000000 -0.010757 0.000315 1.000000 0.000000 -0.005087 0.000000 0.000000 1.000000 0.000000
1.000000 -0.000339 0.000000 -0.011273 0.000339 1.000000 0.000000 -0.005911 0.000000 0.000000 1.000000 0.000000
1.000000 -0.000353 0.000000 -0.011898 0.000353 1.000000 0.000000 -0.005057 0.000000 0.000000 1.000000 0.000000
1.000000 -0.000379 0.000000 -0.012028 0.000379 1.000000 0.000000 -0.004134 0.000000 0.000000 1.000000 0.000000
1.000000 -0.000378 0.000000 -0.012071 0.000378 1.000000 0.000000 -0.003747 0.000000 0.000000 1.000000 0.000000
1.000000 -0.000369 0.000000 -0.012237 0.000369 1.000000 0.000000 -0.003615 0.000000 0.000000 1.000000 0.000000
1.000000 -0.000362 0.000000 -0.012293 0.000362 1.000000 0.000000 -0.003398 0.000000 0.000000 1.000000 0.000000
1.000000 -0.000343 0.000000 -0.012896 0.000343 1.000000 0.000000 -0.004156 0.000000 0.000000 1.000000 0.000000
1.000000 -0.000348 0.000000 -0.013132 0.000348 1.000000 0.000000 -0.004031 0.000000 0.000000 1.000000 0.000000
1.000000 -0.000338 0.000000 -0.013236 0.000338 1.000000 0.000000 -0.003700 0.000000 0.000000 1.000000 0.000000
1.000000 -0.000328 0.000000 -0.013562 0.000328 1.000000 0.000000 -0.003910 0.000000 0.000000 1.000000 0.000000
1.000000 -0.000325 0.000000 -0.013701 0.000325 1.000000 0.000000 -0.003606 0.000000 0.000000 1.000000 0.000000
1.000000 -0.000298 0.000000 -0.013708 0.000298 1.000000 0.000000 -0.003841 0.000000 0.000000 1.000000 0.000000
1.000000 -0.000299 0.000000 -0.013752 0.000299 1.000000 0.000000 -0.003568 0.000000 0.000000 1.000000 0.000000
1.000000 -0.000334 0.000000 -0.014809 0.000334 1.000000 0.000000 -0.002775 0.000000 0.000000 1.000000 0.000000
1.000000 -0.000314 0.000000 -0.014853 0.000314 1.000000 0.000000 -0.008046 0.000000 0.000000 1.000000 0.000000
1.000000 -0.000292 0.000000 -0.013681 0.000292 1.000000 0.000000 -0.008497 0.000000 0.000000 1.000000 0.000000
1.000000 -0.000316 0.000000 -0.013626 0.000316 1.000000 0.000000 -0.008339 0.000000 0.000000 1.000000 0.000000
1.000000 -0.000310 0.000000 -0.013838 0.000310 1.000000 0.000000 -0.008139 0.000000 0.000000 1.000000 0.000000
1.000000 -0.000328 0.000000 -0.013929 0.000328 1.000000 0.000000 -0.007049 0.000000 0.000000 1.000000 0.000000
1.000000 -0.000311 0.000000 -0.014337 0.000311 1.000000 0.000000 -0.006900 0.000000 0.000000 1.000000 0.000000
1.000000 -0.000301 0.000000 -0.014660 0.000301 1.000000 0.000000 -0.006138 0.000000 0.000000 1.000000 0.000000
1.000000 -0.000305 0.000000 -0.013829 0.000305 1.000000 0.000000 -0.006108 0.000000 0.000000 1.000000 0.000000
1.000000 -0.000308 0.000000 -0.013288 0.000308 1.000000 0.000000 -0.006353 0.000000 0.000000 1.000000 0.000000
1.000000 -0.000300 0.000000 -0.013800 0.000300 1.000000 0.000000 -0.005921 0.000000 0.000000 1.000000 0.000000
1.000000 -0.000298 0.000000 -0.014037 0.000298 1.000000 0.000000 -0.005674 0.000000 0.000000 1.000000 0.000000
1.000000 -0.000269 0.000000 -0.014238 0.000269 1.000000 0.000000 -0.004754 0.000000 0.000000 1.000000 0.000000
1.000000 -0.000267 0.000000 -0.014635 0.000267 1.000000 0.000000 -0.004534 0.000000 0.000000 1.000000 0.000000
1.000000 -0.000271 0.000000 -0.014891 0.000271 1.000000 0.000000 -0.004214 0.000000 0.000000 1.000000 0.000000
1.000000 -0.000308 0.000000 -0.015302 0.000308 1.000000 0.000000 -0.004585 0.000000 0.000000 1.000000 0.000000
1.000000 -0.000301 0.000000 -0.015434 0.000301 1.000000 0.000000 -0.004342 0.000000 0.000000 1.000000 0.000000
1.000000 -0.000309 0.000000 -0.015648 0.000309 1.000000 0.000000 -0.003944 0.000000 0.000000 1.000000 0.000000
1.000000 -0.000311 0.000000 -0.015747 0.000311 1.000000 0.000000 -0.003817 0.000000 0.000000 1.000000 0.000000
1.000000 -0.000311 0.000000 -0.015973 0.000311 1.000000 0.000000 -0.003655 0.000000 0.000000 1.000000 0.000000
1.000000 -0.000313 0.000000 -0.016211 0.000313 1.000000 0.000000 -0.003602 0.000000 0.000000 1.000000 0.000000
1.000000 -0.000314 0.000000 -0.016360 0.000314 1.000000 0.000000 -0.003398 0.000000 0.000000 1.000000 0.000000
1.000000 -0.000310 0.000000 -0.016512 0.000310 1.000000 0.000000 -0.003150 0.000000 0.000000 1.000000 0.000000
1.000000 -0.000307 0.000000 -0.016635 0.000307 1.000000 0.000000 -0.003018 0.000000 0.000000 1.000000 0.000000
1.000000 -0.000304 0.000000 -0.016733 0.000304 1.000000 0.000000 -0.002669 0.000000 0.000000 1.000000 0.000000
1.000000 -0.000294 0.000000 -0.016844 0.000294 1.000000 0.000000 -0.002237 0.000000 0.000000 1.000000 0.000000
1.000000 -0.000289 0.000000 -0.017050 0.000289 1.000000 0.000000 -0.001976 0.000000 0.000000 1.000000 0.000000
1.000000 -0.000288 0.000000 -0.017145 0.000288 1.000000 0.000000 -0.001776 0.000000 0.000000 1.000000 0.000000
1.000000 -0.000284 0.000000 -0.017209 0.000284 1.000000 0.000000 -0.001508 0.000000 0.000000 1.000000 0.000000
1.000000 -0.000282 0.000000 -0.017320 0.000282 1.000000 0.000000 -0.001293 0.000000 0.000000 1.000000 0.000000
1.000000 -0.000282 0.000000 -0.017485 0.000282 1.000000 0.000000 -0.000918 0.000000 0.000000 1.000000 0.000000
1.000000 -0.000280 0.000000 -0.017710 0.000280 1.000000 0.000000 -0.000536 0.000000 0.000000 1.000000 0.000000
1.000000 -0.000275 0.000000 -0.018025 0.000275 1.000000 0.000000 -0.000404 0.000000 0.000000 1.000000 0.000000
1.000000 -0.000274 0.000000 -0.018244 0.000274 1.000000 0.000000 -0.000095 0.000000 0.000000 1.000000 0.000000
1.000000 -0.000275 0.000000 -0.018444 0.000275 1.000000 0.000000 0.000104 0.000000 0.000000 1.000000 0.000000
1.000000 -0.000273 0.000000 -0.018521 0.000273 1.000000 0.000000 0.000243 0.000000 0.000000 1.000000 0.000000
1.000000 -0.000275 0.000000 -0.018647 0.000275 1.000000 0.000000 0.000411 0.000000 0.000000 1.000000 0.000000
1.000000 -0.000279 0.000000 -0.018753 0.000279 1.000000 0.000000 0.000621 0.000000 0.000000 1.000000 0.000000
1.000000 -0.000277 0.000000 -0.018865 0.000277 1.000000 0.000000 0.000850 0.000000 0.000000 1.000000 0.000000
1.000000 -0.000278 0.000000 -0.019021 0.000278 1.000000 0.000000 0.000925 0.000000 0.000000 1.000000 0.000000
1.000000 -0.000280 0.000000 -0.019085 0.000280 1.000000 0.000000 0.001140 0.000000 0.000000 1.000000 0.000000
1.000000 -0.000271 0.000000 -0.019638 0.000271 1.000000 0.000000 0.001466 0.000000 0.000000 1.000000 0.000000
1.000000 -0.000263 0.000000 -0.019892 0.000263 1.000000 0.000000 0.001771 0.000000 0.000000 1.000000 0.000000
1.000000 -0.000260 0.000000 -0.020353 0.000260 1.000000 0.000000 0.001944 0.000000 0.000000 1.000000 0.000000
1.000000 -0.000250 0.000000 -0.020575 0.000250 1.000000 0.000000 0.002466 0.000000 0.000000 1.000000 0.000000
1.000000 -0.000256 0.000000 -0.020966 0.000256 1.000000 0.000000 0.001836 0.000000 0.000000 1.000000 0.000000
1.000000 -0.000244 0.000000 -0.020774 0.000244 1.000000 0.000000 0.001989 0.000000 0.000000 1.000000 0.000000
1.000000 -0.000244 0.000000 -0.020656 0.000244 1.000000 0.000000 0.002169 0.000000 0.000000 1.000000 0.000000
1.000000 -0.000212 0.000000 -0.020506 0.000212 1.000000 0.000000 0.001648 0.000000 0.000000 1.000000 0.000000
1.000000 -0.000216 0.000000 -0.020679 0.000216 1.000000 0.000000 0.001604 0.000000 0.000000 1.000000 0.000000
1.000000 -0.000212 0.000000 -0.020718 0.000212 1.000000 0.000000 0.001925 0.000000 0.000000 1.000000 0.000000
1.000000 -0.000214 0.000000 -0.020874 0.000214 1.000000 0.000000 0.002203 0.000000 0.000000 1.000000 0.000000
1.000000 -0.000215 0.000000 -0.021000 0.000215 1.000000 0.000000 0.002520 0.000000 0.000000 1.000000 0.000000
1.000000 -0.000216 0.000000 -0.021269 0.000216 1.000000 0.000000 0.002724 0.000000 0.000000 1.000000 0.000000
1.000000 -0.000215 0.000000 -0.021382 0.000215 1.000000 0.000000 0.002779 0.000000 0.000000 1.000000 0.000000
1.000000 -0.000214 0.000000 -0.021577 0.000214 1.000000 0.000000 0.002899 0.000000 0.000000 1.000000 0.000000
1.000000 -0.000222 0.000000 -0.021952 0.000222 1.000000 0.000000 0.003008 0.000000 0.000000 1.000000 0.000000
1.000000 -0.000226 0.000000 -0.022175 0.000226 1.000000 0.000000 0.003204 0.000000 0.000000 1.000000 0.000000
1.000000 -0.000218 0.000000 -0.022536 0.000218 1.000000 0.000000 0.003050 0.000000 0.000000 1.000000 0.000000
1.000000 -0.000254 0.000000 -0.023244 0.000254 1.000000 0.000000 0.003541 0.000000 0.000000 1.000000 0.000000
1.000000 -0.000265 0.000000 -0.023545 0.000265 1.000000 0.000000 0.003715 0.000000 0.000000 1.000000 0.000000
1.000000 -0.000262 0.000000 -0.023788 0.000262 1.000000 0.000000 0.003939 0.000000 0.000000 1.000000 0.000000
1.000000 -0.000266 0.000000 -0.023944 0.000266 1.000000 0.000000 0.004136 0.000000 0.000000 1.000000 0.000000
1.000000 -0.000272 0.000000 -0.024137 0.000272 1.000000 0.000000 0.004425 0.000000 0.000000 1.000000 0.000000
1.000000 -0.000275 0.000000 -0.024304 0.000275 1.000000 0.000000 0.004576 0.000000 0.000000 1.000000 0.000000
1.000000 -0.000275 0.000000 -0.024493 0.000275 1.000000 0.000000 0.004837 0.000000 0.000000 1.000000 0.000000
1.000000 -0.000274 0.000000 -0.024576 0.000274 1.000000 0.000000 0.004920 0.000000 0.000000 1.000000 0.000000
1.000000 -0.000282 0.000000 -0.024811 0.000282 1.000000 0.000000 0.005244 0.000000 0.000000 1.000000 0.000000
1.000000 -0.000282 0.000000 -0.024956 0.000282 1.000000 0.000000 0.005444 0.000000 0.000000 1.000000 0.000000
1.000000 -0.000282 0.000000 -0.025246 0.000282 1.000000 0.000000 0.005643 0.000000 0.000000 1.000000 0.000000
1.000000 -0.000274 0.000000 -0.025415 0.000274 1.000000 0.000000 0.005819 0.000000 0.000000 1.000000 0.000000
1.000000 -0.000282 0.000000 -0.025666 0.000282 1.000000 0.000000 0.006129 0.000000 0.000000 1.000000 0.000000
1.000000 -0.000289 0.000000 -0.025662 0.000289 1.000000 0.000000 0.006258 0.000000 0.000000 1.000000 0.000000
1.000000 -0.000291 0.000000 -0.025891 0.000291 1.000000 0.000000 0.006390 0.000000 0.000000 1.000000 0.000000
1.000000 -0.000290 0.000000 -0.026022 0.000290 1.000000 0.000000 0.006759 0.000000 0.000000 1.000000 0.000000
1.000000 -0.000288 0.000000 -0.026099 0.000288 1.000000 0.000000 0.007145 0.000000 0.000000 1.000000 0.000000
1.000000 -0.000284 0.000000 -0.026494 0.000284 1.000000 0.000000 0.007335 0.000000 0.000000 1.000000 0.000000
1.000000 -0.000283 0.000000 -0.026752 0.000283 1.000000 0.000000 0.007743 0.000000 0.000000 1.000000 0.000000
1.000000 -0.000272 0.000000 -0.026953 0.000272 1.000000 0.000000 0.008239 0.000000 0.000000 1.000000 0.000000
1.000000 -0.000267 0.000000 -0.027210 0.000267 1.000000 0.000000 0.008493 0.000000 0.000000 1.000000 0.000000
1.000000 -0.000246 0.000000 -0.027474 0.000246 1.000000 0.000000 0.008998 0.000000 0.000000 1.000000 0.000000
1.000000 -0.000237 0.000000 -0.027858 0.000237 1.000000 0.000000 0.009345 0.000000 0.000000 1.000000 0.000000
1.000000 -0.000210 0.000000 -0.027887 0.000210 1.000000 0.000000 0.010003 0.000000 0.000000 1.000000 0.000000
1.000000 -0.000204 0.000000 -0.028162 0.000204 1.000000 0.000000 0.010462 0.000000 0.000000 1.000000 0.000000
1.000000 -0.000200 0.000000 -0.028318 0.000200 1.000000 0.000000 0.010776 0.000000 0.000000 1.000000 0.000000
1.000000 -0.000180 0.000000 -0.028372 0.000180 1.000000 0.000000 0.011083 0.000000 0.000000 1.000000 0.000000
1.000000 -0.000171 0.000000 -0.028344 0.000171 1.000000 0.000000 0.011448 0.000000 0.000000 1.000000 0.000000
1.000000 -0.000172 0.000000 -0.028515 0.000172 1.000000 0.000000 0.012171 0.000000 0.000000 1.000000 0.000000
1.000000 -0.000175 0.000000 -0.028805 0.000175 1.000000 0.000000 0.012443 0.000000 0.000000 1.000000 0.000000
1.000000 -0.000167 0.000000 -0.029076 0.000167 1.000000 0.000000 0.013178 0.000000 0.000000 1.000000 0.000000
1.000000 -0.000165 0.000000 -0.029150 0.000165 1.000000 0.000000 0.013478 0.000000 0.000000 1.000000 0.000000
1.000000 -0.000162 0.000000 -0.029235 0.000162 1.000000 0.000000 0.013904 0.000000 0.000000 1.000000 0.000000
1.000000 -0.000164 0.000000 -0.029447 0.000164 1.000000 0.000000 0.014930 0.000000 0.000000 1.000000 0.000000
1.000000 -0.000156 0.000000 -0.029461 0.000156 1.000000 0.000000 0.015013 0.000000 0.000000 1.000000 0.000000
1.000000 -0.000154 0.000000 -0.029572 0.000154 1.000000 0.000000 0.015352 0.000000 0.000000 1.000000 0.000000
1.000000 -0.000148 0.000000 -0.029651 0.000148 1.000000 0.000000 0.015730 0.000000 0.000000 1.000000 0.000000
1.000000 -0.000149 0.000000 -0.029753 0.000149 1.000000 0.000000 0.016056 0.000000 0.000000 1.000000 0.000000
1.000000 -0.000128 0.000000 -0.031536 0.000128 1.000000 0.000000 0.016912 0.000000 0.000000 1.000000 0.000000
1.000000 -0.000127 0.000000 -0.032235 0.000127 1.000000 0.000000 0.017202 0.000000 0.000000 1.000000 0.000000
1.000000 -0.000129 0.000000 -0.032368 0.000129 1.000000 0.000000 0.017312 0.000000 0.000000 1.000000 0.000000
1.000000 -0.000149 0.000000 -0.032969 0.000149 1.000000 0.000000 0.017852 0.000000 0.000000 1.000000 0.000000
1.000000 -0.000144 0.000000 -0.033762 0.000144 1.000000 0.000000 0.017562 0.000000 0.000000 1.000000 0.000000
1.000000 -0.000146 0.000000 -0.033889 0.000146 1.000000 0.000000 0.017757 0.000000 0.000000 1.000000 0.000000
1.000000 -0.000149 0.000000 -0.034117 0.000149 1.000000 0.000000 0.017923 0.000000 0.000000 1.000000 0.000000
1.000000 -0.000148 0.000000 -0.034215 0.000148 1.000000 0.000000 0.018161 0.000000 0.000000 1.000000 0.000000
1.000000 -0.000129 0.000000 -0.034214 0.000129 1.000000 0.000000 0.018059 0.000000 0.000000 1.000000 0.000000
1.000000 -0.000127 0.000000 -0.035331 0.000127 1.000000 0.000000 0.018124 0.000000 0.000000 1.000000 0.000000
1.000000 -0.000096 0.000000 -0.037878 0.000096 1.000000 0.000000 0.018669 0.000000 0.000000 1.000000 0.000000
1.000000 -0.000078 0.000000 -0.038584 0.000078 1.000000 0.000000 0.018561 0.000000 0.000000 1.000000 0.000000
1.000000 -0.000075 0.000000 -0.039861 0.000075 1.000000 0.000000 0.018969 0.000000 0.000000 1.000000 0.000000
1.000000 -0.000091 0.000000 -0.037134 0.000091 1.000000 0.000000 0.020529 0.000000 0.000000 1.000000 0.000000
1.000000 -0.000237 0.000000 -0.079592 0.000237 1.000000 0.000000 -0.000275 0.000000 0.000000 1.000000 0.000000
1.000000 0.000052 0.000000 -0.091289 -0.000052 1.000000 0.000000 -0.000311 0.000000 0.000000 1.000000 0.000000
1.000000 -0.000500 0.000000 -0.115734 0.000500 1.000000 0.000000 0.023190 0.000000 0.000000 1.000000 0.000000
1.000000 -0.000732 0.000000 -0.120920 0.000732 1.000000 0.000000 0.025403 0.000000 0.000000 1.000000 0.000000
1.000000 -0.000996 0.000000 -0.116715 0.000996 1.000000 0.000000 0.019484 0.000000 0.000000 1.000000 0.000000
0.999999 -0.001077 0.000000 -0.118544 0.001077 0.999999 0.000000 0.022087 0.000000 0.000000 1.000000 0.000000
0.999999 -0.001143 0.000000 -0.120624 0.001143 0.999999 0.000000 0.024536 0.000000 0.000000 1.000000 0.000000
0.999999 -0.001135 0.000000 -0.120601 0.001135 0.999999 0.000000 0.024199 0.000000 0.000000 1.000000 0.000000
0.999999 -0.001236 0.000000 -0.121554 0.001236 0.999999 0.000000 0.025711 0.000000 0.000000 1.000000 0.000000
0.999999 -0.001245 0.000000 -0.121913 0.001245 0.999999 0.000000 0.025954 0.000000 0.000000 1.000000 0.000000
0.999999 -0.001257 0.000000 -0.122162 0.001257 0.999999 0.000000 0.026182 0.000000 0.000000 1.000000 0.000000
0.999999 -0.001279 0.000000 -0.122611 0.001279 0.999999 0.000000 0.026555 0.000000 0.000000 1.000000 0.000000
0.999999 -0.001279 0.000000 -0.122766 0.001279 0.999999 0.000000 0.026890 0.000000 0.000000 1.000000 0.000000
0.999999 -0.001285 0.000000 -0.122975 0.001285 0.999999 0.000000 0.027105 0.000000 0.000000 1.000000 0.000000
0.999999 -0.001290 0.000000 -0.123240 0.001290 0.999999 0.000000 0.027332 0.000000 0.000000 1.000000 0.000000
0.999999 -0.001287 0.000000 -0.123598 0.001287 0.999999 0.000000 0.027967 0.000000 0.000000 1.000000 0.000000
0.999999 -0.001304 0.000000 -0.122696 0.001304 0.999999 0.000000 0.028060 0.000000 0.000000 1.000000 0.000000
0.999999 -0.001314 0.000000 -0.121979 0.001314 0.999999 0.000000 0.028174 0.000000 0.000000 1.000000 0.000000
0.999999 -0.001323 0.000000 -0.122120 0.001323 0.999999 0.000000 0.028597 0.000000 0.000000 1.000000 0.000000
0.999999 -0.001322 0.000000 -0.122071 0.001322 0.999999 0.000000 0.028952 0.000000 0.000000 1.000000 0.000000
0.999999 -0.001266 0.000000 -0.122924 0.001266 0.999999 0.000000 0.026900 0.000000 0.000000 1.000000 0.000000
0.999999 -0.001261 0.000000 -0.123265 0.001261 0.999999 0.000000 0.026997 0.000000 0.000000 1.000000 0.000000
0.999999 -0.001267 0.000000 -0.123389 0.001267 0.999999 0.000000 0.027333 0.000000 0.000000 1.000000 0.000000
0.999999 -0.001270 0.000000 -0.123526 0.001270 0.999999 0.000000 0.027581 0.000000 0.000000 1.000000 0.000000
0.999999 -0.001270 0.000000 -0.123755 0.001270 0.999999 0.000000 0.027708 0.000000 0.000000 1.000000 0.000000
0.999999 -0.001275 0.000000 -0.124009 0.001275 0.999999 0.000000 0.027919 0.000000 0.000000 1.000000 0.000000
0.999999 -0.001275 0.000000 -0.124095 0.001275 0.999999 0.000000 0.028130 0.000000 0.000000 1.000000 0.000000
0.999999 -0.001270 0.000000 -0.124330 0.001270 0.999999 0.000000 0.028511 0.000000 0.000000 1.000000 0.000000
0.999999 -0.001268 0.000000 -0.124303 0.001268 0.999999 0.000000 0.028700 0.000000 0.000000 1.000000 0.000000
0.999999 -0.001263 0.000000 -0.125038 0.001263 0.999999 0.000000 0.029083 0.000000 0.000000 1.000000 0.000000
0.999999 -0.001263 0.000000 -0.125170 0.001263 0.999999 0.000000 0.029273 0.000000 0.000000 1.000000 0.000000
0.999999 -0.001260 0.000000 -0.125178 0.001260 0.999999 0.000000 0.029594 0.000000 0.000000 1.000000 0.000000
0.999999 -0.001263 0.000000 -0.125461 0.001263 0.999999 0.000000 0.029842 0.000000 0.000000 1.000000 0.000000
0.999999 -0.001258 0.000000 -0.125894 0.001258 0.999999 0.000000 0.030142 0.000000 0.000000 1.000000 0.000000
0.999999 -0.001252 0.000000 -0.127465 0.001252 0.999999 0.000000 0.030189 0.000000 0.000000 1.000000 0.000000
0.999999 -0.001249 0.000000 -0.127997 0.001249 0.999999 0.000000 0.030480 0.000000 0.000000 1.000000 0.000000
0.999999 -0.001249 0.000000 -0.128656 0.001249 0.999999 0.000000 0.030635 0.000000 0.000000 1.000000 0.000000
0.999999 -0.001252 0.000000 -0.128985 0.001252 0.999999 0.000000 0.030799 0.000000 0.000000 1.000000 0.000000
0.999999 -0.001259 0.000000 -0.129570 0.001259 0.999999 0.000000 0.030900 0.000000 0.000000 1.000000 0.000000
0.999999 -0.001261 0.000000 -0.129894 0.001261 0.999999 0.000000 0.031131 0.000000 0.000000 1.000000 0.000000
0.999999 -0.001265 0.000000 -0.130302 0.001265 0.999999 0.000000 0.031159 0.000000 0.000000 1.000000 0.000000
0.999999 -0.001266 0.000000 -0.130444 0.001266 0.999999 0.000000 0.031365 0.000000 0.000000 1.000000 0.000000
0.999999 -0.001272 0.000000 -0.130596 0.001272 0.999999 0.000000 0.031552 0.000000 0.000000 1.000000 0.000000
0.999999 -0.001272 0.000000 -0.130792 0.001272 0.999999 0.000000 0.031817 0.000000 0.000000 1.000000 0.000000
0.999999 -0.001274 0.000000 -0.131888 0.001274 0.999999 0.000000 0.032149 0.000000 0.000000 1.000000 0.000000
0.999999 -0.001273 0.000000 -0.132076 0.001273 0.999999 0.000000 0.032298 0.000000 0.000000 1.000000 0.000000
0.999999 -0.001271 0.000000 -0.132251 0.001271 0.999999 0.000000 0.032526 0.000000 0.000000 1.000000 0.000000
0.999999 -0.001268 0.000000 -0.132433 0.001268 0.999999 0.000000 0.032712 0.000000 0.000000 1.000000 0.000000
0.999999 -0.001235 0.000000 -0.137879 0.001235 0.999999 0.000000 0.033211 0.000000 0.000000 1.000000 0.000000
0.999999 -0.001183 0.000000 -0.142532 0.001183 0.999999 0.000000 0.034268 0.000000 0.000000 1.000000 0.000000
0.999999 -0.001144 0.000000 -0.146250 0.001144 0.999999 0.000000 0.035584 0.000000 0.000000 1.000000 0.000000
0.999999 -0.001112 0.000000 -0.148097 0.001112 0.999999 0.000000 0.037280 0.000000 0.000000 1.000000 0.000000
0.999999 -0.001100 0.000000 -0.148863 0.001100 0.999999 0.000000 0.037975 0.000000 0.000000 1.000000 0.000000
0.999999 -0.001049 0.000000 -0.151663 0.001049 0.999999 0.000000 0.040947 0.000000 0.000000 1.000000 0.000000
1.000000 -0.000956 0.000000 -0.156305 0.000956 1.000000 0.000000 0.045553 0.000000 0.000000 1.000000 0.000000
1.000000 -0.000927 0.000000 -0.156665 0.000927 1.000000 0.000000 0.047050 0.000000 0.000000 1.000000 0.000000
1.000000 -0.000930 0.000000 -0.154649 0.000930 1.000000 0.000000 0.047621 0.000000 0.000000 1.000000 0.000000
1.000000 -0.000954 0.000000 -0.152785 0.000954 1.000000 0.000000 0.047074 0.000000 0.000000 1.000000 0.000000
1.000000 -0.000936 0.000000 -0.152320 0.000936 1.000000 0.000000 0.047805 0.000000 0.000000 1.000000 0.000000
1.000000 -0.000919 0.000000 -0.150737 0.000919 1.000000 0.000000 0.049194 0.000000 0.000000 1.000000 0.000000
1.000000 -0.000884 0.000000 -0.149926 0.000884 1.000000 0.000000 0.051176 0.000000 0.000000 1.000000 0.000000
1.000000 -0.000866 0.000000 -0.149793 0.000866 1.000000 0.000000 0.052224 0.000000 0.000000 1.000000 0.000000
1.000000 -0.000824 0.000000 -0.148997 0.000824 1.000000 0.000000 0.053667 0.000000 0.000000 1.000000 0.000000
1.000000 -0.000780 0.000000 -0.148646 0.000780 1.000000 0.000000 0.054714 0.000000 0.000000 1.000000 0.000000
1.000000 -0.000735 0.000000 -0.148798 0.000735 1.000000 0.000000 0.055317 0.000000 0.000000 1.000000 0.000000
1.000000 -0.000703 0.000000 -0.148366 0.000703 1.000000 0.000000 0.056238 0.000000 0.000000 1.000000 0.000000
1.000000 -0.000691 0.000000 -0.147901 0.000691 1.000000 0.000000 0.056564 0.000000 0.000000 1.000000 0.000000
1.000000 -0.000676 0.000000 -0.147784 0.000676 1.000000 0.000000 0.056862 0.000000 0.000000 1.000000 0.000000
1.000000 -0.000669 0.000000 -0.147794 0.000669 1.000000 0.000000 0.058018 0.000000 0.000000 1.000000 0.000000
1.000000 -0.000652 0.000000 -0.147016 0.000652 1.000000 0.000000 0.058748 0.000000 0.000000 1.000000 0.000000
1.000000 -0.000593 0.000000 -0.146531 0.000593 1.000000 0.000000 0.060166 0.000000 0.000000 1.000000 0.000000
1.000000 -0.000519 0.000000 -0.147694 0.000519 1.000000 0.000000 0.062481 0.000000 0.000000 1.000000 0.000000
1.000000 -0.000472 0.000000 -0.148304 0.000472 1.000000 0.000000 0.064412 0.000000 0.000000 1.000000 0.000000
1.000000 -0.000460 0.000000 -0.154552 0.000460 1.000000 0.000000 0.064924 0.000000 0.000000 1.000000 0.000000
1.000000 -0.000483 0.000000 -0.159955 0.000483 1.000000 0.000000 0.064759 0.000000 0.000000 1.000000 0.000000
1.000000 -0.000524 0.000000 -0.166757 0.000524 1.000000 0.000000 0.064538 0.000000 0.000000 1.000000 0.000000
1.000000 -0.000583 0.000000 -0.169786 0.000583 1.000000 0.000000 0.063486 0.000000 0.000000 1.000000 0.000000
1.000000 -0.000725 0.000000 -0.177683 0.000725 1.000000 0.000000 0.059383 0.000000 0.000000 1.000000 0.000000
1.000000 -0.000734 0.000000 -0.178131 0.000734 1.000000 0.000000 0.059657 0.000000 0.000000 1.000000 0.000000
1.000000 -0.000720 0.000000 -0.178636 0.000720 1.000000 0.000000 0.060266 0.000000 0.000000 1.000000 0.000000
1.000000 -0.000735 0.000000 -0.178939 0.000735 1.000000 0.000000 0.060561 0.000000 0.000000 1.000000 0.000000
1.000000 -0.000745 0.000000 -0.179845 0.000745 1.000000 0.000000 0.060656 0.000000 0.000000 1.000000 0.000000
1.000000 -0.000801 0.000000 -0.180067 0.000801 1.000000 0.000000 0.060324 0.000000 0.000000 1.000000 0.000000
1.000000 -0.000846 0.000000 -0.180432 0.000846 1.000000 0.000000 0.059865 0.000000 0.000000 1.000000 0.000000
1.000000 -0.000857 0.000000 -0.181245 0.000857 1.000000 0.000000 0.059638 0.000000 0.000000 1.000000 0.000000
1.000000 -0.000869 0.000000 -0.181988 0.000869 1.000000 0.000000 0.059287 0.000000 0.000000 1.000000 0.000000
1.000000 -0.000908 0.000000 -0.183011 0.000908 1.000000 0.000000 0.058419 0.000000 0.000000 1.000000 0.000000
0.999999 -0.001021 0.000000 -0.184769 0.001021 0.999999 0.000000 0.056851 0.000000 0.000000 1.000000 0.000000
0.999999 -0.001493 0.000000 -0.189932 0.001493 0.999999 0.000000 0.047540 0.000000 0.000000 1.000000 0.000000
0.999999 -0.001572 0.000000 -0.191839 0.001572 0.999999 0.000000 0.046522 0.000000 0.000000 1.000000 0.000000
0.999998 -0.002073 0.000000 -0.218180 0.002073 0.999998 0.000000 0.025407 0.000000 0.000000 1.000000 0.000000
0.999998 -0.002103 0.000000 -0.219745 0.002103 0.999998 0.000000 0.024613 0.000000 0.000000 1.000000 0.000000
0.999994 -0.003485 0.000000 -0.333307 0.003485 0.999994 0.000000 -0.043676 0.000000 0.000000 1.000000 0.000000
0.999994 -0.003501 0.000000 -0.336167 0.003501 0.999994 0.000000 -0.046084 0.000000 0.000000 1.000000 0.000000
0.999997 -0.002432 0.000000 -0.362037 0.002432 0.999997 0.000000 -0.039172 0.000000 0.000000 1.000000 0.000000
0.999996 -0.002826 0.000000 -0.370625 0.002826 0.999996 0.000000 -0.020574 0.000000 0.000000 1.000000 0.000000
0.999996 -0.002800 0.000000 -0.370805 0.002800 0.999996 0.000000 -0.020051 0.000000 0.000000 1.000000 0.000000
0.999996 -0.002767 0.000000 -0.371367 0.002767 0.999996 0.000000 -0.019360 0.000000 0.000000 1.000000 0.000000
0.999996 -0.002765 0.000000 -0.371604 0.002765 0.999996 0.000000 -0.018751 0.000000 0.000000 1.000000 0.000000
0.999996 -0.002845 0.000000 -0.373008 0.002845 0.999996 0.000000 -0.017823 0.000000 0.000000 1.000000 0.000000
0.999996 -0.002926 0.000000 -0.374315 0.002926 0.999996 0.000000 -0.017599 0.000000 0.000000 1.000000 0.000000
0.999996 -0.002927 0.000000 -0.374485 0.002927 0.999996 0.000000 -0.017280 0.000000 0.000000 1.000000 0.000000
0.999996 -0.002926 0.000000 -0.374407 0.002926 0.999996 0.000000 -0.017036 0.000000 0.000000 1.000000 0.000000
0.999996 -0.002931 0.000000 -0.374867 0.002931 0.999996 0.000000 -0.016490 0.000000 0.000000 1.000000 0.000000
0.999996 -0.002940 0.000000 -0.376487 0.002940 0.999996 0.000000 -0.016382 0.000000 0.000000 1.000000 0.000000
0.999996 -0.002938 0.000000 -0.376856 0.002938 0.999996 0.000000 -0.016002 0.000000 0.000000 1.000000 0.000000
0.999996 -0.002930 0.000000 -0.377267 0.002930 0.999996 0.000000 -0.015709 0.000000 0.000000 1.000000 0.000000
0.999996 -0.002928 0.000000 -0.378573 0.002928 0.999996 0.000000 -0.015724 0.000000 0.000000 1.000000 0.000000
0.999996 -0.002929 0.000000 -0.380242 0.002929 0.999996 0.000000 -0.015653 0.000000 0.000000 1.000000 0.000000
0.999996 -0.002910 0.000000 -0.381447 0.002910 0.999996 0.000000 -0.015613 0.000000 0.000000 1.000000 0.000000
0.999996 -0.002887 0.000000 -0.384509 0.002887 0.999996 0.000000 -0.015975 0.000000 0.000000 1.000000 0.000000
0.999996 -0.002911 0.000000 -0.386911 0.002911 0.999996 0.000000 -0.015922 0.000000 0.000000 1.000000 0.000000
0.999996 -0.002889 0.000000 -0.388395 0.002889 0.999996 0.000000 -0.016234 0.000000 0.000000 1.000000 0.000000
0.999996 -0.002871 0.000000 -0.390035 0.002871 0.999996 0.000000 -0.016315 0.000000 0.000000 1.000000 0.000000
0.999996 -0.002880 0.000000 -0.392266 0.002880 0.999996 0.000000 -0.016505 0.000000 0.000000 1.000000 0.000000
0.999996 -0.002872 0.000000 -0.394432 0.002872 0.999996 0.000000 -0.017184 0.000000 0.000000 1.000000 0.000000
0.999996 -0.002832 0.000000 -0.397532 0.002832 0.999996 0.000000 -0.020529 0.000000 0.000000 1.000000 0.000000
0.999996 -0.002846 0.000000 -0.400653 0.002846 0.999996 0.000000 -0.021595 0.000000 0.000000 1.000000 0.000000
0.999996 -0.002891 0.000000 -0.402768 0.002891 0.999996 0.000000 -0.022909 0.000000 0.000000 1.000000 0.000000
0.999995 -0.003006 0.000000 -0.403080 0.003006 0.999995 0.000000 -0.023613 0.000000 0.000000 1.000000 0.000000
0.999994 -0.003555 0.000000 -0.394603 0.003555 0.999994 0.000000 -0.023503 0.000000 0.000000 1.000000 0.000000
0.999976 -0.006857 0.000000 -0.352084 0.006857 0.999976 0.000000 -0.023683 0.000000 0.000000 1.000000 0.000000
0.999880 -0.015498 0.000000 -0.227834 0.015498 0.999880 0.000000 0.004104 0.000000 0.000000 1.000000 0.000000
0.999530 -0.030651 0.000000 -0.068693 0.030651 0.999530 0.000000 0.049285 0.000000 0.000000 1.000000 0.000000
0.998568 -0.053498 0.000000 0.172921 0.053498 0.998568 0.000000 0.098470 0.000000 0.000000 1.000000 0.000000
0.996693 -0.081256 0.000000 0.421759 0.081256 0.996693 0.000000 0.174111 0.000000 0.000000 1.000000 0.000000
0.993321 -0.115381 0.000000 0.682932 0.115381 0.993321 0.000000 0.201835 0.000000 0.000000 1.000000 0.000000
0.988311 -0.152452 0.000000 0.985282 0.152452 0.988311 0.000000 0.249606 0.000000 0.000000 1.000000 0.000000
0.981555 -0.191181 0.000000 1.362419 0.191181 0.981555 0.000000 0.318767 0.000000 0.000000 1.000000 0.000000
0.973648 -0.228058 0.000000 1.767287 0.228058 0.973648 0.000000 0.413132 0.000000 0.000000 1.000000 0.000000
0.966378 -0.257125 0.000000 2.226343 0.257125 0.966378 0.000000 0.541851 0.000000 0.000000 1.000000 0.000000
0.960520 -0.278213 0.000000 2.709707 0.278213 0.960520 0.000000 0.646210 0.000000 0.000000 1.000000 0.000000
0.958931 -0.283640 0.000000 3.271709 0.283640 0.958931 0.000000 0.771557 0.000000 0.000000 1.000000 0.000000
0.961267 -0.275620 0.000000 3.921043 0.275620 0.961267 0.000000 0.925910 0.000000 0.000000 1.000000 0.000000
0.966399 -0.257046 0.000000 4.651169 0.257046 0.966399 0.000000 1.111461 0.000000 0.000000 1.000000 0.000000
0.972747 -0.231871 0.000000 5.558079 0.231871 0.972747 0.000000 1.267428 0.000000 0.000000 1.000000 0.000000
0.978529 -0.206109 0.000000 6.541926 0.206109 0.978529 0.000000 1.445985 0.000000 0.000000 1.000000 0.000000
0.983155 -0.182774 0.000000 7.614531 0.182774 0.983155 0.000000 1.626136 0.000000 0.000000 1.000000 0.000000
0.986616 -0.163059 0.000000 8.755354 0.163059 0.986616 0.000000 1.767225 0.000000 0.000000 1.000000 0.000000
0.989886 -0.141863 0.000000 9.994276 0.141863 0.989886 0.000000 1.917631 0.000000 0.000000 1.000000 0.000000
0.992413 -0.122948 0.000000 11.277848 0.122948 0.992413 0.000000 2.050343 0.000000 0.000000 1.000000 0.000000
0.993980 -0.109560 0.000000 12.658677 0.109560 0.993980 0.000000 2.176912 0.000000 0.000000 1.000000 0.000000
0.994983 -0.100044 0.000000 14.079506 0.100044 0.994983 0.000000 2.274170 0.000000 0.000000 1.000000 0.000000
0.995840 -0.091121 0.000000 15.563705 0.091121 0.995840 0.000000 2.376430 0.000000 0.000000 1.000000 0.000000
0.996680 -0.081422 0.000000 17.106749 0.081422 0.996680 0.000000 2.467203 0.000000 0.000000 1.000000 0.000000
0.997306 -0.073356 0.000000 18.721756 0.073356 0.997306 0.000000 2.574434 0.000000 0.000000 1.000000 0.000000
0.997593 -0.069347 0.000000 20.347629 0.069347 0.997593 0.000000 2.645999 0.000000 0.000000 1.000000 0.000000
0.997759 -0.066905 0.000000 21.984072 0.066905 0.997759 0.000000 2.743652 0.000000 0.000000 1.000000 0.000000
0.997841 -0.065678 0.000000 23.654432 0.065678 0.997841 0.000000 2.857170 0.000000 0.000000 1.000000 0.000000
0.997996 -0.063280 0.000000 25.305215 0.063280 0.997996 0.000000 2.974286 0.000000 0.000000 1.000000 0.000000
0.998096 -0.061672 0.000000 27.014817 0.061672 0.998096 0.000000 3.072739 0.000000 0.000000 1.000000 0.000000
0.997976 -0.063586 0.000000 28.725679 0.063586 0.997976 0.000000 3.166259 0.000000 0.000000 1.000000 0.000000
0.997792 -0.066409 0.000000 30.424570 0.066409 0.997792 0.000000 3.263432 0.000000 0.000000 1.000000 0.000000
0.997568 -0.069704 0.000000 32.162635 0.069704 0.997568 0.000000 3.392699 0.000000 0.000000 1.000000 0.000000
0.997181 -0.075028 0.000000 33.971329 0.075028 0.997181 0.000000 3.510123 0.000000 0.000000 1.000000 0.000000
0.997002 -0.077375 0.000000 35.820301 0.077375 0.997002 0.000000 3.632015 0.000000 0.000000 1.000000 0.000000
0.997117 -0.075878 0.000000 37.691646 0.075878 0.997117 0.000000 3.756064 0.000000 0.000000 1.000000 0.000000
0.997123 -0.075802 0.000000 39.634510 0.075802 0.997123 0.000000 3.885420 0.000000 0.000000 1.000000 0.000000
0.996986 -0.077578 0.000000 41.548319 0.077578 0.996986 0.000000 4.011419 0.000000 0.000000 1.000000 0.000000
0.996767 -0.080341 0.000000 43.495841 0.080341 0.996767 0.000000 4.160079 0.000000 0.000000 1.000000 0.000000
0.996411 -0.084649 0.000000 45.453379 0.084649 0.996411 0.000000 4.315862 0.000000 0.000000 1.000000 0.000000
0.996111 -0.088108 0.000000 47.415433 0.088108 0.996111 0.000000 4.471641 0.000000 0.000000 1.000000 0.000000
0.995896 -0.090502 0.000000 49.366416 0.090502 0.995896 0.000000 4.656835 0.000000 0.000000 1.000000 0.000000
0.995587 -0.093839 0.000000 51.310980 0.093839 0.995587 0.000000 4.841049 0.000000 0.000000 1.000000 0.000000
0.995578 -0.093935 0.000000 53.227916 0.093935 0.995578 0.000000 5.015274 0.000000 0.000000 1.000000 0.000000
0.995696 -0.092674 0.000000 55.190343 0.092674 0.995696 0.000000 5.178584 0.000000 0.000000 1.000000 0.000000
0.995892 -0.090554 0.000000 57.193481 0.090554 0.995892 0.000000 5.366823 0.000000 0.000000 1.000000 0.000000
0.996038 -0.088927 0.000000 59.122311 0.088927 0.996038 0.000000 5.538474 0.000000 0.000000 1.000000 0.000000
0.996203 -0.087063 0.000000 61.064061 0.087063 0.996203 0.000000 5.694320 0.000000 0.000000 1.000000 0.000000
0.996361 -0.085232 0.000000 62.940921 0.085232 0.996361 0.000000 5.838561 0.000000 0.000000 1.000000 0.000000
0.996528 -0.083257 0.000000 64.998319 0.083257 0.996528 0.000000 5.946990 0.000000 0.000000 1.000000 0.000000
0.996794 -0.080016 0.000000 66.912043 0.080016 0.996794 0.000000 6.080007 0.000000 0.000000 1.000000 0.000000
0.997062 -0.076592 0.000000 68.924617 0.076592 0.997062 0.000000 6.212742 0.000000 0.000000 1.000000 0.000000
0.997401 -0.072055 0.000000 70.889525 0.072055 0.997401 0.000000 6.332448 0.000000 0.000000 1.000000 0.000000
0.997647 -0.068556 0.000000 72.931462 0.068556 0.997647 0.000000 6.424993 0.000000 0.000000 1.000000 0.000000
0.997796 -0.066353 0.000000 74.999642 0.066353 0.997796 0.000000 6.520238 0.000000 0.000000 1.000000 0.000000
0.997958 -0.063875 0.000000 77.063206 0.063875 0.997958 0.000000 6.633356 0.000000 0.000000 1.000000 0.000000
0.998080 -0.061931 0.000000 79.133694 0.061931 0.998080 0.000000 6.725994 0.000000 0.000000 1.000000 0.000000
0.998071 -0.062087 0.000000 81.159418 0.062087 0.998071 0.000000 6.873710 0.000000 0.000000 1.000000 0.000000
0.998160 -0.060640 0.000000 83.197548 0.060640 0.998160 0.000000 6.976371 0.000000 0.000000 1.000000 0.000000
0.998133 -0.061083 0.000000 85.248355 0.061083 0.998133 0.000000 7.082304 0.000000 0.000000 1.000000 0.000000
0.997917 -0.064513 0.000000 87.262682 0.064513 0.997917 0.000000 7.199291 0.000000 0.000000 1.000000 0.000000
0.997568 -0.069701 0.000000 89.297210 0.069701 0.997568 0.000000 7.305930 0.000000 0.000000 1.000000 0.000000
0.997192 -0.074886 0.000000 91.307741 0.074886 0.997192 0.000000 7.433209 0.000000 0.000000 1.000000 0.000000
0.996860 -0.079190 0.000000 93.252663 0.079190 0.996860 0.000000 7.584902 0.000000 0.000000 1.000000 0.000000
0.996274 -0.086248 0.000000 95.252706 0.086248 0.996274 0.000000 7.744448 0.000000 0.000000 1.000000 0.000000
0.995557 -0.094160 0.000000 97.237095 0.094160 0.995557 0.000000 7.915499 0.000000 0.000000 1.000000 0.000000
0.994947 -0.100397 0.000000 99.135872 0.100397 0.994947 0.000000 8.087287 0.000000 0.000000 1.000000 0.000000
0.994541 -0.104343 0.000000 101.143494 0.104343 0.994541 0.000000 8.276742 0.000000 0.000000 1.000000 0.000000
0.994057 -0.108861 0.000000 103.013453 0.108861 0.994057 0.000000 8.457608 0.000000 0.000000 1.000000 0.000000
0.993368 -0.114977 0.000000 104.941729 0.114977 0.993368 0.000000 8.609889 0.000000 0.000000 1.000000 0.000000
0.992820 -0.119622 0.000000 106.978545 0.119622 0.992820 0.000000 8.818915 0.000000 0.000000 1.000000 0.000000
0.992332 -0.123599 0.000000 108.981781 0.123599 0.992332 0.000000 9.055137 0.000000 0.000000 1.000000 0.000000
0.991980 -0.126395 0.000000 111.020040 0.126395 0.991980 0.000000 9.289758 0.000000 0.000000 1.000000 0.000000
0.991557 -0.129673 0.000000 113.015135 0.129673 0.991557 0.000000 9.550203 0.000000 0.000000 1.000000 0.000000
0.991278 -0.131790 0.000000 115.018856 0.131790 0.991278 0.000000 9.797271 0.000000 0.000000 1.000000 0.000000
0.990934 -0.134346 0.000000 117.042819 0.134346 0.990934 0.000000 10.040390 0.000000 0.000000 1.000000 0.000000
0.990859 -0.134899 0.000000 118.983978 0.134899 0.990859 0.000000 10.297458 0.000000 0.000000 1.000000 0.000000
0.990638 -0.136512 0.000000 120.957379 0.136512 0.990638 0.000000 10.541833 0.000000 0.000000 1.000000 0.000000
0.990620 -0.136646 0.000000 122.856168 0.136646 0.990620 0.000000 10.777758 0.000000 0.000000 1.000000 0.000000
0.990761 -0.135621 0.000000 124.848290 0.135621 0.990761 0.000000 11.034552 0.000000 0.000000 1.000000 0.000000
0.990922 -0.134438 0.000000 126.783595 0.134438 0.990922 0.000000 11.268109 0.000000 0.000000 1.000000 0.000000
0.991117 -0.132993 0.000000 128.790053 0.132993 0.991117 0.000000 11.512090 0.000000 0.000000 1.000000 0.000000
0.991374 -0.131061 0.000000 130.745813 0.131061 0.991374 0.000000 11.758252 0.000000 0.000000 1.000000 0.000000
0.991763 -0.128088 0.000000 132.802614 0.128088 0.991763 0.000000 11.983973 0.000000 0.000000 1.000000 0.000000
0.991897 -0.127043 0.000000 134.925302 0.127043 0.991897 0.000000 12.242454 0.000000 0.000000 1.000000 0.000000
0.991856 -0.127364 0.000000 137.055223 0.127364 0.991856 0.000000 12.498598 0.000000 0.000000 1.000000 0.000000
0.991673 -0.128782 0.000000 139.178991 0.128782 0.991673 0.000000 12.753833 0.000000 0.000000 1.000000 0.000000
0.991431 -0.130628 0.000000 141.269364 0.130628 0.991431 0.000000 13.020749 0.000000 0.000000 1.000000 0.000000
0.991231 -0.132138 0.000000 143.381084 0.132138 0.991231 0.000000 13.278607 0.000000 0.000000 1.000000 0.000000
0.991360 -0.131170 0.000000 145.437173 0.131170 0.991360 0.000000 13.559770 0.000000 0.000000 1.000000 0.000000
0.991501 -0.130097 0.000000 147.528221 0.130097 0.991501 0.000000 13.818560 0.000000 0.000000 1.000000 0.000000
0.991490 -0.130180 0.000000 149.591478 0.130180 0.991490 0.000000 14.056823 0.000000 0.000000 1.000000 0.000000
0.991382 -0.131001 0.000000 151.660845 0.131001 0.991382 0.000000 14.324926 0.000000 0.000000 1.000000 0.000000
0.991037 -0.133584 0.000000 153.753766 0.133584 0.991037 0.000000 14.598350 0.000000 0.000000 1.000000 0.000000
0.990781 -0.135474 0.000000 155.812625 0.135474 0.990781 0.000000 14.868670 0.000000 0.000000 1.000000 0.000000
0.990587 -0.136888 0.000000 157.940130 0.136888 0.990587 0.000000 15.162217 0.000000 0.000000 1.000000 0.000000
0.990236 -0.139402 0.000000 160.169953 0.139402 0.990236 0.000000 15.487332 0.000000 0.000000 1.000000 0.000000
0.989816 -0.142356 0.000000 162.317343 0.142356 0.989816 0.000000 15.783045 0.000000 0.000000 1.000000 0.000000
0.989627 -0.143662 0.000000 164.540556 0.143662 0.989627 0.000000 16.069968 0.000000 0.000000 1.000000 0.000000
0.989541 -0.144255 0.000000 166.698564 0.144255 0.989541 0.000000 16.389988 0.000000 0.000000 1.000000 0.000000
