1.000000 0.000024 0.000000 0.000042 -0.000024 1.000000 0.000000 0.000745 0.000000 0.000000 1.000000 0.000000
1.000000 0.000043 0.000000 -0.000124 -0.000043 1.000000 0.000000 0.001302 0.000000 0.000000 1.000000 0.000000
1.000000 0.000064 0.000000 -0.000090 -0.000064 1.000000 0.000000 0.002398 0.000000 0.000000 1.000000 0.000000
1.000000 0.000087 0.000000 0.000207 -0.000087 1.000000 0.000000 0.003553 0.000000 0.000000 1.000000 0.000000
1.000000 0.000103 0.000000 -0.000028 -0.000103 1.000000 0.000000 0.003599 0.000000 0.000000 1.000000 0.000000
1.000000 0.000134 0.000000 -0.000172 -0.000134 1.000000 0.000000 0.004827 0.000000 0.000000 1.000000 0.000000
1.000000 0.000143 0.000000 -0.000525 -0.000143 1.000000 0.000000 0.005176 0.000000 0.000000 1.000000 0.000000
1.000000 0.000145 0.000000 -0.002516 -0.000145 1.000000 0.000000 0.006098 0.000000 0.000000 1.000000 0.000000
1.000000 0.000180 0.000000 -0.003447 -0.000180 1.000000 0.000000 0.007439 0.000000 0.000000 1.000000 0.000000
1.000000 0.000224 0.000000 -0.003485 -0.000224 1.000000 0.000000 0.007913 0.000000 0.000000 1.000000 0.000000
1.000000 0.000246 0.000000 -0.002943 -0.000246 1.000000 0.000000 0.007683 0.000000 0.000000 1.000000 0.000000
1.000000 0.000262 0.000000 -0.002898 -0.000262 1.000000 0.000000 0.007909 0.000000 0.000000 1.000000 0.000000
1.000000 0.000274 0.000000 -0.002815 -0.000274 1.000000 0.000000 0.008057 0.000000 0.000000 1.000000 0.000000
1.000000 0.000143 0.000000 -0.004478 -0.000143 1.000000 0.000000 0.004689 0.000000 0.000000 1.000000 0.000000
1.000000 0.000083 0.000000 -0.009777 -0.000083 1.000000 0.000000 0.003358 0.000000 0.000000 1.000000 0.000000
1.000000 0.000098 0.000000 -0.009645 -0.000098 1.000000 0.000000 0.003499 0.000000 0.000000 1.000000 0.000000
1.000000 0.000126 0.000000 -0.008569 -0.000126 1.000000 0.000000 0.004312 0.000000 0.000000 1.000000 0.000000
1.000000 0.000108 0.000000 -0.008270 -0.000108 1.000000 0.000000 0.002799 0.000000 0.000000 1.000000 0.000000
1.000000 0.000129 0.000000 -0.009126 -0.000129 1.000000 0.000000 0.003541 0.000000 0.000000 1.000000 0.000000
1.000000 0.000124 0.000000 -0.011983 -0.000124 1.000000 0.000000 0.004560 0.000000 0.000000 1.000000 0.000000
1.000000 0.000134 0.000000 -0.011551 -0.000134 1.000000 0.000000 0.005321 0.000000 0.000000 1.000000 0.000000
1.000000 0.000170 0.000000 -0.011380 -0.000170 1.000000 0.000000 0.005751 0.000000 0.000000 1.000000 0.000000
1.000000 0.000200 0.000000 -0.011058 -0.000200 1.000000 0.000000 0.006372 0.000000 0.000000 1.000000 0.000000
1.000000 0.000246 0.000000 -0.011780 -0.000246 1.000000 0.000000 0.005298 0.000000 0.000000 1.000000 0.000000
1.000000 0.000249 0.000000 -0.011936 -0.000249 1.000000 0.000000 0.005430 0.000000 0.000000 1.000000 0.000000
1.000000 0.000269 0.000000 -0.011973 -0.000269 1.000000 0.000000 0.006075 0.000000 0.000000 1.000000 0.000000
1.000000 0.000295 0.000000 -0.012404 -0.000295 1.000000 0.000000 0.005820 0.000000 0.000000 1.000000 0.000000
1.000000 0.000310 0.000000 -0.012387 -0.000310 1.000000 0.000000 0.006587 0.000000 0.000000 1.000000 0.000000
1.000000 0.000351 0.000000 -0.011758 -0.000351 1.000000 0.000000 0.006702 0.000000 0.000000 1.000000 0.000000
1.000000 0.000365 0.000000 -0.010915 -0.000365 1.000000 0.000000 0.007133 0.000000 0.000000 1.000000 0.000000
1.000000 0.000324 0.000000 -0.011139 -0.000324 1.000000 0.000000 0.007762 0.000000 0.000000 1.000000 0.000000
1.000000 0.000374 0.000000 -0.010261 -0.000374 1.000000 0.000000 0.001312 0.000000 0.000000 1.000000 0.000000
1.000000 0.000409 0.000000 -0.007638 -0.000409 1.000000 0.000000 0.001661 0.000000 0.000000 1.000000 0.000000
1.000000 0.000391 0.000000 -0.005438 -0.000391 1.000000 0.000000 0.002092 0.000000 0.000000 1.000000 0.000000
1.000000 0.000419 0.000000 -0.004631 -0.000419 1.000000 0.000000 0.002873 0.000000 0.000000 1.000000 0.000000
1.000000 0.000408 0.000000 -0.003795 -0.000408 1.000000 0.000000 0.005032 0.000000 0.000000 1.000000 0.000000
1.000000 0.000454 0.000000 -0.003548 -0.000454 1.000000 0.000000 0.005809 0.000000 0.000000 1.000000 0.000000
1.000000 0.000486 0.000000 -0.002570 -0.000486 1.000000 0.000000 0.006858 0.000000 0.000000 1.000000 0.000000
1.000000 0.000489 0.000000 -0.000560 -0.000489 1.000000 0.000000 0.007168 0.000000 0.000000 1.000000 0.000000
1.000000 0.000500 0.000000 0.001916 -0.000500 1.000000 0.000000 0.007647 0.000000 0.000000 1.000000 0.000000
1.000000 0.000522 0.000000 0.001655 -0.000522 1.000000 0.000000 0.008941 0.000000 0.000000 1.000000 0.000000
1.000000 0.000541 0.000000 0.001760 -0.000541 1.000000 0.000000 0.009987 0.000000 0.000000 1.000000 0.000000
1.000000 0.000609 0.000000 0.001807 -0.000609 1.000000 0.000000 0.012109 0.000000 0.000000 1.000000 0.000000
1.000000 0.000627 0.000000 0.001679 -0.000627 1.000000 0.000000 0.012865 0.000000 0.000000 1.000000 0.000000
1.000000 0.000646 0.000000 0.001728 -0.000646 1.000000 0.000000 0.013793 0.000000 0.000000 1.000000 0.000000
1.000000 0.000618 0.000000 0.001401 -0.000618 1.000000 0.000000 0.013690 0.000000 0.000000 1.000000 0.000000
1.000000 0.000641 0.000000 0.001504 -0.000641 1.000000 0.000000 0.014319 0.000000 0.000000 1.000000 0.000000
1.000000 0.000648 0.000000 0.001313 -0.000648 1.000000 0.000000 0.015125 0.000000 0.000000 1.000000 0.000000
1.000000 0.000657 0.000000 0.001402 -0.000657 1.000000 0.000000 0.015609 0.000000 0.000000 1.000000 0.000000
1.000000 0.000670 0.000000 0.001357 -0.000670 1.000000 0.000000 0.016134 0.000000 0.000000 1.000000 0.000000
1.000000 0.000679 0.000000 0.001358 -0.000679 1.000000 0.000000 0.016556 0.000000 0.000000 1.000000 0.000000
1.000000 0.000684 0.000000 0.001391 -0.000684 1.000000 0.000000 0.017148 0.000000 0.000000 1.000000 0.000000
1.000000 0.000696 0.000000 0.001383 -0.000696 1.000000 0.000000 0.017888 0.000000 0.000000 1.000000 0.000000
1.000000 0.000710 0.000000 0.001421 -0.000710 1.000000 0.000000 0.018496 0.000000 0.000000 1.000000 0.000000
1.000000 0.000725 0.000000 0.001354 -0.000725 1.000000 0.000000 0.019228 0.000000 0.000000 1.000000 0.000000
1.000000 0.000754 0.000000 0.001426 -0.000754 1.000000 0.000000 0.020103 0.000000 0.000000 1.000000 0.000000
1.000000 0.000776 0.000000 0.001444 -0.000776 1.000000 0.000000 0.020816 0.000000 0.000000 1.000000 0.000000
1.000000 0.000784 0.000000 0.001666 -0.000784 1.000000 0.000000 0.021394 0.000000 0.000000 1.000000 0.000000
1.000000 0.000797 0.000000 0.001822 -0.000797 1.000000 0.000000 0.021934 0.000000 0.000000 1.000000 0.000000
1.000000 0.000808 0.000000 0.001865 -0.000808 1.000000 0.000000 0.022485 0.000000 0.000000 1.000000 0.000000
1.000000 0.000816 0.000000 0.001816 -0.000816 1.000000 0.000000 0.023390 0.000000 0.000000 1.000000 0.000000
1.000000 0.000834 0.000000 0.001671 -0.000834 1.000000 0.000000 0.024327 0.000000 0.000000 1.000000 0.000000
1.000000 0.000852 0.000000 0.001690 -0.000852 1.000000 0.000000 0.024754 0.000000 0.000000 1.000000 0.000000
1.000000 0.000862 0.000000 0.001609 -0.000862 1.000000 0.000000 0.025518 0.000000 0.000000 1.000000 0.000000
1.000000 0.000874 0.000000 0.001564 -0.000874 1.000000 0.000000 0.026102 0.000000 0.000000 1.000000 0.000000
1.000000 0.000885 0.000000 0.001728 -0.000885 1.000000 0.000000 0.026513 0.000000 0.000000 1.000000 0.000000
1.000000 0.000892 0.000000 0.001779 -0.000892 1.000000 0.000000 0.026916 0.000000 0.000000 1.000000 0.000000
1.000000 0.000891 0.000000 0.001884 -0.000891 1.000000 0.000000 0.027367 0.000000 0.000000 1.000000 0.000000
1.000000 0.000900 0.000000 0.001868 -0.000900 1.000000 0.000000 0.027934 0.000000 0.000000 1.000000 0.000000
1.000000 0.000913 0.000000 0.001869 -0.000913 1.000000 0.000000 0.028169 0.000000 0.000000 1.000000 0.000000
1.000000 0.000915 0.000000 0.002123 -0.000915 1.000000 0.000000 0.028772 0.000000 0.000000 1.000000 0.000000
1.000000 0.000939 0.000000 0.002148 -0.000939 1.000000 0.000000 0.029416 0.000000 0.000000 1.000000 0.000000
1.000000 0.000971 0.000000 0.002155 -0.000971 1.000000 0.000000 0.030415 0.000000 0.000000 1.000000 0.000000
1.000000 0.000997 0.000000 0.001972 -0.000997 1.000000 0.000000 0.031268 0.000000 0.000000 1.000000 0.000000
0.999999 0.001017 0.000000 0.002319 -0.001017 0.999999 0.000000 0.032346 0.000000 0.000000 1.000000 0.000000
0.999999 0.001018 0.000000 0.002317 -0.001018 0.999999 0.000000 0.031753 0.000000 0.000000 1.000000 0.000000
0.999999 0.001051 0.000000 0.003010 -0.001051 0.999999 0.000000 0.032341 0.000000 0.000000 1.000000 0.000000
0.999999 0.001061 0.000000 0.003456 -0.001061 0.999999 0.000000 0.032637 0.000000 0.000000 1.000000 0.000000
0.999999 0.001108 0.000000 0.003948 -0.001108 0.999999 0.000000 0.032199 0.000000 0.000000 1.000000 0.000000
0.999999 0.001108 0.000000 0.004204 -0.001108 0.999999 0.000000 0.032445 0.000000 0.000000 1.000000 0.000000
0.999999 0.001131 0.000000 0.004377 -0.001131 0.999999 0.000000 0.033138 0.000000 0.000000 1.000000 0.000000
0.999999 0.001137 0.000000 0.004387 -0.001137 0.999999 0.000000 0.033863 0.000000 0.000000 1.000000 0.000000
0.999999 0.001142 0.000000 0.004489 -0.001142 0.999999 0.000000 0.034657 0.000000 0.000000 1.000000 0.000000
0.999999 0.001157 0.000000 0.004523 -0.001157 0.999999 0.000000 0.035208 0.000000 0.000000 1.000000 0.000000
0.999999 0.001167 0.000000 0.004746 -0.001167 0.999999 0.000000 0.035491 0.000000 0.000000 1.000000 0.000000
0.999999 0.001179 0.000000 0.004820 -0.001179 0.999999 0.000000 0.035956 0.000000 0.000000 1.000000 0.000000
0.999999 0.001178 0.000000 0.004704 -0.001178 0.999999 0.000000 0.036275 0.000000 0.000000 1.000000 0.000000
0.999999 0.001192 0.000000 0.004740 -0.001192 0.999999 0.000000 0.036770 0.000000 0.000000 1.000000 0.000000
0.999999 0.001222 0.000000 0.004523 -0.001222 0.999999 0.000000 0.036598 0.000000 0.000000 1.000000 0.000000
0.999999 0.001191 0.000000 0.004260 -0.001191 0.999999 0.000000 0.037617 0.000000 0.000000 1.000000 0.000000
0.999999 0.001184 0.000000 0.004124 -0.001184 0.999999 0.000000 0.037983 0.000000 0.000000 1.000000 0.000000
0.999999 0.001200 0.000000 0.004034 -0.001200 0.999999 0.000000 0.038460 0.000000 0.000000 1.000000 0.000000
0.999999 0.001208 0.000000 0.004105 -0.001208 0.999999 0.000000 0.038942 0.000000 0.000000 1.000000 0.000000
0.999999 0.001212 0.000000 0.004147 -0.001212 0.999999 0.000000 0.039505 0.000000 0.000000 1.000000 0.000000
0.999999 0.001218 0.000000 0.004078 -0.001218 0.999999 0.000000 0.039869 0.000000 0.000000 1.000000 0.000000
0.999999 0.001227 0.000000 0.004054 -0.001227 0.999999 0.000000 0.040590 0.000000 0.000000 1.000000 0.000000
0.999999 0.001243 0.000000 0.004220 -0.001243 0.999999 0.000000 0.040860 0.000000 0.000000 1.000000 0.000000
0.999999 0.001237 0.000000 0.004085 -0.001237 0.999999 0.000000 0.041585 0.000000 0.000000 1.000000 0.000000
0.999999 0.001250 0.000000 0.004234 -0.001250 0.999999 0.000000 0.042174 0.000000 0.000000 1.000000 0.000000
0.999999 0.001260 0.000000 0.004198 -0.001260 0.999999 0.000000 0.042934 0.000000 0.000000 1.000000 0.000000
0.999999 0.001285 0.000000 0.004463 -0.001285 0.999999 0.000000 0.043655 0.000000 0.000000 1.000000 0.000000
0.999999 0.001290 0.000000 0.004447 -0.001290 0.999999 0.000000 0.044325 0.000000 0.000000 1.000000 0.000000
0.999999 0.001291 0.000000 0.004868 -0.001291 0.999999 0.000000 0.044842 0.000000 0.000000 1.000000 0.000000
0.999999 0.001304 0.000000 0.004991 -0.001304 0.999999 0.000000 0.045396 0.000000 0.000000 1.000000 0.000000
0.999999 0.001320 0.000000 0.005023 -0.001320 0.999999 0.000000 0.046278 0.000000 0.000000 1.000000 0.000000
0.999999 0.001331 0.000000 0.005235 -0.001331 0.999999 0.000000 0.047179 0.000000 0.000000 1.000000 0.000000
0.999999 0.001351 0.000000 0.005141 -0.001351 0.999999 0.000000 0.047700 0.000000 0.000000 1.000000 0.000000
0.999999 0.001358 0.000000 0.005154 -0.001358 0.999999 0.000000 0.048465 0.000000 0.000000 1.000000 0.000000
0.999999 0.001384 0.000000 0.005235 -0.001384 0.999999 0.000000 0.049481 0.000000 0.000000 1.000000 0.000000
0.999999 0.001401 0.000000 0.005294 -0.001401 0.999999 0.000000 0.050071 0.000000 0.000000 1.000000 0.000000
0.999999 0.001455 0.000000 0.005391 -0.001455 0.999999 0.000000 0.051016 0.000000 0.000000 1.000000 0.000000
0.999999 0.001478 0.000000 0.005311 -0.001478 0.999999 0.000000 0.051814 0.000000 0.000000 1.000000 0.000000
0.999999 0.001534 0.000000 0.005528 -0.001534 0.999999 0.000000 0.052771 0.000000 0.000000 1.000000 0.000000
0.999999 0.001565 0.000000 0.005781 -0.001565 0.999999 0.000000 0.053826 0.000000 0.000000 1.000000 0.000000
0.999999 0.001589 0.000000 0.005765 -0.001589 0.999999 0.000000 0.054566 0.000000 0.000000 1.000000 0.000000
0.999999 0.001628 0.000000 0.005915 -0.001628 0.999999 0.000000 0.055109 0.000000 0.000000 1.000000 0.000000
0.999999 0.001658 0.000000 0.006155 -0.001658 0.999999 0.000000 0.055894 0.000000 0.000000 1.000000 0.000000
0.999999 0.001673 0.000000 0.006183 -0.001673 0.999999 0.000000 0.057228 0.000000 0.000000 1.000000 0.000000
0.999999 0.001681 0.000000 0.006071 -0.001681 0.999999 0.000000 0.057905 0.000000 0.000000 1.000000 0.000000
0.999999 0.001718 0.000000 0.005898 -0.001718 0.999999 0.000000 0.059405 0.000000 0.000000 1.000000 0.000000
0.999999 0.001729 0.000000 0.005971 -0.001729 0.999999 0.000000 0.060134 0.000000 0.000000 1.000000 0.000000
0.999998 0.001749 0.000000 0.006034 -0.001749 0.999998 0.000000 0.060841 0.000000 0.000000 1.000000 0.000000
0.999998 0.001756 0.000000 0.006109 -0.001756 0.999998 0.000000 0.062275 0.000000 0.000000 1.000000 0.000000
0.999998 0.001788 0.000000 0.006403 -0.001788 0.999998 0.000000 0.062674 0.000000 0.000000 1.000000 0.000000
0.999998 0.001806 0.000000 0.006394 -0.001806 0.999998 0.000000 0.063432 0.000000 0.000000 1.000000 0.000000
0.999998 0.001825 0.000000 0.006553 -0.001825 0.999998 0.000000 0.064315 0.000000 0.000000 1.000000 0.000000
0.999998 0.001836 0.000000 0.006725 -0.001836 0.999998 0.000000 0.064972 0.000000 0.000000 1.000000 0.000000
0.999998 0.001882 0.000000 0.005906 -0.001882 0.999998 0.000000 0.066422 0.000000 0.000000 1.000000 0.000000
0.999998 0.001898 0.000000 0.005896 -0.001898 0.999998 0.000000 0.067063 0.000000 0.000000 1.000000 0.000000
0.999998 0.001917 0.000000 0.006105 -0.001917 0.999998 0.000000 0.067487 0.000000 0.000000 1.000000 0.000000
0.999998 0.001926 0.000000 0.005665 -0.001926 0.999998 0.000000 0.068687 0.000000 0.000000 1.000000 0.000000
0.999998 0.001954 0.000000 0.005123 -0.001954 0.999998 0.000000 0.068578 0.000000 0.000000 1.000000 0.000000
0.999998 0.001969 0.000000 0.005549 -0.001969 0.999998 0.000000 0.068987 0.000000 0.000000 1.000000 0.000000
0.999998 0.001982 0.000000 0.005727 -0.001982 0.999998 0.000000 0.069507 0.000000 0.000000 1.000000 0.000000
0.999998 0.002004 0.000000 0.006040 -0.002004 0.999998 0.000000 0.070073 0.000000 0.000000 1.000000 0.000000
0.999998 0.002045 0.000000 0.006387 -0.002045 0.999998 0.000000 0.069972 0.000000 0.000000 1.000000 0.000000
0.999998 0.002049 0.000000 0.006050 -0.002049 0.999998 0.000000 0.069728 0.000000 0.000000 1.000000 0.000000
0.999998 0.002100 0.000000 0.004694 -0.002100 0.999998 0.000000 0.070580 0.000000 0.000000 1.000000 0.000000
0.999998 0.002136 0.000000 0.004789 -0.002136 0.999998 0.000000 0.070717 0.000000 0.000000 1.000000 0.000000
0.999998 0.002149 0.000000 0.004367 -0.002149 0.999998 0.000000 0.071280 0.000000 0.000000 1.000000 0.000000
0.999998 0.002138 0.000000 0.011184 -0.002138 0.999998 0.000000 0.073979 0.000000 0.000000 1.000000 0.000000
0.999998 0.002163 0.000000 -0.014742 -0.002163 0.999998 0.000000 0.061454 0.000000 0.000000 1.000000 0.000000
0.999997 0.002453 0.000000 -0.021320 -0.002453 0.999997 0.000000 0.061326 0.000000 0.000000 1.000000 0.000000
0.999998 0.002019 0.000000 -0.038244 -0.002019 0.999998 0.000000 0.082445 0.000000 0.000000 1.000000 0.000000
0.999998 0.001878 0.000000 -0.034937 -0.001878 0.999998 0.000000 0.080062 0.000000 0.000000 1.000000 0.000000
0.999998 0.001915 0.000000 -0.022971 -0.001915 0.999998 0.000000 0.069639 0.000000 0.000000 1.000000 0.000000
0.999998 0.001857 0.000000 -0.023541 -0.001857 0.999998 0.000000 0.071531 0.000000 0.000000 1.000000 0.000000
0.999998 0.001811 0.000000 -0.024127 -0.001811 0.999998 0.000000 0.073265 0.000000 0.000000 1.000000 0.000000
0.999998 0.001790 0.000000 -0.023905 -0.001790 0.999998 0.000000 0.073450 0.000000 0.000000 1.000000 0.000000
0.999999 0.001657 0.000000 -0.024792 -0.001657 0.999999 0.000000 0.075321 0.000000 0.000000 1.000000 0.000000
0.999999 0.001647 0.000000 -0.025151 -0.001647 0.999999 0.000000 0.075991 0.000000 0.000000 1.000000 0.000000
0.999999 0.001647 0.000000 -0.025287 -0.001647 0.999999 0.000000 0.076341 0.000000 0.000000 1.000000 0.000000
0.999999 0.001639 0.000000 -0.025421 -0.001639 0.999999 0.000000 0.077122 0.000000 0.000000 1.000000 0.000000
0.999999 0.001665 0.000000 -0.025347 -0.001665 0.999999 0.000000 0.078032 0.000000 0.000000 1.000000 0.000000
0.999999 0.001664 0.000000 -0.025547 -0.001664 0.999999 0.000000 0.078534 0.000000 0.000000 1.000000 0.000000
0.999999 0.001667 0.000000 -0.025818 -0.001667 0.999999 0.000000 0.079160 0.000000 0.000000 1.000000 0.000000
0.999999 0.001689 0.000000 -0.025753 -0.001689 0.999999 0.000000 0.080563 0.000000 0.000000 1.000000 0.000000
0.999999 0.001662 0.000000 -0.022778 -0.001662 0.999999 0.000000 0.081228 0.000000 0.000000 1.000000 0.000000
0.999999 0.001662 0.000000 -0.021295 -0.001662 0.999999 0.000000 0.081480 0.000000 0.000000 1.000000 0.000000
0.999999 0.001660 0.000000 -0.021227 -0.001660 0.999999 0.000000 0.082127 0.000000 0.000000 1.000000 0.000000
0.999999 0.001669 0.000000 -0.020610 -0.001669 0.999999 0.000000 0.082787 0.000000 0.000000 1.000000 0.000000
0.999998 0.001776 0.000000 -0.021269 -0.001776 0.999998 0.000000 0.079346 0.000000 0.000000 1.000000 0.000000
0.999998 0.001796 0.000000 -0.021186 -0.001796 0.999998 0.000000 0.079654 0.000000 0.000000 1.000000 0.000000
0.999998 0.001792 0.000000 -0.021189 -0.001792 0.999998 0.000000 0.080285 0.000000 0.000000 1.000000 0.000000
0.999998 0.001797 0.000000 -0.021191 -0.001797 0.999998 0.000000 0.080938 0.000000 0.000000 1.000000 0.000000
0.999998 0.001810 0.000000 -0.021121 -0.001810 0.999998 0.000000 0.081413 0.000000 0.000000 1.000000 0.000000
0.999998 0.001814 0.000000 -0.021129 -0.001814 0.999998 0.000000 0.081906 0.000000 0.000000 1.000000 0.000000
0.999998 0.001830 0.000000 -0.020982 -0.001830 0.999998 0.000000 0.082407 0.000000 0.000000 1.000000 0.000000
0.999998 0.001852 0.000000 -0.021109 -0.001852 0.999998 0.000000 0.083285 0.000000 0.000000 1.000000 0.000000
0.999998 0.001868 0.000000 -0.020585 -0.001868 0.999998 0.000000 0.083729 0.000000 0.000000 1.000000 0.000000
0.999998 0.001878 0.000000 -0.021265 -0.001878 0.999998 0.000000 0.084341 0.000000 0.000000 1.000000 0.000000
0.999998 0.001892 0.000000 -0.021353 -0.001892 0.999998 0.000000 0.084739 0.000000 0.000000 1.000000 0.000000
0.999998 0.001913 0.000000 -0.021090 -0.001913 0.999998 0.000000 0.085377 0.000000 0.000000 1.000000 0.000000
0.999998 0.001919 0.000000 -0.021505 -0.001919 0.999998 0.000000 0.086047 0.000000 0.000000 1.000000 0.000000
0.999998 0.001936 0.000000 -0.021568 -0.001936 0.999998 0.000000 0.086776 0.000000 0.000000 1.000000 0.000000
0.999998 0.001958 0.000000 -0.023007 -0.001958 0.999998 0.000000 0.087086 0.000000 0.000000 1.000000 0.000000
0.999998 0.001973 0.000000 -0.023249 -0.001973 0.999998 0.000000 0.087742 0.000000 0.000000 1.000000 0.000000
0.999998 0.001979 0.000000 -0.023468 -0.001979 0.999998 0.000000 0.088143 0.000000 0.000000 1.000000 0.000000
0.999998 0.001981 0.000000 -0.023631 -0.001981 0.999998 0.000000 0.088548 0.000000 0.000000 1.000000 0.000000
0.999998 0.001980 0.000000 -0.024289 -0.001980 0.999998 0.000000 0.089084 0.000000 0.000000 1.000000 0.000000
0.999998 0.001989 0.000000 -0.024251 -0.001989 0.999998 0.000000 0.089713 0.000000 0.000000 1.000000 0.000000
0.999998 0.001996 0.000000 -0.024613 -0.001996 0.999998 0.000000 0.090112 0.000000 0.000000 1.000000 0.000000
0.999998 0.002008 0.000000 -0.024795 -0.002008 0.999998 0.000000 0.090718 0.000000 0.000000 1.000000 0.000000
0.999998 0.002011 0.000000 -0.024911 -0.002011 0.999998 0.000000 0.091217 0.000000 0.000000 1.000000 0.000000
0.999998 0.002022 0.000000 -0.024982 -0.002022 0.999998 0.000000 0.091930 0.000000 0.000000 1.000000 0.000000
0.999998 0.002031 0.000000 -0.026208 -0.002031 0.999998 0.000000 0.092971 0.000000 0.000000 1.000000 0.000000
0.999998 0.002044 0.000000 -0.026091 -0.002044 0.999998 0.000000 0.093604 0.000000 0.000000 1.000000 0.000000
0.999998 0.002065 0.000000 -0.026148 -0.002065 0.999998 0.000000 0.094238 0.000000 0.000000 1.000000 0.000000
0.999998 0.002081 0.000000 -0.026428 -0.002081 0.999998 0.000000 0.094752 0.000000 0.000000 1.000000 0.000000
0.999998 0.002139 0.000000 -0.033874 -0.002139 0.999998 0.000000 0.095941 0.000000 0.000000 1.000000 0.000000
0.999998 0.002195 0.000000 -0.037313 -0.002195 0.999998 0.000000 0.097105 0.000000 0.000000 1.000000 0.000000
0.999998 0.002234 0.000000 -0.039778 -0.002234 0.999998 0.000000 0.098447 0.000000 0.000000 1.000000 0.000000
0.999997 0.002261 0.000000 -0.040588 -0.002261 0.999997 0.000000 0.100100 0.000000 0.000000 1.000000 0.000000
0.999997 0.002283 0.000000 -0.040517 -0.002283 0.999997 0.000000 0.101151 0.000000 0.000000 1.000000 0.000000
0.999997 0.002417 0.000000 -0.045622 -0.002417 0.999997 0.000000 0.108030 0.000000 0.000000 1.000000 0.000000
0.999997 0.002516 0.000000 -0.047510 -0.002516 0.999997 0.000000 0.112198 0.000000 0.000000 1.000000 0.000000
0.999997 0.002574 0.000000 -0.047044 -0.002574 0.999997 0.000000 0.114371 0.000000 0.000000 1.000000 0.000000
0.999997 0.002574 0.000000 -0.042134 -0.002574 0.999997 0.000000 0.115270 0.000000 0.000000 1.000000 0.000000
0.999997 0.002547 0.000000 -0.037852 -0.002547 0.999997 0.000000 0.114508 0.000000 0.000000 1.000000 0.000000
0.999997 0.002588 0.000000 -0.035495 -0.002588 0.999997 0.000000 0.115789 0.000000 0.000000 1.000000 0.000000
0.999997 0.002621 0.000000 -0.031468 -0.002621 0.999997 0.000000 0.117475 0.000000 0.000000 1.000000 0.000000
0.999996 0.002675 0.000000 -0.029671 -0.002675 0.999996 0.000000 0.119717 0.000000 0.000000 1.000000 0.000000
0.999996 0.002713 0.000000 -0.028976 -0.002713 0.999996 0.000000 0.121322 0.000000 0.000000 1.000000 0.000000
0.999996 0.002774 0.000000 -0.026887 -0.002774 0.999996 0.000000 0.123532 0.000000 0.000000 1.000000 0.000000
0.999996 0.002876 0.000000 -0.025694 -0.002876 0.999996 0.000000 0.125279 0.000000 0.000000 1.000000 0.000000
0.999996 0.002953 0.000000 -0.025135 -0.002953 0.999996 0.000000 0.126032 0.000000 0.000000 1.000000 0.000000
0.999995 0.003013 0.000000 -0.024152 -0.003013 0.999995 0.000000 0.127394 0.000000 0.000000 1.000000 0.000000
0.999995 0.003044 0.000000 -0.023203 -0.003044 0.999995 0.000000 0.127727 0.000000 0.000000 1.000000 0.000000
0.999995 0.003058 0.000000 -0.022850 -0.003058 0.999995 0.000000 0.128272 0.000000 0.000000 1.000000 0.000000
0.999995 0.003075 0.000000 -0.022497 -0.003075 0.999995 0.000000 0.129560 0.000000 0.000000 1.000000 0.000000
0.999995 0.003083 0.000000 -0.021144 -0.003083 0.999995 0.000000 0.130205 0.000000 0.000000 1.000000 0.000000
0.999995 0.003164 0.000000 -0.019930 -0.003164 0.999995 0.000000 0.132011 0.000000 0.000000 1.000000 0.000000
0.999995 0.003239 0.000000 -0.021058 -0.003239 0.999995 0.000000 0.134292 0.000000 0.000000 1.000000 0.000000
0.999995 0.003306 0.000000 -0.021134 -0.003306 0.999995 0.000000 0.136380 0.000000 0.000000 1.000000 0.000000
0.999994 0.003317 0.000000 -0.026081 -0.003317 0.999994 0.000000 0.137065 0.000000 0.000000 1.000000 0.000000
0.999995 0.003303 0.000000 -0.030187 -0.003303 0.999995 0.000000 0.137286 0.000000 0.000000 1.000000 0.000000
0.999995 0.003199 0.000000 -0.036396 -0.003199 0.999995 0.000000 0.136181 0.000000 0.000000 1.000000 0.000000
0.999995 0.003159 0.000000 -0.037716 -0.003159 0.999995 0.000000 0.135965 0.000000 0.000000 1.000000 0.000000
0.999995 0.003098 0.000000 -0.040055 -0.003098 0.999995 0.000000 0.134823 0.000000 0.000000 1.000000 0.000000
0.999995 0.003095 0.000000 -0.039989 -0.003095 0.999995 0.000000 0.135468 0.000000 0.000000 1.000000 0.000000
0.999995 0.003115 0.000000 -0.039864 -0.003115 0.999995 0.000000 0.136321 0.000000 0.000000 1.000000 0.000000
0.999995 0.003101 0.000000 -0.039940 -0.003101 0.999995 0.000000 0.136826 0.000000 0.000000 1.000000 0.000000
0.999995 0.003095 0.000000 -0.040527 -0.003095 0.999995 0.000000 0.137103 0.000000 0.000000 1.000000 0.000000
0.999995 0.003056 0.000000 -0.040511 -0.003056 0.999995 0.000000 0.137190 0.000000 0.000000 1.000000 0.000000
0.999995 0.003022 0.000000 -0.040624 -0.003022 0.999995 0.000000 0.136972 0.000000 0.000000 1.000000 0.000000
0.999995 0.003011 0.000000 -0.041242 -0.003011 0.999995 0.000000 0.136965 0.000000 0.000000 1.000000 0.000000
0.999995 0.003003 0.000000 -0.041694 -0.003003 0.999995 0.000000 0.136726 0.000000 0.000000 1.000000 0.000000
0.999996 0.002962 0.000000 -0.042286 -0.002962 0.999996 0.000000 0.136044 0.000000 0.000000 1.000000 0.000000
0.999996 0.002793 0.000000 -0.044296 -0.002793 0.999996 0.000000 0.134042 0.000000 0.000000 1.000000 0.000000
0.999997 0.002455 0.000000 -0.047490 -0.002455 0.999997 0.000000 0.127604 0.000000 0.000000 1.000000 0.000000
0.999997 0.002386 0.000000 -0.048313 -0.002386 0.999997 0.000000 0.127095 0.000000 0.000000 1.000000 0.000000
0.999998 0.002139 0.000000 -0.061172 -0.002139 0.999998 0.000000 0.116790 0.000000 0.000000 1.000000 0.000000
0.999998 0.002167 0.000000 -0.059431 -0.002167 0.999998 0.000000 0.118149 0.000000 0.000000 1.000000 0.000000
0.999999 0.001027 0.000000 -0.159610 -0.001027 0.999999 0.000000 0.057408 0.000000 0.000000 1.000000 0.000000
1.000000 0.000994 0.000000 -0.159921 -0.000994 1.000000 0.000000 0.054687 0.000000 0.000000 1.000000 0.000000
0.999997 0.002247 0.000000 -0.173150 -0.002247 0.999997 0.000000 0.059002 0.000000 0.000000 1.000000 0.000000
0.999998 0.001962 0.000000 -0.178181 -0.001962 0.999998 0.000000 0.073576 0.000000 0.000000 1.000000 0.000000
0.999998 0.001999 0.000000 -0.175855 -0.001999 0.999998 0.000000 0.072288 0.000000 0.000000 1.000000 0.000000
0.999998 0.002059 0.000000 -0.175753 -0.002059 0.999998 0.000000 0.072697 0.000000 0.000000 1.000000 0.000000
0.999998 0.002063 0.000000 -0.175331 -0.002063 0.999998 0.000000 0.074101 0.000000 0.000000 1.000000 0.000000
0.999998 0.001957 0.000000 -0.176131 -0.001957 0.999998 0.000000 0.075766 0.000000 0.000000 1.000000 0.000000
0.999998 0.001917 0.000000 -0.176676 -0.001917 0.999998 0.000000 0.074440 0.000000 0.000000 1.000000 0.000000
0.999998 0.001930 0.000000 -0.175734 -0.001930 0.999998 0.000000 0.074942 0.000000 0.000000 1.000000 0.000000
0.999998 0.001932 0.000000 -0.174639 -0.001932 0.999998 0.000000 0.075452 0.000000 0.000000 1.000000 0.000000
0.999998 0.001942 0.000000 -0.173679 -0.001942 0.999998 0.000000 0.076451 0.000000 0.000000 1.000000 0.000000
0.999998 0.001942 0.000000 -0.174986 -0.001942 0.999998 0.000000 0.076764 0.000000 0.000000 1.000000 0.000000
0.999998 0.001962 0.000000 -0.175164 -0.001962 0.999998 0.000000 0.077615 0.000000 0.000000 1.000000 0.000000
0.999998 0.001978 0.000000 -0.175057 -0.001978 0.999998 0.000000 0.078219 0.000000 0.000000 1.000000 0.000000
0.999998 0.001988 0.000000 -0.176082 -0.001988 0.999998 0.000000 0.078348 0.000000 0.000000 1.000000 0.000000
0.999998 0.001991 0.000000 -0.176959 -0.001991 0.999998 0.000000 0.078405 0.000000 0.000000 1.000000 0.000000
0.999998 0.002025 0.000000 -0.176653 -0.002025 0.999998 0.000000 0.078752 0.000000 0.000000 1.000000 0.000000
0.999998 0.002065 0.000000 -0.178294 -0.002065 0.999998 0.000000 0.078830 0.000000 0.000000 1.000000 0.000000
0.999998 0.002045 0.000000 -0.179395 -0.002045 0.999998 0.000000 0.078940 0.000000 0.000000 1.000000 0.000000
0.999998 0.002090 0.000000 -0.180590 -0.002090 0.999998 0.000000 0.078566 0.000000 0.000000 1.000000 0.000000
0.999998 0.002129 0.000000 -0.181754 -0.002129 0.999998 0.000000 0.078647 0.000000 0.000000 1.000000 0.000000
0.999998 0.002128 0.000000 -0.183884 -0.002128 0.999998 0.000000 0.078993 0.000000 0.000000 1.000000 0.000000
0.999998 0.002158 0.000000 -0.186493 -0.002158 0.999998 0.000000 0.078280 0.000000 0.000000 1.000000 0.000000
0.999998 0.002218 0.000000 -0.188870 -0.002218 0.999998 0.000000 0.074938 0.000000 0.000000 1.000000 0.000000
0.999998 0.002208 0.000000 -0.190376 -0.002208 0.999998 0.000000 0.073881 0.000000 0.000000 1.000000 0.000000
0.999998 0.002135 0.000000 -0.189680 -0.002135 0.999998 0.000000 0.072176 0.000000 0.000000 1.000000 0.000000
0.999998 0.001896 0.000000 -0.180611 -0.001896 0.999998 0.000000 0.072154 0.000000 0.000000 1.000000 0.000000
1.000000 0.000984 0.000000 -0.154724 -0.000984 1.000000 0.000000 0.071786 0.000000 0.000000 1.000000 0.000000
0.999996 -0.002896 0.000000 -0.081772 0.002896 0.999996 0.000000 0.076177 0.000000 0.000000 1.000000 0.000000
0.999935 -0.011409 0.000000 0.055606 0.011409 0.999935 0.000000 0.103929 0.000000 0.000000 1.000000 0.000000
0.999651 -0.026436 0.000000 0.229724 0.026436 0.999651 0.000000 0.149237 0.000000 0.000000 1.000000 0.000000
0.998798 -0.049013 0.000000 0.483503 0.049013 0.998798 0.000000 0.193161 0.000000 0.000000 1.000000 0.000000
0.997056 -0.076676 0.000000 0.742046 0.076676 0.997056 0.000000 0.254618 0.000000 0.000000 1.000000 0.000000
0.993868 -0.110570 0.000000 1.020555 0.110570 0.993868 0.000000 0.288012 0.000000 0.000000 1.000000 0.000000
0.988990 -0.147983 0.000000 1.338725 0.147983 0.988990 0.000000 0.348676 0.000000 0.000000 1.000000 0.000000
0.982478 -0.186377 0.000000 1.721737 0.186377 0.982478 0.000000 0.414026 0.000000 0.000000 1.000000 0.000000
0.974808 -0.223046 0.000000 2.138048 0.223046 0.974808 0.000000 0.506800 0.000000 0.000000 1.000000 0.000000
0.967543 -0.252706 0.000000 2.610594 0.252706 0.967543 0.000000 0.623893 0.000000 0.000000 1.000000 0.000000
0.961745 -0.273948 0.000000 3.112550 0.273948 0.961745 0.000000 0.734842 0.000000 0.000000 1.000000 0.000000
0.960345 -0.278814 0.000000 3.701389 0.278814 0.960345 0.000000 0.850786 0.000000 0.000000 1.000000 0.000000
0.962602 -0.270919 0.000000 4.369270 0.270919 0.962602 0.000000 1.001119 0.000000 0.000000 1.000000 0.000000
0.967693 -0.252130 0.000000 5.116302 0.252130 0.967693 0.000000 1.166555 0.000000 0.000000 1.000000 0.000000
0.973885 -0.227042 0.000000 6.024079 0.227042 0.973885 0.000000 1.297132 0.000000 0.000000 1.000000 0.000000
0.979451 -0.201681 0.000000 7.003235 0.201681 0.979451 0.000000 1.449800 0.000000 0.000000 1.000000 0.000000
0.983931 -0.178547 0.000000 8.055121 0.178547 0.983931 0.000000 1.605535 0.000000 0.000000 1.000000 0.000000
0.987306 -0.158827 0.000000 9.181452 0.158827 0.987306 0.000000 1.724397 0.000000 0.000000 1.000000 0.000000
0.990452 -0.137861 0.000000 10.397087 0.137861 0.990452 0.000000 1.851460 0.000000 0.000000 1.000000 0.000000
0.992929 -0.118708 0.000000 11.654646 0.118708 0.992929 0.000000 1.959576 0.000000 0.000000 1.000000 0.000000
0.994493 -0.104807 0.000000 13.005938 0.104807 0.994493 0.000000 2.064068 0.000000 0.000000 1.000000 0.000000
0.995437 -0.095422 0.000000 14.400760 0.095422 0.995437 0.000000 2.146370 0.000000 0.000000 1.000000 0.000000
0.996260 -0.086410 0.000000 15.857845 0.086410 0.996260 0.000000 2.231198 0.000000 0.000000 1.000000 0.000000
0.997032 -0.076988 0.000000 17.374107 0.076988 0.997032 0.000000 2.315140 0.000000 0.000000 1.000000 0.000000
0.997602 -0.069219 0.000000 18.963736 0.069219 0.997602 0.000000 2.415770 0.000000 0.000000 1.000000 0.000000
0.997848 -0.065568 0.000000 20.559902 0.065568 0.997848 0.000000 2.489396 0.000000 0.000000 1.000000 0.000000
0.998006 -0.063114 0.000000 22.175614 0.063114 0.998006 0.000000 2.592704 0.000000 0.000000 1.000000 0.000000
0.998077 -0.061986 0.000000 23.819170 0.061986 0.998077 0.000000 2.703135 0.000000 0.000000 1.000000 0.000000
0.998238 -0.059332 0.000000 25.447120 0.059332 0.998238 0.000000 2.816278 0.000000 0.000000 1.000000 0.000000
0.998338 -0.057634 0.000000 27.137161 0.057634 0.998338 0.000000 2.909716 0.000000 0.000000 1.000000 0.000000
0.998237 -0.059360 0.000000 28.835694 0.059360 0.998237 0.000000 3.008320 0.000000 0.000000 1.000000 0.000000
0.998082 -0.061901 0.000000 30.519133 0.061901 0.998082 0.000000 3.101904 0.000000 0.000000 1.000000 0.000000
0.997873 -0.065193 0.000000 32.245004 0.065193 0.997873 0.000000 3.233474 0.000000 0.000000 1.000000 0.000000
0.997494 -0.070745 0.000000 34.043081 0.070745 0.997494 0.000000 3.353608 0.000000 0.000000 1.000000 0.000000
0.997326 -0.073080 0.000000 35.884722 0.073080 0.997326 0.000000 3.482560 0.000000 0.000000 1.000000 0.000000
0.997435 -0.071578 0.000000 37.744496 0.071578 0.997435 0.000000 3.609064 0.000000 0.000000 1.000000 0.000000
0.997436 -0.071558 0.000000 39.685338 0.071558 0.997436 0.000000 3.741553 0.000000 0.000000 1.000000 0.000000
0.997283 -0.073668 0.000000 41.590262 0.073668 0.997283 0.000000 3.872660 0.000000 0.000000 1.000000 0.000000
0.997076 -0.076416 0.000000 43.532987 0.076416 0.997076 0.000000 4.027608 0.000000 0.000000 1.000000 0.000000
0.996739 -0.080688 0.000000 45.486803 0.080688 0.996739 0.000000 4.189007 0.000000 0.000000 1.000000 0.000000
0.996471 -0.083936 0.000000 47.440210 0.083936 0.996471 0.000000 4.348563 0.000000 0.000000 1.000000 0.000000
0.996280 -0.086170 0.000000 49.385494 0.086170 0.996280 0.000000 4.540511 0.000000 0.000000 1.000000 0.000000
0.996002 -0.089336 0.000000 51.323612 0.089336 0.996002 0.000000 4.729330 0.000000 0.000000 1.000000 0.000000
0.995980 -0.089580 0.000000 53.235184 0.089580 0.995980 0.000000 4.916722 0.000000 0.000000 1.000000 0.000000
0.996102 -0.088213 0.000000 55.194087 0.088213 0.996102 0.000000 5.085515 0.000000 0.000000 1.000000 0.000000
0.996298 -0.085962 0.000000 57.192127 0.085962 0.996298 0.000000 5.285468 0.000000 0.000000 1.000000 0.000000
0.996448 -0.084210 0.000000 59.106658 0.084210 0.996448 0.000000 5.460362 0.000000 0.000000 1.000000 0.000000
0.996615 -0.082208 0.000000 61.026742 0.082208 0.996615 0.000000 5.619164 0.000000 0.000000 1.000000 0.000000
0.996766 -0.080357 0.000000 62.896116 0.080357 0.996766 0.000000 5.768942 0.000000 0.000000 1.000000 0.000000
0.996914 -0.078499 0.000000 64.960868 0.078499 0.996914 0.000000 5.880240 0.000000 0.000000 1.000000 0.000000
0.997187 -0.074953 0.000000 66.861146 0.074953 0.997187 0.000000 6.011883 0.000000 0.000000 1.000000 0.000000
0.997423 -0.071751 0.000000 68.867188 0.071751 0.997423 0.000000 6.146933 0.000000 0.000000 1.000000 0.000000
0.997734 -0.067288 0.000000 70.827582 0.067288 0.997734 0.000000 6.274438 0.000000 0.000000 1.000000 0.000000
0.997949 -0.064009 0.000000 72.862289 0.064009 0.997949 0.000000 6.380803 0.000000 0.000000 1.000000 0.000000
0.998126 -0.061196 0.000000 74.920051 0.061196 0.998126 0.000000 6.492448 0.000000 0.000000 1.000000 0.000000
0.998274 -0.058728 0.000000 76.975987 0.058728 0.998274 0.000000 6.609864 0.000000 0.000000 1.000000 0.000000
0.998383 -0.056853 0.000000 79.032843 0.056853 0.998383 0.000000 6.705338 0.000000 0.000000 1.000000 0.000000
0.998373 -0.057024 0.000000 81.043369 0.057024 0.998373 0.000000 6.846255 0.000000 0.000000 1.000000 0.000000
0.998432 -0.055982 0.000000 83.078623 0.055982 0.998432 0.000000 6.961975 0.000000 0.000000 1.000000 0.000000
0.998407 -0.056429 0.000000 85.123079 0.056429 0.998407 0.000000 7.070997 0.000000 0.000000 1.000000 0.000000
0.998230 -0.059477 0.000000 87.129743 0.059477 0.998230 0.000000 7.191881 0.000000 0.000000 1.000000 0.000000
0.997947 -0.064048 0.000000 89.156729 0.064048 0.997947 0.000000 7.307812 0.000000 0.000000 1.000000 0.000000
0.997636 -0.068713 0.000000 91.165092 0.068713 0.997636 0.000000 7.436977 0.000000 0.000000 1.000000 0.000000
0.997370 -0.072481 0.000000 93.115143 0.072481 0.997370 0.000000 7.582420 0.000000 0.000000 1.000000 0.000000
0.996883 -0.078894 0.000000 95.114882 0.078894 0.996883 0.000000 7.750128 0.000000 0.000000 1.000000 0.000000
0.996253 -0.086487 0.000000 97.096867 0.086487 0.996253 0.000000 7.926929 0.000000 0.000000 1.000000 0.000000
0.995728 -0.092340 0.000000 98.984768 0.092340 0.995728 0.000000 8.098750 0.000000 0.000000 1.000000 0.000000
0.995424 -0.095557 0.000000 100.994866 0.095557 0.995424 0.000000 8.299577 0.000000 0.000000 1.000000 0.000000
0.995009 -0.099781 0.000000 102.858168 0.099781 0.995009 0.000000 8.485411 0.000000 0.000000 1.000000 0.000000
0.994425 -0.105445 0.000000 104.777385 0.105445 0.994425 0.000000 8.647782 0.000000 0.000000 1.000000 0.000000
0.993948 -0.109853 0.000000 106.812244 0.109853 0.993948 0.000000 8.862311 0.000000 0.000000 1.000000 0.000000
0.993555 -0.113348 0.000000 108.812171 0.113348 0.993555 0.000000 9.102084 0.000000 0.000000 1.000000 0.000000
0.993253 -0.115965 0.000000 110.846782 0.115965 0.993253 0.000000 9.334546 0.000000 0.000000 1.000000 0.000000
0.992904 -0.118919 0.000000 112.840442 0.118919 0.992904 0.000000 9.591599 0.000000 0.000000 1.000000 0.000000
0.992696 -0.120642 0.000000 114.838319 0.120642 0.992696 0.000000 9.834774 0.000000 0.000000 1.000000 0.000000
0.992421 -0.122888 0.000000 116.860565 0.122888 0.992421 0.000000 10.078315 0.000000 0.000000 1.000000 0.000000
0.992377 -0.123238 0.000000 118.814170 0.123238 0.992377 0.000000 10.332883 0.000000 0.000000 1.000000 0.000000
0.992220 -0.124496 0.000000 120.793323 0.124496 0.992220 0.000000 10.574906 0.000000 0.000000 1.000000 0.000000
0.992233 -0.124393 0.000000 122.705540 0.124393 0.992233 0.000000 10.803361 0.000000 0.000000 1.000000 0.000000
0.992373 -0.123271 0.000000 124.714037 0.123271 0.992373 0.000000 11.048542 0.000000 0.000000 1.000000 0.000000
0.992507 -0.122184 0.000000 126.678825 0.122184 0.992507 0.000000 11.278084 0.000000 0.000000 1.000000 0.000000
0.992676 -0.120809 0.000000 128.705375 0.120809 0.992676 0.000000 11.515926 0.000000 0.000000 1.000000 0.000000
0.992919 -0.118789 0.000000 130.691155 0.118789 0.992919 0.000000 11.753540 0.000000 0.000000 1.000000 0.000000
0.993257 -0.115932 0.000000 132.764405 0.115932 0.993257 0.000000 11.971773 0.000000 0.000000 1.000000 0.000000
0.993385 -0.114827 0.000000 134.905236 0.114827 0.993385 0.000000 12.223656 0.000000 0.000000 1.000000 0.000000
0.993348 -0.115151 0.000000 137.045620 0.115151 0.993348 0.000000 12.473866 0.000000 0.000000 1.000000 0.000000
0.993162 -0.116746 0.000000 139.187917 0.116746 0.993162 0.000000 12.724161 0.000000 0.000000 1.000000 0.000000
0.992866 -0.119238 0.000000 141.288687 0.119238 0.992866 0.000000 12.995407 0.000000 0.000000 1.000000 0.000000
0.992668 -0.120875 0.000000 143.406457 0.120875 0.992668 0.000000 13.250354 0.000000 0.000000 1.000000 0.000000
0.992821 -0.119612 0.000000 145.467171 0.119612 0.992821 0.000000 13.528423 0.000000 0.000000 1.000000 0.000000
0.992955 -0.118495 0.000000 147.573618 0.118495 0.992955 0.000000 13.781501 0.000000 0.000000 1.000000 0.000000
0.992957 -0.118475 0.000000 149.653131 0.118475 0.992957 0.000000 14.015969 0.000000 0.000000 1.000000 0.000000
0.992840 -0.119455 0.000000 151.732609 0.119455 0.992840 0.000000 14.277853 0.000000 0.000000 1.000000 0.000000
0.992543 -0.121896 0.000000 153.835822 0.121896 0.992543 0.000000 14.546785 0.000000 0.000000 1.000000 0.000000
0.992321 -0.123692 0.000000 155.897586 0.123692 0.992321 0.000000 14.809036 0.000000 0.000000 1.000000 0.000000
0.992136 -0.125161 0.000000 158.034036 0.125161 0.992136 0.000000 15.100197 0.000000 0.000000 1.000000 0.000000
0.991800 -0.127800 0.000000 160.272586 0.127800 0.991800 0.000000 15.423759 0.000000 0.000000 1.000000 0.000000
0.991441 -0.130557 0.000000 162.424742 0.130557 0.991441 0.000000 15.720112 0.000000 0.000000 1.000000 0.000000
0.991281 -0.131765 0.000000 164.668117 0.131765 0.991281 0.000000 16.006848 0.000000 0.000000 1.000000 0.000000
0.991203 -0.132354 0.000000 166.838455 0.132354 0.991203 0.000000 16.330068 0.000000 0.000000 1.000000 0.000000
0.991078 -0.133286 0.000000 169.050746 0.133286 0.991078 0.000000 16.615857 0.000000 0.000000 1.000000 0.000000
0.990839 -0.135050 0.000000 171.273115 0.135050 0.990839 0.000000 16.938354 0.000000 0.000000 1.000000 0.000000
