1.000000 -0.000015 0.000000 0.000400 0.000015 1.000000 0.000000 0.000693 0.000000 0.000000 1.000000 0.000000
1.000000 -0.000034 0.000000 -0.000135 0.000034 1.000000 0.000000 0.001127 0.000000 0.000000 1.000000 0.000000
1.000000 -0.000042 0.000000 0.000145 0.000042 1.000000 0.000000 0.001888 0.000000 0.000000 1.000000 0.000000
1.000000 -0.000064 0.000000 -0.000016 0.000064 1.000000 0.000000 0.003192 0.000000 0.000000 1.000000 0.000000
1.000000 -0.000085 0.000000 -0.000992 0.000085 1.000000 0.000000 0.003210 0.000000 0.000000 1.000000 0.000000
1.000000 -0.000091 0.000000 -0.001283 0.000091 1.000000 0.000000 0.005098 0.000000 0.000000 1.000000 0.000000
1.000000 -0.000113 0.000000 -0.001350 0.000113 1.000000 0.000000 0.005531 0.000000 0.000000 1.000000 0.000000
1.000000 -0.000123 0.000000 -0.002915 0.000123 1.000000 0.000000 0.005890 0.000000 0.000000 1.000000 0.000000
1.000000 -0.000108 0.000000 -0.002694 0.000108 1.000000 0.000000 0.006945 0.000000 0.000000 1.000000 0.000000
1.000000 -0.000095 0.000000 -0.002249 0.000095 1.000000 0.000000 0.007279 0.000000 0.000000 1.000000 0.000000
1.000000 -0.000105 0.000000 -0.001903 0.000105 1.000000 0.000000 0.007901 0.000000 0.000000 1.000000 0.000000
1.000000 -0.000174 0.000000 -0.002197 0.000174 1.000000 0.000000 0.008146 0.000000 0.000000 1.000000 0.000000
1.000000 -0.000185 0.000000 -0.002378 0.000185 1.000000 0.000000 0.008723 0.000000 0.000000 1.000000 0.000000
1.000000 -0.000209 0.000000 -0.002316 0.000209 1.000000 0.000000 0.009422 0.000000 0.000000 1.000000 0.000000
1.000000 -0.000435 0.000000 -0.002973 0.000435 1.000000 0.000000 0.005645 0.000000 0.000000 1.000000 0.000000
1.000000 -0.000453 0.000000 -0.003249 0.000453 1.000000 0.000000 0.006325 0.000000 0.000000 1.000000 0.000000
1.000000 -0.000597 0.000000 -0.004088 0.000597 1.000000 0.000000 0.003958 0.000000 0.000000 1.000000 0.000000
1.000000 -0.000756 0.000000 -0.003689 0.000756 1.000000 0.000000 0.001236 0.000000 0.000000 1.000000 0.000000
1.000000 -0.000798 0.000000 -0.003615 0.000798 1.000000 0.000000 0.001667 0.000000 0.000000 1.000000 0.000000
1.000000 -0.000921 0.000000 -0.003426 0.000921 1.000000 0.000000 0.003202 0.000000 0.000000 1.000000 0.000000
1.000000 -0.000972 0.000000 -0.002678 0.000972 1.000000 0.000000 0.003964 0.000000 0.000000 1.000000 0.000000
1.000000 -0.000986 0.000000 -0.002194 0.000986 1.000000 0.000000 0.005049 0.000000 0.000000 1.000000 0.000000
1.000000 -0.000985 0.000000 -0.001552 0.000985 1.000000 0.000000 0.005685 0.000000 0.000000 1.000000 0.000000
0.999999 -0.001010 0.000000 -0.001671 0.001010 0.999999 0.000000 0.006218 0.000000 0.000000 1.000000 0.000000
0.999999 -0.001010 0.000000 -0.000797 0.001010 0.999999 0.000000 0.007007 0.000000 0.000000 1.000000 0.000000
1.000000 -0.000996 0.000000 0.000087 0.000996 1.000000 0.000000 0.007561 0.000000 0.000000 1.000000 0.000000
1.000000 -0.000985 0.000000 0.001157 0.000985 1.000000 0.000000 0.007897 0.000000 0.000000 1.000000 0.000000
1.000000 -0.000993 0.000000 0.002305 0.000993 1.000000 0.000000 0.008486 0.000000 0.000000 1.000000 0.000000
1.000000 -0.000994 0.000000 0.003739 0.000994 1.000000 0.000000 0.008834 0.000000 0.000000 1.000000 0.000000
0.999999 -0.001003 0.000000 0.004971 0.001003 0.999999 0.000000 0.009755 0.000000 0.000000 1.000000 0.000000
0.999999 -0.001019 0.000000 0.005118 0.001019 0.999999 0.000000 0.010350 0.000000 0.000000 1.000000 0.000000
0.999999 -0.001013 0.000000 0.007654 0.001013 0.999999 0.000000 0.007711 0.000000 0.000000 1.000000 0.000000
0.999999 -0.001000 0.000000 0.008962 0.001000 0.999999 0.000000 0.007976 0.000000 0.000000 1.000000 0.000000
0.999999 -0.001011 0.000000 0.009547 0.001011 0.999999 0.000000 0.008953 0.000000 0.000000 1.000000 0.000000
0.999999 -0.001028 0.000000 0.009944 0.001028 0.999999 0.000000 0.009994 0.000000 0.000000 1.000000 0.000000
0.999999 -0.001060 0.000000 0.010835 0.001060 0.999999 0.000000 0.011244 0.000000 0.000000 1.000000 0.000000
0.999999 -0.001027 0.000000 0.012143 0.001027 0.999999 0.000000 0.012108 0.000000 0.000000 1.000000 0.000000
0.999999 -0.001031 0.000000 0.013409 0.001031 0.999999 0.000000 0.013183 0.000000 0.000000 1.000000 0.000000
0.999999 -0.001053 0.000000 0.014507 0.001053 0.999999 0.000000 0.014137 0.000000 0.000000 1.000000 0.000000
0.999999 -0.001049 0.000000 0.015499 0.001049 0.999999 0.000000 0.014702 0.000000 0.000000 1.000000 0.000000
0.999999 -0.001071 0.000000 0.016630 0.001071 0.999999 0.000000 0.015905 0.000000 0.000000 1.000000 0.000000
0.999999 -0.001079 0.000000 0.017504 0.001079 0.999999 0.000000 0.016673 0.000000 0.000000 1.000000 0.000000
0.999999 -0.001058 0.000000 0.018631 0.001058 0.999999 0.000000 0.017809 0.000000 0.000000 1.000000 0.000000
0.999999 -0.001069 0.000000 0.019563 0.001069 0.999999 0.000000 0.018754 0.000000 0.000000 1.000000 0.000000
0.999999 -0.001088 0.000000 0.020452 0.001088 0.999999 0.000000 0.019785 0.000000 0.000000 1.000000 0.000000
0.999999 -0.001106 0.000000 0.021293 0.001106 0.999999 0.000000 0.020877 0.000000 0.000000 1.000000 0.000000
0.999999 -0.001096 0.000000 0.022069 0.001096 0.999999 0.000000 0.021621 0.000000 0.000000 1.000000 0.000000
0.999999 -0.001119 0.000000 0.022713 0.001119 0.999999 0.000000 0.022731 0.000000 0.000000 1.000000 0.000000
0.999999 -0.001122 0.000000 0.023855 0.001122 0.999999 0.000000 0.023585 0.000000 0.000000 1.000000 0.000000
0.999999 -0.001110 0.000000 0.024702 0.001110 0.999999 0.000000 0.024530 0.000000 0.000000 1.000000 0.000000
0.999999 -0.001116 0.000000 0.025769 0.001116 0.999999 0.000000 0.025450 0.000000 0.000000 1.000000 0.000000
0.999999 -0.001127 0.000000 0.026625 0.001127 0.999999 0.000000 0.026115 0.000000 0.000000 1.000000 0.000000
0.999999 -0.001139 0.000000 0.027585 0.001139 0.999999 0.000000 0.026990 0.000000 0.000000 1.000000 0.000000
0.999999 -0.001143 0.000000 0.028330 0.001143 0.999999 0.000000 0.027754 0.000000 0.000000 1.000000 0.000000
0.999999 -0.001143 0.000000 0.029354 0.001143 0.999999 0.000000 0.028664 0.000000 0.000000 1.000000 0.000000
0.999999 -0.001150 0.000000 0.030261 0.001150 0.999999 0.000000 0.029561 0.000000 0.000000 1.000000 0.000000
0.999999 -0.001155 0.000000 0.031050 0.001155 0.999999 0.000000 0.030537 0.000000 0.000000 1.000000 0.000000
0.999999 -0.001158 0.000000 0.031826 0.001158 0.999999 0.000000 0.031519 0.000000 0.000000 1.000000 0.000000
0.999999 -0.001174 0.000000 0.032580 0.001174 0.999999 0.000000 0.032347 0.000000 0.000000 1.000000 0.000000
0.999999 -0.001188 0.000000 0.033093 0.001188 0.999999 0.000000 0.033124 0.000000 0.000000 1.000000 0.000000
0.999999 -0.001180 0.000000 0.033929 0.001180 0.999999 0.000000 0.034128 0.000000 0.000000 1.000000 0.000000
0.999999 -0.001184 0.000000 0.034656 0.001184 0.999999 0.000000 0.035112 0.000000 0.000000 1.000000 0.000000
0.999999 -0.001193 0.000000 0.035371 0.001193 0.999999 0.000000 0.035838 0.000000 0.000000 1.000000 0.000000
0.999999 -0.001202 0.000000 0.036323 0.001202 0.999999 0.000000 0.036722 0.000000 0.000000 1.000000 0.000000
0.999999 -0.001205 0.000000 0.037158 0.001205 0.999999 0.000000 0.037377 0.000000 0.000000 1.000000 0.000000
0.999999 -0.001209 0.000000 0.037916 0.001209 0.999999 0.000000 0.038110 0.000000 0.000000 1.000000 0.000000
0.999999 -0.001221 0.000000 0.038517 0.001221 0.999999 0.000000 0.038825 0.000000 0.000000 1.000000 0.000000
0.999999 -0.001227 0.000000 0.039488 0.001227 0.999999 0.000000 0.039313 0.000000 0.000000 1.000000 0.000000
0.999999 -0.001225 0.000000 0.040279 0.001225 0.999999 0.000000 0.040131 0.000000 0.000000 1.000000 0.000000
0.999999 -0.001247 0.000000 0.040916 0.001247 0.999999 0.000000 0.041019 0.000000 0.000000 1.000000 0.000000
0.999999 -0.001268 0.000000 0.041467 0.001268 0.999999 0.000000 0.041735 0.000000 0.000000 1.000000 0.000000
0.999999 -0.001257 0.000000 0.042116 0.001257 0.999999 0.000000 0.042398 0.000000 0.000000 1.000000 0.000000
0.999999 -0.001261 0.000000 0.042998 0.001261 0.999999 0.000000 0.043048 0.000000 0.000000 1.000000 0.000000
0.999999 -0.001273 0.000000 0.042740 0.001273 0.999999 0.000000 0.043867 0.000000 0.000000 1.000000 0.000000
0.999999 -0.001271 0.000000 0.043394 0.001271 0.999999 0.000000 0.044943 0.000000 0.000000 1.000000 0.000000
0.999999 -0.001255 0.000000 0.042668 0.001255 0.999999 0.000000 0.046547 0.000000 0.000000 1.000000 0.000000
0.999999 -0.001267 0.000000 0.043883 0.001267 0.999999 0.000000 0.047861 0.000000 0.000000 1.000000 0.000000
0.999999 -0.001296 0.000000 0.044854 0.001296 0.999999 0.000000 0.048719 0.000000 0.000000 1.000000 0.000000
0.999999 -0.001283 0.000000 0.046034 0.001283 0.999999 0.000000 0.049061 0.000000 0.000000 1.000000 0.000000
0.999999 -0.001329 0.000000 0.046589 0.001329 0.999999 0.000000 0.050517 0.000000 0.000000 1.000000 0.000000
0.999999 -0.001323 0.000000 0.047591 0.001323 0.999999 0.000000 0.051220 0.000000 0.000000 1.000000 0.000000
0.999999 -0.001326 0.000000 0.048396 0.001326 0.999999 0.000000 0.052248 0.000000 0.000000 1.000000 0.000000
0.999999 -0.001314 0.000000 0.049224 0.001314 0.999999 0.000000 0.053266 0.000000 0.000000 1.000000 0.000000
0.999999 -0.001321 0.000000 0.050124 0.001321 0.999999 0.000000 0.053977 0.000000 0.000000 1.000000 0.000000
0.999999 -0.001327 0.000000 0.050863 0.001327 0.999999 0.000000 0.054811 0.000000 0.000000 1.000000 0.000000
0.999999 -0.001325 0.000000 0.051608 0.001325 0.999999 0.000000 0.055641 0.000000 0.000000 1.000000 0.000000
0.999999 -0.001347 0.000000 0.052500 0.001347 0.999999 0.000000 0.056476 0.000000 0.000000 1.000000 0.000000
0.999999 -0.001357 0.000000 0.053565 0.001357 0.999999 0.000000 0.057266 0.000000 0.000000 1.000000 0.000000
0.999999 -0.001346 0.000000 0.054441 0.001346 0.999999 0.000000 0.057682 0.000000 0.000000 1.000000 0.000000
0.999999 -0.001366 0.000000 0.055813 0.001366 0.999999 0.000000 0.058979 0.000000 0.000000 1.000000 0.000000
0.999999 -0.001380 0.000000 0.056626 0.001380 0.999999 0.000000 0.059874 0.000000 0.000000 1.000000 0.000000
0.999999 -0.001367 0.000000 0.057608 0.001367 0.999999 0.000000 0.060960 0.000000 0.000000 1.000000 0.000000
0.999999 -0.001374 0.000000 0.058518 0.001374 0.999999 0.000000 0.061537 0.000000 0.000000 1.000000 0.000000
0.999999 -0.001395 0.000000 0.059227 0.001395 0.999999 0.000000 0.062817 0.000000 0.000000 1.000000 0.000000
0.999999 -0.001399 0.000000 0.059907 0.001399 0.999999 0.000000 0.063788 0.000000 0.000000 1.000000 0.000000
0.999999 -0.001396 0.000000 0.060542 0.001396 0.999999 0.000000 0.064643 0.000000 0.000000 1.000000 0.000000
0.999999 -0.001401 0.000000 0.061282 0.001401 0.999999 0.000000 0.065248 0.000000 0.000000 1.000000 0.000000
0.999999 -0.001397 0.000000 0.061848 0.001397 0.999999 0.000000 0.066463 0.000000 0.000000 1.000000 0.000000
0.999999 -0.001411 0.000000 0.062499 0.001411 0.999999 0.000000 0.067299 0.000000 0.000000 1.000000 0.000000
0.999999 -0.001419 0.000000 0.063170 0.001419 0.999999 0.000000 0.068300 0.000000 0.000000 1.000000 0.000000
0.999999 -0.001421 0.000000 0.063883 0.001421 0.999999 0.000000 0.069164 0.000000 0.000000 1.000000 0.000000
0.999999 -0.001422 0.000000 0.064245 0.001422 0.999999 0.000000 0.070069 0.000000 0.000000 1.000000 0.000000
0.999999 -0.001427 0.000000 0.064820 0.001427 0.999999 0.000000 0.070889 0.000000 0.000000 1.000000 0.000000
0.999999 -0.001435 0.000000 0.065685 0.001435 0.999999 0.000000 0.071407 0.000000 0.000000 1.000000 0.000000
0.999999 -0.001434 0.000000 0.066418 0.001434 0.999999 0.000000 0.072433 0.000000 0.000000 1.000000 0.000000
0.999999 -0.001436 0.000000 0.066914 0.001436 0.999999 0.000000 0.073299 0.000000 0.000000 1.000000 0.000000
0.999999 -0.001436 0.000000 0.067778 0.001436 0.999999 0.000000 0.074054 0.000000 0.000000 1.000000 0.000000
0.999999 -0.001457 0.000000 0.068681 0.001457 0.999999 0.000000 0.074983 0.000000 0.000000 1.000000 0.000000
0.999999 -0.001430 0.000000 0.069526 0.001430 0.999999 0.000000 0.076029 0.000000 0.000000 1.000000 0.000000
0.999999 -0.001427 0.000000 0.070164 0.001427 0.999999 0.000000 0.076991 0.000000 0.000000 1.000000 0.000000
0.999999 -0.001423 0.000000 0.071011 0.001423 0.999999 0.000000 0.078236 0.000000 0.000000 1.000000 0.000000
0.999999 -0.001434 0.000000 0.071794 0.001434 0.999999 0.000000 0.079192 0.000000 0.000000 1.000000 0.000000
0.999999 -0.001423 0.000000 0.072633 0.001423 0.999999 0.000000 0.080010 0.000000 0.000000 1.000000 0.000000
0.999999 -0.001444 0.000000 0.073786 0.001444 0.999999 0.000000 0.081271 0.000000 0.000000 1.000000 0.000000
0.999999 -0.001461 0.000000 0.074985 0.001461 0.999999 0.000000 0.081928 0.000000 0.000000 1.000000 0.000000
0.999999 -0.001450 0.000000 0.075781 0.001450 0.999999 0.000000 0.083022 0.000000 0.000000 1.000000 0.000000
0.999999 -0.001464 0.000000 0.076762 0.001464 0.999999 0.000000 0.084165 0.000000 0.000000 1.000000 0.000000
0.999999 -0.001481 0.000000 0.077603 0.001481 0.999999 0.000000 0.085569 0.000000 0.000000 1.000000 0.000000
0.999999 -0.001492 0.000000 0.078683 0.001492 0.999999 0.000000 0.086164 0.000000 0.000000 1.000000 0.000000
0.999999 -0.001503 0.000000 0.079758 0.001503 0.999999 0.000000 0.087284 0.000000 0.000000 1.000000 0.000000
0.999999 -0.001501 0.000000 0.080486 0.001501 0.999999 0.000000 0.088092 0.000000 0.000000 1.000000 0.000000
0.999999 -0.001492 0.000000 0.081487 0.001492 0.999999 0.000000 0.089039 0.000000 0.000000 1.000000 0.000000
0.999999 -0.001507 0.000000 0.082367 0.001507 0.999999 0.000000 0.089987 0.000000 0.000000 1.000000 0.000000
0.999999 -0.001493 0.000000 0.083075 0.001493 0.999999 0.000000 0.090162 0.000000 0.000000 1.000000 0.000000
0.999999 -0.001514 0.000000 0.083787 0.001514 0.999999 0.000000 0.091350 0.000000 0.000000 1.000000 0.000000
0.999999 -0.001528 0.000000 0.084447 0.001528 0.999999 0.000000 0.091949 0.000000 0.000000 1.000000 0.000000
0.999999 -0.001521 0.000000 0.085367 0.001521 0.999999 0.000000 0.092670 0.000000 0.000000 1.000000 0.000000
0.999999 -0.001560 0.000000 0.084321 0.001560 0.999999 0.000000 0.092624 0.000000 0.000000 1.000000 0.000000
0.999999 -0.001544 0.000000 0.084799 0.001544 0.999999 0.000000 0.093281 0.000000 0.000000 1.000000 0.000000
0.999999 -0.001541 0.000000 0.085714 0.001541 0.999999 0.000000 0.093679 0.000000 0.000000 1.000000 0.000000
0.999999 -0.001566 0.000000 0.086312 0.001566 0.999999 0.000000 0.094513 0.000000 0.000000 1.000000 0.000000
0.999999 -0.001572 0.000000 0.086907 0.001572 0.999999 0.000000 0.094967 0.000000 0.000000 1.000000 0.000000
0.999999 -0.001607 0.000000 0.088086 0.001607 0.999999 0.000000 0.095545 0.000000 0.000000 1.000000 0.000000
0.999999 -0.001639 0.000000 0.088762 0.001639 0.999999 0.000000 0.096187 0.000000 0.000000 1.000000 0.000000
0.999999 -0.001667 0.000000 0.089913 0.001667 0.999999 0.000000 0.096258 0.000000 0.000000 1.000000 0.000000
0.999999 -0.001684 0.000000 0.090911 0.001684 0.999999 0.000000 0.095666 0.000000 0.000000 1.000000 0.000000
0.999998 -0.001749 0.000000 0.091629 0.001749 0.999998 0.000000 0.095987 0.000000 0.000000 1.000000 0.000000
0.999998 -0.001786 0.000000 0.091962 0.001786 0.999998 0.000000 0.096356 0.000000 0.000000 1.000000 0.000000
0.999999 -0.001638 0.000000 0.094553 0.001638 0.999999 0.000000 0.098240 0.000000 0.000000 1.000000 0.000000
0.999999 -0.001620 0.000000 0.093978 0.001620 0.999999 0.000000 0.098852 0.000000 0.000000 1.000000 0.000000
0.999999 -0.001628 0.000000 0.098993 0.001628 0.999999 0.000000 0.101532 0.000000 0.000000 1.000000 0.000000
0.999999 -0.001550 0.000000 0.082764 0.001550 0.999999 0.000000 0.095068 0.000000 0.000000 1.000000 0.000000
0.999999 -0.001475 0.000000 0.082091 0.001475 0.999999 0.000000 0.096064 0.000000 0.000000 1.000000 0.000000
0.999999 -0.001580 0.000000 0.069349 0.001580 0.999999 0.000000 0.092604 0.000000 0.000000 1.000000 0.000000
0.999999 -0.001515 0.000000 0.069210 0.001515 0.999999 0.000000 0.090015 0.000000 0.000000 1.000000 0.000000
0.999999 -0.001525 0.000000 0.069468 0.001525 0.999999 0.000000 0.090508 0.000000 0.000000 1.000000 0.000000
0.999999 -0.001521 0.000000 0.069744 0.001521 0.999999 0.000000 0.090761 0.000000 0.000000 1.000000 0.000000
0.999999 -0.001569 0.000000 0.071280 0.001569 0.999999 0.000000 0.091534 0.000000 0.000000 1.000000 0.000000
0.999999 -0.001603 0.000000 0.072120 0.001603 0.999999 0.000000 0.093009 0.000000 0.000000 1.000000 0.000000
0.999998 -0.001801 0.000000 0.072612 0.001801 0.999998 0.000000 0.096754 0.000000 0.000000 1.000000 0.000000
0.999998 -0.001836 0.000000 0.073251 0.001836 0.999998 0.000000 0.097893 0.000000 0.000000 1.000000 0.000000
0.999998 -0.001858 0.000000 0.073900 0.001858 0.999998 0.000000 0.098863 0.000000 0.000000 1.000000 0.000000
0.999998 -0.001886 0.000000 0.074435 0.001886 0.999998 0.000000 0.100250 0.000000 0.000000 1.000000 0.000000
0.999998 -0.001880 0.000000 0.075140 0.001880 0.999998 0.000000 0.101436 0.000000 0.000000 1.000000 0.000000
0.999998 -0.001932 0.000000 0.075295 0.001932 0.999998 0.000000 0.102187 0.000000 0.000000 1.000000 0.000000
0.999998 -0.001966 0.000000 0.074970 0.001966 0.999998 0.000000 0.102959 0.000000 0.000000 1.000000 0.000000
0.999998 -0.001962 0.000000 0.075270 0.001962 0.999998 0.000000 0.104342 0.000000 0.000000 1.000000 0.000000
0.999998 -0.001996 0.000000 0.075659 0.001996 0.999998 0.000000 0.105111 0.000000 0.000000 1.000000 0.000000
0.999998 -0.002009 0.000000 0.077689 0.002009 0.999998 0.000000 0.106545 0.000000 0.000000 1.000000 0.000000
0.999998 -0.002040 0.000000 0.078405 0.002040 0.999998 0.000000 0.108131 0.000000 0.000000 1.000000 0.000000
0.999998 -0.002072 0.000000 0.079205 0.002072 0.999998 0.000000 0.108983 0.000000 0.000000 1.000000 0.000000
0.999998 -0.002063 0.000000 0.080070 0.002063 0.999998 0.000000 0.109368 0.000000 0.000000 1.000000 0.000000
0.999998 -0.002068 0.000000 0.080486 0.002068 0.999998 0.000000 0.110229 0.000000 0.000000 1.000000 0.000000
0.999998 -0.002100 0.000000 0.081229 0.002100 0.999998 0.000000 0.111476 0.000000 0.000000 1.000000 0.000000
0.999998 -0.002116 0.000000 0.082192 0.002116 0.999998 0.000000 0.112514 0.000000 0.000000 1.000000 0.000000
0.999998 -0.002113 0.000000 0.083122 0.002113 0.999998 0.000000 0.113180 0.000000 0.000000 1.000000 0.000000
0.999998 -0.002119 0.000000 0.083602 0.002119 0.999998 0.000000 0.114515 0.000000 0.000000 1.000000 0.000000
0.999998 -0.002130 0.000000 0.084435 0.002130 0.999998 0.000000 0.115517 0.000000 0.000000 1.000000 0.000000
0.999998 -0.002143 0.000000 0.085292 0.002143 0.999998 0.000000 0.116371 0.000000 0.000000 1.000000 0.000000
0.999998 -0.002133 0.000000 0.086323 0.002133 0.999998 0.000000 0.117086 0.000000 0.000000 1.000000 0.000000
0.999998 -0.002148 0.000000 0.086790 0.002148 0.999998 0.000000 0.118215 0.000000 0.000000 1.000000 0.000000
0.999998 -0.002154 0.000000 0.087419 0.002154 0.999998 0.000000 0.118791 0.000000 0.000000 1.000000 0.000000
0.999998 -0.002153 0.000000 0.088232 0.002153 0.999998 0.000000 0.119679 0.000000 0.000000 1.000000 0.000000
0.999998 -0.002157 0.000000 0.088580 0.002157 0.999998 0.000000 0.120467 0.000000 0.000000 1.000000 0.000000
0.999998 -0.002160 0.000000 0.088903 0.002160 0.999998 0.000000 0.121282 0.000000 0.000000 1.000000 0.000000
0.999998 -0.002165 0.000000 0.087881 0.002165 0.999998 0.000000 0.121461 0.000000 0.000000 1.000000 0.000000
0.999998 -0.002178 0.000000 0.088458 0.002178 0.999998 0.000000 0.122202 0.000000 0.000000 1.000000 0.000000
0.999998 -0.002182 0.000000 0.089172 0.002182 0.999998 0.000000 0.122948 0.000000 0.000000 1.000000 0.000000
0.999998 -0.002184 0.000000 0.089361 0.002184 0.999998 0.000000 0.123880 0.000000 0.000000 1.000000 0.000000
0.999998 -0.002180 0.000000 0.089977 0.002180 0.999998 0.000000 0.124741 0.000000 0.000000 1.000000 0.000000
0.999998 -0.002195 0.000000 0.090549 0.002195 0.999998 0.000000 0.125493 0.000000 0.000000 1.000000 0.000000
0.999998 -0.002202 0.000000 0.090890 0.002202 0.999998 0.000000 0.126305 0.000000 0.000000 1.000000 0.000000
0.999998 -0.002210 0.000000 0.091456 0.002210 0.999998 0.000000 0.127029 0.000000 0.000000 1.000000 0.000000
0.999998 -0.002231 0.000000 0.092034 0.002231 0.999998 0.000000 0.127986 0.000000 0.000000 1.000000 0.000000
0.999997 -0.002243 0.000000 0.092429 0.002243 0.999997 0.000000 0.129020 0.000000 0.000000 1.000000 0.000000
0.999997 -0.002245 0.000000 0.092955 0.002245 0.999997 0.000000 0.129924 0.000000 0.000000 1.000000 0.000000
0.999997 -0.002255 0.000000 0.093091 0.002255 0.999997 0.000000 0.130718 0.000000 0.000000 1.000000 0.000000
0.999997 -0.002255 0.000000 0.093159 0.002255 0.999997 0.000000 0.131284 0.000000 0.000000 1.000000 0.000000
0.999997 -0.002252 0.000000 0.092405 0.002252 0.999997 0.000000 0.131908 0.000000 0.000000 1.000000 0.000000
0.999997 -0.002236 0.000000 0.090454 0.002236 0.999997 0.000000 0.132816 0.000000 0.000000 1.000000 0.000000
0.999998 -0.002166 0.000000 0.081882 0.002166 0.999998 0.000000 0.134451 0.000000 0.000000 1.000000 0.000000
0.999998 -0.002127 0.000000 0.079146 0.002127 0.999998 0.000000 0.137033 0.000000 0.000000 1.000000 0.000000
0.999998 -0.002081 0.000000 0.076629 0.002081 0.999998 0.000000 0.140701 0.000000 0.000000 1.000000 0.000000
0.999998 -0.002072 0.000000 0.077295 0.002072 0.999998 0.000000 0.142018 0.000000 0.000000 1.000000 0.000000
0.999998 -0.001913 0.000000 0.074048 0.001913 0.999998 0.000000 0.152294 0.000000 0.000000 1.000000 0.000000
0.999998 -0.001799 0.000000 0.071169 0.001799 0.999998 0.000000 0.158816 0.000000 0.000000 1.000000 0.000000
0.999999 -0.001704 0.000000 0.067680 0.001704 0.999999 0.000000 0.164147 0.000000 0.000000 1.000000 0.000000
0.999999 -0.001653 0.000000 0.069235 0.001653 0.999999 0.000000 0.168454 0.000000 0.000000 1.000000 0.000000
0.999999 -0.001653 0.000000 0.068798 0.001653 0.999999 0.000000 0.167973 0.000000 0.000000 1.000000 0.000000
0.999999 -0.001618 0.000000 0.067946 0.001618 0.999999 0.000000 0.169059 0.000000 0.000000 1.000000 0.000000
0.999999 -0.001575 0.000000 0.068680 0.001575 0.999999 0.000000 0.170787 0.000000 0.000000 1.000000 0.000000
0.999999 -0.001549 0.000000 0.069724 0.001549 0.999999 0.000000 0.173444 0.000000 0.000000 1.000000 0.000000
0.999999 -0.001525 0.000000 0.069640 0.001525 0.999999 0.000000 0.176387 0.000000 0.000000 1.000000 0.000000
0.999999 -0.001484 0.000000 0.069724 0.001484 0.999999 0.000000 0.178576 0.000000 0.000000 1.000000 0.000000
0.999999 -0.001423 0.000000 0.070187 0.001423 0.999999 0.000000 0.182837 0.000000 0.000000 1.000000 0.000000
0.999999 -0.001386 0.000000 0.070120 0.001386 0.999999 0.000000 0.186550 0.000000 0.000000 1.000000 0.000000
0.999999 -0.001344 0.000000 0.070337 0.001344 0.999999 0.000000 0.190419 0.000000 0.000000 1.000000 0.000000
0.999999 -0.001396 0.000000 0.070476 0.001396 0.999999 0.000000 0.191159 0.000000 0.000000 1.000000 0.000000
0.999999 -0.001435 0.000000 0.069880 0.001435 0.999999 0.000000 0.192269 0.000000 0.000000 1.000000 0.000000
0.999999 -0.001489 0.000000 0.067899 0.001489 0.999999 0.000000 0.195089 0.000000 0.000000 1.000000 0.000000
0.999999 -0.001600 0.000000 0.068358 0.001600 0.999999 0.000000 0.195794 0.000000 0.000000 1.000000 0.000000
0.999999 -0.001697 0.000000 0.068268 0.001697 0.999999 0.000000 0.195185 0.000000 0.000000 1.000000 0.000000
0.999998 -0.001746 0.000000 0.061925 0.001746 0.999998 0.000000 0.196916 0.000000 0.000000 1.000000 0.000000
0.999998 -0.001751 0.000000 0.060708 0.001751 0.999998 0.000000 0.198608 0.000000 0.000000 1.000000 0.000000
0.999998 -0.001847 0.000000 0.053769 0.001847 0.999998 0.000000 0.198403 0.000000 0.000000 1.000000 0.000000
0.999998 -0.001997 0.000000 0.046569 0.001997 0.999998 0.000000 0.196775 0.000000 0.000000 1.000000 0.000000
0.999998 -0.002051 0.000000 0.045966 0.002051 0.999998 0.000000 0.198433 0.000000 0.000000 1.000000 0.000000
0.999998 -0.002128 0.000000 0.044701 0.002128 0.999998 0.000000 0.198101 0.000000 0.000000 1.000000 0.000000
0.999998 -0.002176 0.000000 0.044451 0.002176 0.999998 0.000000 0.198465 0.000000 0.000000 1.000000 0.000000
0.999997 -0.002273 0.000000 0.039341 0.002273 0.999997 0.000000 0.197236 0.000000 0.000000 1.000000 0.000000
0.999997 -0.002304 0.000000 0.039072 0.002304 0.999997 0.000000 0.197456 0.000000 0.000000 1.000000 0.000000
0.999997 -0.002334 0.000000 0.039750 0.002334 0.999997 0.000000 0.197463 0.000000 0.000000 1.000000 0.000000
0.999997 -0.002393 0.000000 0.037218 0.002393 0.999997 0.000000 0.197066 0.000000 0.000000 1.000000 0.000000
0.999997 -0.002430 0.000000 0.036719 0.002430 0.999997 0.000000 0.197002 0.000000 0.000000 1.000000 0.000000
0.999997 -0.002495 0.000000 0.035137 0.002495 0.999997 0.000000 0.196874 0.000000 0.000000 1.000000 0.000000
0.999997 -0.002549 0.000000 0.033968 0.002549 0.999997 0.000000 0.196748 0.000000 0.000000 1.000000 0.000000
0.999997 -0.002589 0.000000 0.033536 0.002589 0.999997 0.000000 0.196719 0.000000 0.000000 1.000000 0.000000
0.999997 -0.002639 0.000000 0.033012 0.002639 0.999997 0.000000 0.196480 0.000000 0.000000 1.000000 0.000000
0.999996 -0.002825 0.000000 0.031542 0.002825 0.999996 0.000000 0.194575 0.000000 0.000000 1.000000 0.000000
0.999996 -0.002910 0.000000 0.027152 0.002910 0.999996 0.000000 0.192002 0.000000 0.000000 1.000000 0.000000
0.999995 -0.003039 0.000000 0.018496 0.003039 0.999995 0.000000 0.187792 0.000000 0.000000 1.000000 0.000000
0.999995 -0.003186 0.000000 0.012611 0.003186 0.999995 0.000000 0.183321 0.000000 0.000000 1.000000 0.000000
0.999995 -0.003215 0.000000 0.011696 0.003215 0.999995 0.000000 0.183572 0.000000 0.000000 1.000000 0.000000
0.999980 -0.006336 0.000000 -0.168297 0.006336 0.999980 0.000000 0.072611 0.000000 0.000000 1.000000 0.000000
0.999980 -0.006325 0.000000 -0.174210 0.006325 0.999980 0.000000 0.071282 0.000000 0.000000 1.000000 0.000000
0.999981 -0.006241 0.000000 -0.190175 0.006241 0.999981 0.000000 0.076448 0.000000 0.000000 1.000000 0.000000
0.999979 -0.006426 0.000000 -0.201371 0.006426 0.999979 0.000000 0.090037 0.000000 0.000000 1.000000 0.000000
0.999977 -0.006745 0.000000 -0.207593 0.006745 0.999977 0.000000 0.100026 0.000000 0.000000 1.000000 0.000000
0.999976 -0.006884 0.000000 -0.208997 0.006884 0.999976 0.000000 0.104179 0.000000 0.000000 1.000000 0.000000
0.999976 -0.006872 0.000000 -0.208199 0.006872 0.999976 0.000000 0.104646 0.000000 0.000000 1.000000 0.000000
0.999976 -0.006873 0.000000 -0.207841 0.006873 0.999976 0.000000 0.106297 0.000000 0.000000 1.000000 0.000000
0.999977 -0.006737 0.000000 -0.206832 0.006737 0.999977 0.000000 0.104928 0.000000 0.000000 1.000000 0.000000
0.999977 -0.006769 0.000000 -0.206473 0.006769 0.999977 0.000000 0.105485 0.000000 0.000000 1.000000 0.000000
0.999977 -0.006790 0.000000 -0.205918 0.006790 0.999977 0.000000 0.106169 0.000000 0.000000 1.000000 0.000000
0.999977 -0.006790 0.000000 -0.205861 0.006790 0.999977 0.000000 0.106630 0.000000 0.000000 1.000000 0.000000
0.999977 -0.006789 0.000000 -0.207529 0.006789 0.999977 0.000000 0.107319 0.000000 0.000000 1.000000 0.000000
0.999977 -0.006809 0.000000 -0.207830 0.006809 0.999977 0.000000 0.108251 0.000000 0.000000 1.000000 0.000000
0.999977 -0.006798 0.000000 -0.207749 0.006798 0.999977 0.000000 0.109281 0.000000 0.000000 1.000000 0.000000
0.999977 -0.006784 0.000000 -0.208470 0.006784 0.999977 0.000000 0.109554 0.000000 0.000000 1.000000 0.000000
0.999977 -0.006831 0.000000 -0.210538 0.006831 0.999977 0.000000 0.109409 0.000000 0.000000 1.000000 0.000000
0.999977 -0.006851 0.000000 -0.212478 0.006851 0.999977 0.000000 0.109856 0.000000 0.000000 1.000000 0.000000
0.999977 -0.006833 0.000000 -0.213524 0.006833 0.999977 0.000000 0.111464 0.000000 0.000000 1.000000 0.000000
0.999976 -0.006905 0.000000 -0.213162 0.006905 0.999976 0.000000 0.112696 0.000000 0.000000 1.000000 0.000000
0.999976 -0.006928 0.000000 -0.213702 0.006928 0.999976 0.000000 0.113272 0.000000 0.000000 1.000000 0.000000
0.999976 -0.006928 0.000000 -0.214001 0.006928 0.999976 0.000000 0.113351 0.000000 0.000000 1.000000 0.000000
0.999976 -0.006943 0.000000 -0.215281 0.006943 0.999976 0.000000 0.113808 0.000000 0.000000 1.000000 0.000000
0.999976 -0.006956 0.000000 -0.215258 0.006956 0.999976 0.000000 0.113919 0.000000 0.000000 1.000000 0.000000
0.999976 -0.006970 0.000000 -0.214193 0.006970 0.999976 0.000000 0.113672 0.000000 0.000000 1.000000 0.000000
0.999975 -0.007026 0.000000 -0.211748 0.007026 0.999975 0.000000 0.113466 0.000000 0.000000 1.000000 0.000000
0.999974 -0.007143 0.000000 -0.207871 0.007143 0.999974 0.000000 0.113361 0.000000 0.000000 1.000000 0.000000
0.999973 -0.007413 0.000000 -0.200908 0.007413 0.999973 0.000000 0.112755 0.000000 0.000000 1.000000 0.000000
0.999965 -0.008417 0.000000 -0.185361 0.008417 0.999965 0.000000 0.109644 0.000000 0.000000 1.000000 0.000000
0.999919 -0.012740 0.000000 -0.142538 0.012740 0.999919 0.000000 0.112951 0.000000 0.000000 1.000000 0.000000
0.999771 -0.021423 0.000000 -0.039240 0.021423 0.999771 0.000000 0.121458 0.000000 0.000000 1.000000 0.000000
0.999331 -0.036577 0.000000 0.099961 0.036577 0.999331 0.000000 0.153422 0.000000 0.000000 1.000000 0.000000
0.998304 -0.058218 0.000000 0.292150 0.058218 0.998304 0.000000 0.169098 0.000000 0.000000 1.000000 0.000000
0.996316 -0.085763 0.000000 0.502773 0.085763 0.996316 0.000000 0.233115 0.000000 0.000000 1.000000 0.000000
0.993047 -0.117720 0.000000 0.734043 0.117720 0.993047 0.000000 0.271338 0.000000 0.000000 1.000000 0.000000
0.988002 -0.154442 0.000000 1.027082 0.154442 0.988002 0.000000 0.337024 0.000000 0.000000 1.000000 0.000000
0.981432 -0.191810 0.000000 1.347835 0.191810 0.981432 0.000000 0.445216 0.000000 0.000000 1.000000 0.000000
0.973324 -0.229433 0.000000 1.747737 0.229433 0.973324 0.000000 0.529834 0.000000 0.000000 1.000000 0.000000
0.965666 -0.259786 0.000000 2.191596 0.259786 0.965666 0.000000 0.661804 0.000000 0.000000 1.000000 0.000000
0.959857 -0.280491 0.000000 2.688231 0.280491 0.959857 0.000000 0.782864 0.000000 0.000000 1.000000 0.000000
0.958690 -0.284453 0.000000 3.230205 0.284453 0.958690 0.000000 0.944016 0.000000 0.000000 1.000000 0.000000
0.960772 -0.277339 0.000000 3.888834 0.277339 0.960772 0.000000 1.106943 0.000000 0.000000 1.000000 0.000000
0.965689 -0.259701 0.000000 4.641774 0.259701 0.965689 0.000000 1.284877 0.000000 0.000000 1.000000 0.000000
0.971625 -0.236528 0.000000 5.518639 0.236528 0.971625 0.000000 1.449637 0.000000 0.000000 1.000000 0.000000
0.977236 -0.212154 0.000000 6.503182 0.212154 0.977236 0.000000 1.647336 0.000000 0.000000 1.000000 0.000000
0.982008 -0.188840 0.000000 7.548412 0.188840 0.982008 0.000000 1.824329 0.000000 0.000000 1.000000 0.000000
0.985654 -0.168777 0.000000 8.671438 0.168777 0.985654 0.000000 1.966263 0.000000 0.000000 1.000000 0.000000
0.988901 -0.148577 0.000000 9.923169 0.148577 0.988901 0.000000 2.121995 0.000000 0.000000 1.000000 0.000000
0.991600 -0.129343 0.000000 11.203167 0.129343 0.991600 0.000000 2.281082 0.000000 0.000000 1.000000 0.000000
0.993364 -0.115009 0.000000 12.576086 0.115009 0.993364 0.000000 2.428867 0.000000 0.000000 1.000000 0.000000
0.994347 -0.106180 0.000000 14.020000 0.106180 0.994347 0.000000 2.558174 0.000000 0.000000 1.000000 0.000000
0.995231 -0.097544 0.000000 15.503598 0.097544 0.995231 0.000000 2.677953 0.000000 0.000000 1.000000 0.000000
0.996126 -0.087936 0.000000 16.988283 0.087936 0.996126 0.000000 2.797135 0.000000 0.000000 1.000000 0.000000
0.996736 -0.080735 0.000000 18.538539 0.080735 0.996736 0.000000 2.914178 0.000000 0.000000 1.000000 0.000000
0.997102 -0.076082 0.000000 20.119664 0.076082 0.997102 0.000000 2.994570 0.000000 0.000000 1.000000 0.000000
0.997321 -0.073146 0.000000 21.742485 0.073146 0.997321 0.000000 3.110132 0.000000 0.000000 1.000000 0.000000
0.997444 -0.071454 0.000000 23.386912 0.071454 0.997444 0.000000 3.230038 0.000000 0.000000 1.000000 0.000000
0.997637 -0.068703 0.000000 25.001786 0.068703 0.997637 0.000000 3.328090 0.000000 0.000000 1.000000 0.000000
0.997741 -0.067182 0.000000 26.707431 0.067182 0.997741 0.000000 3.443394 0.000000 0.000000 1.000000 0.000000
0.997671 -0.068209 0.000000 28.357004 0.068209 0.997671 0.000000 3.559886 0.000000 0.000000 1.000000 0.000000
0.997455 -0.071301 0.000000 30.083843 0.071301 0.997455 0.000000 3.673910 0.000000 0.000000 1.000000 0.000000
0.997169 -0.075190 0.000000 31.779442 0.075190 0.997169 0.000000 3.807384 0.000000 0.000000 1.000000 0.000000
0.996771 -0.080299 0.000000 33.586979 0.080299 0.996771 0.000000 3.945063 0.000000 0.000000 1.000000 0.000000
0.996622 -0.082129 0.000000 35.462215 0.082129 0.996622 0.000000 4.082102 0.000000 0.000000 1.000000 0.000000
0.996728 -0.080828 0.000000 37.368955 0.080828 0.996728 0.000000 4.234971 0.000000 0.000000 1.000000 0.000000
0.996741 -0.080672 0.000000 39.301669 0.080672 0.996741 0.000000 4.377115 0.000000 0.000000 1.000000 0.000000
0.996593 -0.082473 0.000000 41.214077 0.082473 0.996593 0.000000 4.509883 0.000000 0.000000 1.000000 0.000000
0.996373 -0.085092 0.000000 43.145038 0.085092 0.996373 0.000000 4.670177 0.000000 0.000000 1.000000 0.000000
0.996036 -0.088948 0.000000 45.119099 0.088948 0.996036 0.000000 4.868411 0.000000 0.000000 1.000000 0.000000
0.995750 -0.092097 0.000000 47.085112 0.092097 0.995750 0.000000 5.045818 0.000000 0.000000 1.000000 0.000000
0.995553 -0.094198 0.000000 49.064046 0.094198 0.995553 0.000000 5.251306 0.000000 0.000000 1.000000 0.000000
0.995259 -0.097262 0.000000 50.988956 0.097262 0.995259 0.000000 5.449562 0.000000 0.000000 1.000000 0.000000
0.995222 -0.097643 0.000000 52.923049 0.097643 0.995222 0.000000 5.660929 0.000000 0.000000 1.000000 0.000000
0.995369 -0.096127 0.000000 54.827653 0.096127 0.995369 0.000000 5.841163 0.000000 0.000000 1.000000 0.000000
0.995685 -0.092802 0.000000 56.770094 0.092802 0.995685 0.000000 6.029500 0.000000 0.000000 1.000000 0.000000
0.995973 -0.089656 0.000000 58.656061 0.089656 0.995973 0.000000 6.207814 0.000000 0.000000 1.000000 0.000000
0.996188 -0.087237 0.000000 60.559843 0.087237 0.996188 0.000000 6.385195 0.000000 0.000000 1.000000 0.000000
0.996390 -0.084893 0.000000 62.430074 0.084893 0.996390 0.000000 6.550437 0.000000 0.000000 1.000000 0.000000
0.996644 -0.081861 0.000000 64.480342 0.081861 0.996644 0.000000 6.670494 0.000000 0.000000 1.000000 0.000000
0.997015 -0.077204 0.000000 66.339674 0.077204 0.997015 0.000000 6.822019 0.000000 0.000000 1.000000 0.000000
0.997409 -0.071943 0.000000 68.379195 0.071943 0.997409 0.000000 6.957623 0.000000 0.000000 1.000000 0.000000
0.997842 -0.065663 0.000000 70.443958 0.065663 0.997842 0.000000 7.079842 0.000000 0.000000 1.000000 0.000000
0.998168 -0.060497 0.000000 72.491406 0.060497 0.998168 0.000000 7.181968 0.000000 0.000000 1.000000 0.000000
0.998431 -0.055994 0.000000 74.582497 0.055994 0.998431 0.000000 7.274079 0.000000 0.000000 1.000000 0.000000
0.998627 -0.052392 0.000000 76.634564 0.052392 0.998627 0.000000 7.352383 0.000000 0.000000 1.000000 0.000000
0.998736 -0.050268 0.000000 78.718743 0.050268 0.998736 0.000000 7.434877 0.000000 0.000000 1.000000 0.000000
0.998730 -0.050376 0.000000 80.766136 0.050376 0.998730 0.000000 7.551946 0.000000 0.000000 1.000000 0.000000
0.998790 -0.049186 0.000000 82.854176 0.049186 0.998790 0.000000 7.645249 0.000000 0.000000 1.000000 0.000000
0.998742 -0.050136 0.000000 84.927114 0.050136 0.998742 0.000000 7.753772 0.000000 0.000000 1.000000 0.000000
0.998608 -0.052745 0.000000 86.960560 0.052745 0.998608 0.000000 7.868753 0.000000 0.000000 1.000000 0.000000
0.998441 -0.055817 0.000000 88.985081 0.055817 0.998441 0.000000 7.982987 0.000000 0.000000 1.000000 0.000000
0.998208 -0.059840 0.000000 90.996581 0.059840 0.998208 0.000000 8.093330 0.000000 0.000000 1.000000 0.000000
0.997959 -0.063852 0.000000 92.932831 0.063852 0.997959 0.000000 8.228499 0.000000 0.000000 1.000000 0.000000
0.997488 -0.070832 0.000000 94.921204 0.070832 0.997488 0.000000 8.374179 0.000000 0.000000 1.000000 0.000000
0.996905 -0.078620 0.000000 96.899647 0.078620 0.996905 0.000000 8.524694 0.000000 0.000000 1.000000 0.000000
0.996447 -0.084222 0.000000 98.775576 0.084222 0.996447 0.000000 8.682320 0.000000 0.000000 1.000000 0.000000
0.996082 -0.088438 0.000000 100.772777 0.088438 0.996082 0.000000 8.860832 0.000000 0.000000 1.000000 0.000000
0.995660 -0.093066 0.000000 102.645974 0.093066 0.995660 0.000000 9.020172 0.000000 0.000000 1.000000 0.000000
0.994933 -0.100539 0.000000 104.586711 0.100539 0.994933 0.000000 9.200444 0.000000 0.000000 1.000000 0.000000
0.994486 -0.104873 0.000000 106.652066 0.104873 0.994486 0.000000 9.423816 0.000000 0.000000 1.000000 0.000000
0.994112 -0.108358 0.000000 108.641238 0.108358 0.994112 0.000000 9.646609 0.000000 0.000000 1.000000 0.000000
0.993699 -0.112079 0.000000 110.696857 0.112079 0.993699 0.000000 9.883584 0.000000 0.000000 1.000000 0.000000
0.993310 -0.115481 0.000000 112.673088 0.115481 0.993310 0.000000 10.141031 0.000000 0.000000 1.000000 0.000000
0.993056 -0.117643 0.000000 114.695832 0.117643 0.993056 0.000000 10.392774 0.000000 0.000000 1.000000 0.000000
0.992861 -0.119275 0.000000 116.697604 0.119275 0.992861 0.000000 10.634390 0.000000 0.000000 1.000000 0.000000
0.992651 -0.121014 0.000000 118.665938 0.121014 0.992651 0.000000 10.896021 0.000000 0.000000 1.000000 0.000000
0.992500 -0.122248 0.000000 120.631363 0.122248 0.992500 0.000000 11.133765 0.000000 0.000000 1.000000 0.000000
0.992489 -0.122334 0.000000 122.553328 0.122334 0.992489 0.000000 11.366052 0.000000 0.000000 1.000000 0.000000
0.992456 -0.122598 0.000000 124.620250 0.122598 0.992456 0.000000 11.622328 0.000000 0.000000 1.000000 0.000000
0.992667 -0.120882 0.000000 126.560208 0.120882 0.992667 0.000000 11.848970 0.000000 0.000000 1.000000 0.000000
0.992923 -0.118760 0.000000 128.560227 0.118760 0.992923 0.000000 12.070262 0.000000 0.000000 1.000000 0.000000
0.993159 -0.116770 0.000000 130.482740 0.116770 0.993159 0.000000 12.304527 0.000000 0.000000 1.000000 0.000000
0.993679 -0.112260 0.000000 132.578776 0.112260 0.993679 0.000000 12.522259 0.000000 0.000000 1.000000 0.000000
0.993899 -0.110297 0.000000 134.714305 0.110297 0.993899 0.000000 12.764321 0.000000 0.000000 1.000000 0.000000
0.993830 -0.110910 0.000000 136.851642 0.110910 0.993830 0.000000 13.002184 0.000000 0.000000 1.000000 0.000000
0.993752 -0.111613 0.000000 138.993585 0.111613 0.993752 0.000000 13.234272 0.000000 0.000000 1.000000 0.000000
0.993655 -0.112471 0.000000 141.110446 0.112471 0.993655 0.000000 13.468786 0.000000 0.000000 1.000000 0.000000
0.993466 -0.114128 0.000000 143.250621 0.114128 0.993466 0.000000 13.712937 0.000000 0.000000 1.000000 0.000000
0.993586 -0.113075 0.000000 145.312902 0.113075 0.993586 0.000000 13.972107 0.000000 0.000000 1.000000 0.000000
0.993698 -0.112091 0.000000 147.433274 0.112091 0.993698 0.000000 14.212870 0.000000 0.000000 1.000000 0.000000
0.993699 -0.112083 0.000000 149.534296 0.112083 0.993699 0.000000 14.425830 0.000000 0.000000 1.000000 0.000000
0.993602 -0.112939 0.000000 151.628825 0.112939 0.993602 0.000000 14.662522 0.000000 0.000000 1.000000 0.000000
0.993413 -0.114588 0.000000 153.736643 0.114588 0.993413 0.000000 14.903080 0.000000 0.000000 1.000000 0.000000
0.993343 -0.115192 0.000000 155.809095 0.115192 0.993343 0.000000 15.121677 0.000000 0.000000 1.000000 0.000000
0.993262 -0.115891 0.000000 157.995674 0.115891 0.993262 0.000000 15.373522 0.000000 0.000000 1.000000 0.000000
0.992983 -0.118257 0.000000 160.215620 0.118257 0.992983 0.000000 15.649138 0.000000 0.000000 1.000000 0.000000
0.992776 -0.119982 0.000000 162.399809 0.119982 0.992776 0.000000 15.913008 0.000000 0.000000 1.000000 0.000000
0.992649 -0.121026 0.000000 164.591000 0.121026 0.992649 0.000000 16.179342 0.000000 0.000000 1.000000 0.000000
0.992622 -0.121248 0.000000 166.773319 0.121248 0.992622 0.000000 16.458823 0.000000 0.000000 1.000000 0.000000
0.992490 -0.122323 0.000000 168.983525 0.122323 0.992490 0.000000 16.717644 0.000000 0.000000 1.000000 0.000000
0.992284 -0.123982 0.000000 171.158994 0.123982 0.992284 0.000000 16.990260 0.000000 0.000000 1.000000 0.000000
0.992177 -0.124842 0.000000 173.326320 0.124842 0.992177 0.000000 17.261961 0.000000 0.000000 1.000000 0.000000
