1.000000 0.000013 0.000000 -0.000054 -0.000013 1.000000 0.000000 -0.000005 0.000000 0.000000 1.000000 0.000000
1.000000 0.000012 0.000000 -0.000048 -0.000012 1.000000 0.000000 -0.000012 0.000000 0.000000 1.000000 0.000000
1.000000 0.000007 0.000000 -0.000092 -0.000007 1.000000 0.000000 -0.000026 0.000000 0.000000 1.000000 0.000000
1.000000 0.000009 0.000000 -0.000250 -0.000009 1.000000 0.000000 -0.000025 0.000000 0.000000 1.000000 0.000000
1.000000 0.000015 0.000000 -0.000318 -0.000015 1.000000 0.000000 0.000066 0.000000 0.000000 1.000000 0.000000
1.000000 0.000006 0.000000 -0.000330 -0.000006 1.000000 0.000000 0.000052 0.000000 0.000000 1.000000 0.000000
1.000000 0.000000 0.000000 -0.000558 -0.000000 1.000000 0.000000 0.000087 0.000000 0.000000 1.000000 0.000000
1.000000 0.000001 0.000000 -0.000529 -0.000001 1.000000 0.000000 0.000100 0.000000 0.000000 1.000000 0.000000
1.000000 -0.000008 0.000000 -0.000677 0.000008 1.000000 0.000000 0.000053 0.000000 0.000000 1.000000 0.000000
1.000000 -0.000004 0.000000 -0.000579 0.000004 1.000000 0.000000 0.000041 0.000000 0.000000 1.000000 0.000000
1.000000 -0.000000 0.000000 -0.000587 0.000000 1.000000 0.000000 0.000012 0.000000 0.000000 1.000000 0.000000
1.000000 -0.000002 0.000000 -0.000541 0.000002 1.000000 0.000000 0.000006 0.000000 0.000000 1.000000 0.000000
1.000000 0.000023 0.000000 -0.000290 -0.000023 1.000000 0.000000 0.000061 0.000000 0.000000 1.000000 0.000000
1.000000 0.000019 0.000000 -0.000312 -0.000019 1.000000 0.000000 0.000053 0.000000 0.000000 1.000000 0.000000
1.000000 0.000012 0.000000 -0.000272 -0.000012 1.000000 0.000000 0.000039 0.000000 0.000000 1.000000 0.000000
1.000000 0.000010 0.000000 -0.000259 -0.000010 1.000000 0.000000 0.000040 0.000000 0.000000 1.000000 0.000000
1.000000 0.000003 0.000000 -0.000351 -0.000003 1.000000 0.000000 0.000020 0.000000 0.000000 1.000000 0.000000
1.000000 0.000006 0.000000 -0.000269 -0.000006 1.000000 0.000000 0.000016 0.000000 0.000000 1.000000 0.000000
1.000000 0.000003 0.000000 -0.000222 -0.000003 1.000000 0.000000 0.000011 0.000000 0.000000 1.000000 0.000000
1.000000 0.000002 0.000000 -0.000230 -0.000002 1.000000 0.000000 -0.000007 0.000000 0.000000 1.000000 0.000000
1.000000 0.000007 0.000000 -0.000214 -0.000007 1.000000 0.000000 -0.000012 0.000000 0.000000 1.000000 0.000000
1.000000 0.000010 0.000000 -0.000155 -0.000010 1.000000 0.000000 -0.000014 0.000000 0.000000 1.000000 0.000000
1.000000 0.000013 0.000000 -0.000093 -0.000013 1.000000 0.000000 0.000016 0.000000 0.000000 1.000000 0.000000
1.000000 0.000012 0.000000 -0.000064 -0.000012 1.000000 0.000000 -0.000025 0.000000 0.000000 1.000000 0.000000
1.000000 0.000014 0.000000 -0.000133 -0.000014 1.000000 0.000000 -0.000063 0.000000 0.000000 1.000000 0.000000
1.000000 0.000006 0.000000 -0.000199 -0.000006 1.000000 0.000000 -0.000118 0.000000 0.000000 1.000000 0.000000
1.000000 0.000006 0.000000 -0.000156 -0.000006 1.000000 0.000000 -0.000111 0.000000 0.000000 1.000000 0.000000
1.000000 0.000001 0.000000 -0.000080 -0.000001 1.000000 0.000000 -0.000175 0.000000 0.000000 1.000000 0.000000
1.000000 -0.000000 0.000000 -0.000146 -0.000000 1.000000 0.000000 -0.000173 0.000000 0.000000 1.000000 0.000000
1.000000 -0.000000 0.000000 -0.000174 -0.000000 1.000000 0.000000 -0.000214 0.000000 0.000000 1.000000 0.000000
1.000000 0.000003 0.000000 -0.000124 -0.000003 1.000000 0.000000 -0.000215 0.000000 0.000000 1.000000 0.000000
1.000000 -0.000000 0.000000 -0.000118 0.000000 1.000000 0.000000 -0.000254 0.000000 0.000000 1.000000 0.000000
1.000000 0.000002 0.000000 -0.000105 -0.000002 1.000000 0.000000 -0.000253 0.000000 0.000000 1.000000 0.000000
1.000000 -0.000001 0.000000 0.000056 0.000001 1.000000 0.000000 -0.000256 0.000000 0.000000 1.000000 0.000000
1.000000 -0.000003 0.000000 0.000077 0.000003 1.000000 0.000000 -0.000262 0.000000 0.000000 1.000000 0.000000
1.000000 -0.000007 0.000000 0.000166 0.000007 1.000000 0.000000 -0.000261 0.000000 0.000000 1.000000 0.000000
1.000000 -0.000009 0.000000 0.000177 0.000009 1.000000 0.000000 -0.000264 0.000000 0.000000 1.000000 0.000000
1.000000 -0.000016 0.000000 0.000104 0.000016 1.000000 0.000000 -0.000326 0.000000 0.000000 1.000000 0.000000
1.000000 -0.000028 0.000000 0.000091 0.000028 1.000000 0.000000 -0.000368 0.000000 0.000000 1.000000 0.000000
1.000000 -0.000023 0.000000 0.000132 0.000023 1.000000 0.000000 -0.000359 0.000000 0.000000 1.000000 0.000000
1.000000 -0.000020 0.000000 0.000175 0.000020 1.000000 0.000000 -0.000361 0.000000 0.000000 1.000000 0.000000
1.000000 -0.000018 0.000000 0.000260 0.000018 1.000000 0.000000 -0.000380 0.000000 0.000000 1.000000 0.000000
1.000000 -0.000000 0.000000 0.000327 0.000000 1.000000 0.000000 -0.000327 0.000000 0.000000 1.000000 0.000000
1.000000 -0.000005 0.000000 0.000437 0.000005 1.000000 0.000000 -0.000359 0.000000 0.000000 1.000000 0.000000
1.000000 -0.000010 0.000000 0.000431 0.000010 1.000000 0.000000 -0.000363 0.000000 0.000000 1.000000 0.000000
1.000000 -0.000004 0.000000 0.000497 0.000004 1.000000 0.000000 -0.000325 0.000000 0.000000 1.000000 0.000000
1.000000 0.000002 0.000000 0.000491 -0.000002 1.000000 0.000000 -0.000332 0.000000 0.000000 1.000000 0.000000
1.000000 0.000009 0.000000 0.000508 -0.000009 1.000000 0.000000 -0.000353 0.000000 0.000000 1.000000 0.000000
1.000000 0.000008 0.000000 0.000254 -0.000008 1.000000 0.000000 -0.000206 0.000000 0.000000 1.000000 0.000000
1.000000 0.000006 0.000000 0.000161 -0.000006 1.000000 0.000000 -0.000207 0.000000 0.000000 1.000000 0.000000
1.000000 -0.000003 0.000000 0.000314 0.000003 1.000000 0.000000 -0.000229 0.000000 0.000000 1.000000 0.000000
1.000000 0.000002 0.000000 0.000380 -0.000002 1.000000 0.000000 -0.000206 0.000000 0.000000 1.000000 0.000000
1.000000 0.000001 0.000000 0.000422 -0.000001 1.000000 0.000000 -0.000192 0.000000 0.000000 1.000000 0.000000
1.000000 -0.000008 0.000000 0.000463 0.000008 1.000000 0.000000 -0.000243 0.000000 0.000000 1.000000 0.000000
1.000000 -0.000002 0.000000 0.000437 0.000002 1.000000 0.000000 -0.000232 0.000000 0.000000 1.000000 0.000000
1.000000 0.000003 0.000000 0.000110 -0.000003 1.000000 0.000000 -0.000129 0.000000 0.000000 1.000000 0.000000
1.000000 -0.000002 0.000000 0.000005 0.000002 1.000000 0.000000 -0.000092 0.000000 0.000000 1.000000 0.000000
1.000000 -0.000002 0.000000 -0.000156 0.000002 1.000000 0.000000 -0.000046 0.000000 0.000000 1.000000 0.000000
1.000000 0.000007 0.000000 -0.000181 -0.000007 1.000000 0.000000 -0.000002 0.000000 0.000000 1.000000 0.000000
1.000000 0.000005 0.000000 -0.000171 -0.000005 1.000000 0.000000 0.000005 0.000000 0.000000 1.000000 0.000000
1.000000 -0.000003 0.000000 -0.000151 0.000003 1.000000 0.000000 -0.000062 0.000000 0.000000 1.000000 0.000000
1.000000 -0.000004 0.000000 -0.000049 0.000004 1.000000 0.000000 -0.000089 0.000000 0.000000 1.000000 0.000000
1.000000 0.000003 0.000000 -0.000207 -0.000003 1.000000 0.000000 -0.000093 0.000000 0.000000 1.000000 0.000000
1.000000 0.000003 0.000000 -0.000188 -0.000003 1.000000 0.000000 -0.000136 0.000000 0.000000 1.000000 0.000000
1.000000 0.000007 0.000000 -0.000083 -0.000007 1.000000 0.000000 -0.000115 0.000000 0.000000 1.000000 0.000000
1.000000 0.000001 0.000000 -0.000395 -0.000001 1.000000 0.000000 -0.000068 0.000000 0.000000 1.000000 0.000000
1.000000 -0.000008 0.000000 -0.000395 0.000008 1.000000 0.000000 -0.000073 0.000000 0.000000 1.000000 0.000000
1.000000 -0.000008 0.000000 -0.000359 0.000008 1.000000 0.000000 -0.000030 0.000000 0.000000 1.000000 0.000000
1.000000 -0.000006 0.000000 -0.000184 0.000006 1.000000 0.000000 -0.000083 0.000000 0.000000 1.000000 0.000000
1.000000 0.000000 0.000000 -0.000089 -0.000000 1.000000 0.000000 -0.000062 0.000000 0.000000 1.000000 0.000000
1.000000 -0.000004 0.000000 -0.000074 0.000004 1.000000 0.000000 -0.000068 0.000000 0.000000 1.000000 0.000000
1.000000 0.000006 0.000000 -0.000231 -0.000006 1.000000 0.000000 0.000025 0.000000 0.000000 1.000000 0.000000
1.000000 0.000009 0.000000 -0.000259 -0.000009 1.000000 0.000000 0.000000 0.000000 0.000000 1.000000 0.000000
1.000000 0.000012 0.000000 -0.000235 -0.000012 1.000000 0.000000 -0.000013 0.000000 0.000000 1.000000 0.000000
1.000000 0.000012 0.000000 -0.000111 -0.000012 1.000000 0.000000 -0.000040 0.000000 0.000000 1.000000 0.000000
1.000000 0.000010 0.000000 -0.000080 -0.000010 1.000000 0.000000 -0.000035 0.000000 0.000000 1.000000 0.000000
1.000000 0.000011 0.000000 -0.000206 -0.000011 1.000000 0.000000 0.000019 0.000000 0.000000 1.000000 0.000000
1.000000 0.000019 0.000000 0.000007 -0.000019 1.000000 0.000000 0.000001 0.000000 0.000000 1.000000 0.000000
1.000000 0.000026 0.000000 -0.000032 -0.000026 1.000000 0.000000 0.000051 0.000000 0.000000 1.000000 0.000000
1.000000 0.000034 0.000000 -0.000229 -0.000034 1.000000 0.000000 0.000132 0.000000 0.000000 1.000000 0.000000
1.000000 0.000037 0.000000 -0.000668 -0.000037 1.000000 0.000000 0.000163 0.000000 0.000000 1.000000 0.000000
1.000000 0.000031 0.000000 -0.000691 -0.000031 1.000000 0.000000 0.000154 0.000000 0.000000 1.000000 0.000000
1.000000 0.000030 0.000000 -0.000688 -0.000030 1.000000 0.000000 0.000117 0.000000 0.000000 1.000000 0.000000
1.000000 0.000017 0.000000 -0.000689 -0.000017 1.000000 0.000000 0.000074 0.000000 0.000000 1.000000 0.000000
1.000000 0.000018 0.000000 -0.000672 -0.000018 1.000000 0.000000 0.000071 0.000000 0.000000 1.000000 0.000000
1.000000 0.000027 0.000000 -0.000657 -0.000027 1.000000 0.000000 0.000068 0.000000 0.000000 1.000000 0.000000
1.000000 0.000026 0.000000 -0.000603 -0.000026 1.000000 0.000000 0.000073 0.000000 0.000000 1.000000 0.000000
1.000000 0.000020 0.000000 -0.000772 -0.000020 1.000000 0.000000 0.000062 0.000000 0.000000 1.000000 0.000000
1.000000 0.000025 0.000000 -0.000761 -0.000025 1.000000 0.000000 0.000082 0.000000 0.000000 1.000000 0.000000
1.000000 0.000013 0.000000 -0.000782 -0.000013 1.000000 0.000000 0.000034 0.000000 0.000000 1.000000 0.000000
1.000000 0.000008 0.000000 -0.000792 -0.000008 1.000000 0.000000 0.000027 0.000000 0.000000 1.000000 0.000000
1.000000 -0.000003 0.000000 -0.000971 0.000003 1.000000 0.000000 0.000035 0.000000 0.000000 1.000000 0.000000
1.000000 -0.000004 0.000000 -0.000785 0.000004 1.000000 0.000000 0.000073 0.000000 0.000000 1.000000 0.000000
1.000000 -0.000010 0.000000 -0.000661 0.000010 1.000000 0.000000 0.000049 0.000000 0.000000 1.000000 0.000000
1.000000 -0.000006 0.000000 -0.000594 0.000006 1.000000 0.000000 0.000054 0.000000 0.000000 1.000000 0.000000
1.000000 -0.000000 0.000000 -0.000639 0.000000 1.000000 0.000000 0.000102 0.000000 0.000000 1.000000 0.000000
1.000000 0.000003 0.000000 -0.000681 -0.000003 1.000000 0.000000 0.000124 0.000000 0.000000 1.000000 0.000000
1.000000 -0.000003 0.000000 -0.000686 0.000003 1.000000 0.000000 0.000136 0.000000 0.000000 1.000000 0.000000
1.000000 0.000004 0.000000 -0.000803 -0.000004 1.000000 0.000000 0.000165 0.000000 0.000000 1.000000 0.000000
1.000000 0.000010 0.000000 -0.000756 -0.000010 1.000000 0.000000 0.000172 0.000000 0.000000 1.000000 0.000000
1.000000 0.000006 0.000000 -0.000844 -0.000006 1.000000 0.000000 0.000164 0.000000 0.000000 1.000000 0.000000
1.000000 0.000005 0.000000 -0.000988 -0.000005 1.000000 0.000000 0.000193 0.000000 0.000000 1.000000 0.000000
1.000000 0.000001 0.000000 -0.000950 -0.000001 1.000000 0.000000 0.000225 0.000000 0.000000 1.000000 0.000000
1.000000 -0.000001 0.000000 -0.000868 0.000001 1.000000 0.000000 0.000220 0.000000 0.000000 1.000000 0.000000
1.000000 0.000004 0.000000 -0.000906 -0.000004 1.000000 0.000000 0.000212 0.000000 0.000000 1.000000 0.000000
1.000000 0.000001 0.000000 -0.000905 -0.000001 1.000000 0.000000 0.000201 0.000000 0.000000 1.000000 0.000000
1.000000 -0.000003 0.000000 -0.000919 0.000003 1.000000 0.000000 0.000251 0.000000 0.000000 1.000000 0.000000
1.000000 -0.000010 0.000000 -0.000992 0.000010 1.000000 0.000000 0.000207 0.000000 0.000000 1.000000 0.000000
1.000000 -0.000010 0.000000 -0.001093 0.000010 1.000000 0.000000 0.000270 0.000000 0.000000 1.000000 0.000000
1.000000 -0.000015 0.000000 -0.001171 0.000015 1.000000 0.000000 0.000272 0.000000 0.000000 1.000000 0.000000
1.000000 -0.000012 0.000000 -0.001171 0.000012 1.000000 0.000000 0.000266 0.000000 0.000000 1.000000 0.000000
1.000000 -0.000008 0.000000 -0.001140 0.000008 1.000000 0.000000 0.000289 0.000000 0.000000 1.000000 0.000000
1.000000 0.000001 0.000000 -0.001047 -0.000001 1.000000 0.000000 0.000279 0.000000 0.000000 1.000000 0.000000
1.000000 -0.000010 0.000000 -0.001024 0.000010 1.000000 0.000000 0.000262 0.000000 0.000000 1.000000 0.000000
1.000000 -0.000012 0.000000 -0.000989 0.000012 1.000000 0.000000 0.000234 0.000000 0.000000 1.000000 0.000000
1.000000 -0.000009 0.000000 -0.000961 0.000009 1.000000 0.000000 0.000252 0.000000 0.000000 1.000000 0.000000
1.000000 -0.000004 0.000000 -0.000907 0.000004 1.000000 0.000000 0.000289 0.000000 0.000000 1.000000 0.000000
1.000000 -0.000011 0.000000 -0.000913 0.000011 1.000000 0.000000 0.000263 0.000000 0.000000 1.000000 0.000000
1.000000 -0.000011 0.000000 -0.000870 0.000011 1.000000 0.000000 0.000280 0.000000 0.000000 1.000000 0.000000
1.000000 -0.000008 0.000000 -0.000832 0.000008 1.000000 0.000000 0.000283 0.000000 0.000000 1.000000 0.000000
1.000000 -0.000009 0.000000 -0.000846 0.000009 1.000000 0.000000 0.000244 0.000000 0.000000 1.000000 0.000000
1.000000 -0.000020 0.000000 -0.000873 0.000020 1.000000 0.000000 0.000199 0.000000 0.000000 1.000000 0.000000
1.000000 -0.000019 0.000000 -0.000797 0.000019 1.000000 0.000000 0.000194 0.000000 0.000000 1.000000 0.000000
1.000000 -0.000015 0.000000 -0.000787 0.000015 1.000000 0.000000 0.000206 0.000000 0.000000 1.000000 0.000000
1.000000 -0.000014 0.000000 -0.000847 0.000014 1.000000 0.000000 0.000197 0.000000 0.000000 1.000000 0.000000
1.000000 -0.000012 0.000000 -0.000865 0.000012 1.000000 0.000000 0.000201 0.000000 0.000000 1.000000 0.000000
1.000000 -0.000009 0.000000 -0.000855 0.000009 1.000000 0.000000 0.000225 0.000000 0.000000 1.000000 0.000000
1.000000 0.000005 0.000000 -0.000765 -0.000005 1.000000 0.000000 0.000250 0.000000 0.000000 1.000000 0.000000
1.000000 0.000006 0.000000 -0.000808 -0.000006 1.000000 0.000000 0.000258 0.000000 0.000000 1.000000 0.000000
1.000000 0.000002 0.000000 -0.000855 -0.000002 1.000000 0.000000 0.000253 0.000000 0.000000 1.000000 0.000000
1.000000 0.000009 0.000000 -0.001137 -0.000009 1.000000 0.000000 0.000363 0.000000 0.000000 1.000000 0.000000
1.000000 0.000006 0.000000 -0.001139 -0.000006 1.000000 0.000000 0.000335 0.000000 0.000000 1.000000 0.000000
1.000000 0.000005 0.000000 -0.001124 -0.000005 1.000000 0.000000 0.000320 0.000000 0.000000 1.000000 0.000000
1.000000 0.000012 0.000000 -0.001035 -0.000012 1.000000 0.000000 0.000343 0.000000 0.000000 1.000000 0.000000
1.000000 0.000013 0.000000 -0.001021 -0.000013 1.000000 0.000000 0.000331 0.000000 0.000000 1.000000 0.000000
1.000000 0.000027 0.000000 -0.001184 -0.000027 1.000000 0.000000 0.000382 0.000000 0.000000 1.000000 0.000000
1.000000 0.000023 0.000000 -0.001192 -0.000023 1.000000 0.000000 0.000390 0.000000 0.000000 1.000000 0.000000
1.000000 0.000041 0.000000 -0.001058 -0.000041 1.000000 0.000000 0.000523 0.000000 0.000000 1.000000 0.000000
1.000000 0.000045 0.000000 -0.000983 -0.000045 1.000000 0.000000 0.000536 0.000000 0.000000 1.000000 0.000000
1.000000 0.000043 0.000000 -0.001039 -0.000043 1.000000 0.000000 0.000512 0.000000 0.000000 1.000000 0.000000
1.000000 0.000048 0.000000 -0.000961 -0.000048 1.000000 0.000000 0.000499 0.000000 0.000000 1.000000 0.000000
1.000000 0.000048 0.000000 -0.000944 -0.000048 1.000000 0.000000 0.000501 0.000000 0.000000 1.000000 0.000000
1.000000 0.000040 0.000000 -0.000847 -0.000040 1.000000 0.000000 0.000475 0.000000 0.000000 1.000000 0.000000
1.000000 0.000040 0.000000 -0.000895 -0.000040 1.000000 0.000000 0.000549 0.000000 0.000000 1.000000 0.000000
1.000000 0.000036 0.000000 -0.000901 -0.000036 1.000000 0.000000 0.000613 0.000000 0.000000 1.000000 0.000000
1.000000 0.000033 0.000000 -0.000678 -0.000033 1.000000 0.000000 0.000641 0.000000 0.000000 1.000000 0.000000
1.000000 0.000050 0.000000 -0.000744 -0.000050 1.000000 0.000000 0.000683 0.000000 0.000000 1.000000 0.000000
1.000000 0.000069 0.000000 -0.000451 -0.000069 1.000000 0.000000 0.000674 0.000000 0.000000 1.000000 0.000000
1.000000 0.000074 0.000000 -0.000587 -0.000074 1.000000 0.000000 0.000770 0.000000 0.000000 1.000000 0.000000
1.000000 0.000080 0.000000 -0.000614 -0.000080 1.000000 0.000000 0.000799 0.000000 0.000000 1.000000 0.000000
1.000000 0.000081 0.000000 -0.000797 -0.000081 1.000000 0.000000 0.000839 0.000000 0.000000 1.000000 0.000000
1.000000 0.000077 0.000000 -0.000782 -0.000077 1.000000 0.000000 0.000831 0.000000 0.000000 1.000000 0.000000
1.000000 0.000063 0.000000 -0.000889 -0.000063 1.000000 0.000000 0.000800 0.000000 0.000000 1.000000 0.000000
1.000000 0.000064 0.000000 -0.000920 -0.000064 1.000000 0.000000 0.000809 0.000000 0.000000 1.000000 0.000000
1.000000 0.000056 0.000000 -0.000854 -0.000056 1.000000 0.000000 0.000776 0.000000 0.000000 1.000000 0.000000
1.000000 0.000045 0.000000 -0.000879 -0.000045 1.000000 0.000000 0.000770 0.000000 0.000000 1.000000 0.000000
1.000000 0.000036 0.000000 -0.000783 -0.000036 1.000000 0.000000 0.000802 0.000000 0.000000 1.000000 0.000000
1.000000 0.000027 0.000000 -0.000679 -0.000027 1.000000 0.000000 0.000779 0.000000 0.000000 1.000000 0.000000
1.000000 0.000018 0.000000 -0.000646 -0.000018 1.000000 0.000000 0.000788 0.000000 0.000000 1.000000 0.000000
1.000000 0.000017 0.000000 -0.001043 -0.000017 1.000000 0.000000 0.000877 0.000000 0.000000 1.000000 0.000000
1.000000 0.000013 0.000000 -0.001402 -0.000013 1.000000 0.000000 0.000864 0.000000 0.000000 1.000000 0.000000
1.000000 0.000021 0.000000 -0.001195 -0.000021 1.000000 0.000000 0.000930 0.000000 0.000000 1.000000 0.000000
1.000000 0.000026 0.000000 -0.001245 -0.000026 1.000000 0.000000 0.000949 0.000000 0.000000 1.000000 0.000000
1.000000 0.000032 0.000000 -0.001139 -0.000032 1.000000 0.000000 0.000993 0.000000 0.000000 1.000000 0.000000
1.000000 0.000020 0.000000 -0.001038 -0.000020 1.000000 0.000000 0.000945 0.000000 0.000000 1.000000 0.000000
1.000000 0.000020 0.000000 -0.001041 -0.000020 1.000000 0.000000 0.000965 0.000000 0.000000 1.000000 0.000000
1.000000 0.000019 0.000000 -0.000986 -0.000019 1.000000 0.000000 0.000953 0.000000 0.000000 1.000000 0.000000
1.000000 0.000014 0.000000 -0.000719 -0.000014 1.000000 0.000000 0.000899 0.000000 0.000000 1.000000 0.000000
1.000000 0.000010 0.000000 -0.000655 -0.000010 1.000000 0.000000 0.000888 0.000000 0.000000 1.000000 0.000000
1.000000 0.000005 0.000000 -0.000650 -0.000005 1.000000 0.000000 0.000874 0.000000 0.000000 1.000000 0.000000
1.000000 -0.000001 0.000000 -0.000480 0.000001 1.000000 0.000000 0.000896 0.000000 0.000000 1.000000 0.000000
1.000000 -0.000000 0.000000 -0.000333 0.000000 1.000000 0.000000 0.000790 0.000000 0.000000 1.000000 0.000000
1.000000 -0.000002 0.000000 -0.000346 0.000002 1.000000 0.000000 0.000755 0.000000 0.000000 1.000000 0.000000
1.000000 0.000004 0.000000 -0.000302 -0.000004 1.000000 0.000000 0.000749 0.000000 0.000000 1.000000 0.000000
1.000000 0.000002 0.000000 -0.000445 -0.000002 1.000000 0.000000 0.000789 0.000000 0.000000 1.000000 0.000000
1.000000 0.000004 0.000000 -0.000384 -0.000004 1.000000 0.000000 0.000750 0.000000 0.000000 1.000000 0.000000
1.000000 0.000011 0.000000 -0.000380 -0.000011 1.000000 0.000000 0.000751 0.000000 0.000000 1.000000 0.000000
1.000000 0.000015 0.000000 -0.000300 -0.000015 1.000000 0.000000 0.000745 0.000000 0.000000 1.000000 0.000000
1.000000 0.000012 0.000000 -0.000262 -0.000012 1.000000 0.000000 0.000724 0.000000 0.000000 1.000000 0.000000
1.000000 0.000006 0.000000 -0.000176 -0.000006 1.000000 0.000000 0.000713 0.000000 0.000000 1.000000 0.000000
1.000000 0.000010 0.000000 -0.000123 -0.000010 1.000000 0.000000 0.000715 0.000000 0.000000 1.000000 0.000000
1.000000 0.000013 0.000000 -0.000105 -0.000013 1.000000 0.000000 0.000715 0.000000 0.000000 1.000000 0.000000
1.000000 0.000015 0.000000 0.000003 -0.000015 1.000000 0.000000 0.000697 0.000000 0.000000 1.000000 0.000000
1.000000 0.000026 0.000000 0.000107 -0.000026 1.000000 0.000000 0.000712 0.000000 0.000000 1.000000 0.000000
1.000000 0.000038 0.000000 0.000187 -0.000038 1.000000 0.000000 0.000859 0.000000 0.000000 1.000000 0.000000
1.000000 0.000044 0.000000 -0.000416 -0.000044 1.000000 0.000000 0.001068 0.000000 0.000000 1.000000 0.000000
1.000000 0.000057 0.000000 -0.000347 -0.000057 1.000000 0.000000 0.001082 0.000000 0.000000 1.000000 0.000000
1.000000 0.000059 0.000000 -0.000199 -0.000059 1.000000 0.000000 0.001048 0.000000 0.000000 1.000000 0.000000
1.000000 0.000056 0.000000 -0.000129 -0.000056 1.000000 0.000000 0.001000 0.000000 0.000000 1.000000 0.000000
1.000000 0.000061 0.000000 -0.000059 -0.000061 1.000000 0.000000 0.001011 0.000000 0.000000 1.000000 0.000000
1.000000 0.000060 0.000000 0.000053 -0.000060 1.000000 0.000000 0.001027 0.000000 0.000000 1.000000 0.000000
1.000000 0.000068 0.000000 0.000086 -0.000068 1.000000 0.000000 0.001058 0.000000 0.000000 1.000000 0.000000
1.000000 0.000062 0.000000 0.000271 -0.000062 1.000000 0.000000 0.001081 0.000000 0.000000 1.000000 0.000000
1.000000 0.000073 0.000000 0.000226 -0.000073 1.000000 0.000000 0.001127 0.000000 0.000000 1.000000 0.000000
1.000000 0.000073 0.000000 0.000231 -0.000073 1.000000 0.000000 0.001132 0.000000 0.000000 1.000000 0.000000
1.000000 0.000073 0.000000 0.000353 -0.000073 1.000000 0.000000 0.001119 0.000000 0.000000 1.000000 0.000000
1.000000 0.000067 0.000000 0.000500 -0.000067 1.000000 0.000000 0.001057 0.000000 0.000000 1.000000 0.000000
1.000000 0.000065 0.000000 0.000611 -0.000065 1.000000 0.000000 0.001038 0.000000 0.000000 1.000000 0.000000
1.000000 0.000059 0.000000 0.000756 -0.000059 1.000000 0.000000 0.000995 0.000000 0.000000 1.000000 0.000000
1.000000 0.000064 0.000000 0.000897 -0.000064 1.000000 0.000000 0.001021 0.000000 0.000000 1.000000 0.000000
1.000000 0.000067 0.000000 0.000925 -0.000067 1.000000 0.000000 0.001023 0.000000 0.000000 1.000000 0.000000
1.000000 0.000074 0.000000 0.000921 -0.000074 1.000000 0.000000 0.001066 0.000000 0.000000 1.000000 0.000000
1.000000 0.000068 0.000000 0.000898 -0.000068 1.000000 0.000000 0.001018 0.000000 0.000000 1.000000 0.000000
1.000000 0.000063 0.000000 0.000886 -0.000063 1.000000 0.000000 0.001009 0.000000 0.000000 1.000000 0.000000
1.000000 0.000069 0.000000 0.000903 -0.000069 1.000000 0.000000 0.001056 0.000000 0.000000 1.000000 0.000000
1.000000 0.000072 0.000000 0.000936 -0.000072 1.000000 0.000000 0.001050 0.000000 0.000000 1.000000 0.000000
1.000000 0.000066 0.000000 0.000783 -0.000066 1.000000 0.000000 0.001074 0.000000 0.000000 1.000000 0.000000
1.000000 0.000072 0.000000 0.000909 -0.000072 1.000000 0.000000 0.001064 0.000000 0.000000 1.000000 0.000000
1.000000 0.000069 0.000000 0.000909 -0.000069 1.000000 0.000000 0.001042 0.000000 0.000000 1.000000 0.000000
1.000000 0.000065 0.000000 0.000883 -0.000065 1.000000 0.000000 0.001028 0.000000 0.000000 1.000000 0.000000
1.000000 0.000070 0.000000 0.000983 -0.000070 1.000000 0.000000 0.001048 0.000000 0.000000 1.000000 0.000000
1.000000 0.000071 0.000000 0.000798 -0.000071 1.000000 0.000000 0.001061 0.000000 0.000000 1.000000 0.000000
1.000000 0.000071 0.000000 0.000858 -0.000071 1.000000 0.000000 0.001072 0.000000 0.000000 1.000000 0.000000
1.000000 0.000070 0.000000 0.000934 -0.000070 1.000000 0.000000 0.001054 0.000000 0.000000 1.000000 0.000000
1.000000 0.000071 0.000000 0.000915 -0.000071 1.000000 0.000000 0.001034 0.000000 0.000000 1.000000 0.000000
1.000000 0.000069 0.000000 0.000891 -0.000069 1.000000 0.000000 0.001008 0.000000 0.000000 1.000000 0.000000
1.000000 0.000066 0.000000 0.000877 -0.000066 1.000000 0.000000 0.001007 0.000000 0.000000 1.000000 0.000000
1.000000 0.000067 0.000000 0.001014 -0.000067 1.000000 0.000000 0.001013 0.000000 0.000000 1.000000 0.000000
1.000000 0.000065 0.000000 0.001105 -0.000065 1.000000 0.000000 0.001033 0.000000 0.000000 1.000000 0.000000
1.000000 0.000070 0.000000 0.001213 -0.000070 1.000000 0.000000 0.001043 0.000000 0.000000 1.000000 0.000000
1.000000 0.000069 0.000000 0.001118 -0.000069 1.000000 0.000000 0.001056 0.000000 0.000000 1.000000 0.000000
1.000000 0.000076 0.000000 0.001071 -0.000076 1.000000 0.000000 0.001065 0.000000 0.000000 1.000000 0.000000
1.000000 0.000077 0.000000 0.001037 -0.000077 1.000000 0.000000 0.001059 0.000000 0.000000 1.000000 0.000000
1.000000 0.000078 0.000000 0.001034 -0.000078 1.000000 0.000000 0.001077 0.000000 0.000000 1.000000 0.000000
1.000000 0.000070 0.000000 0.001097 -0.000070 1.000000 0.000000 0.001037 0.000000 0.000000 1.000000 0.000000
1.000000 0.000072 0.000000 0.001065 -0.000072 1.000000 0.000000 0.001046 0.000000 0.000000 1.000000 0.000000
1.000000 0.000076 0.000000 0.001084 -0.000076 1.000000 0.000000 0.001097 0.000000 0.000000 1.000000 0.000000
1.000000 0.000070 0.000000 0.001112 -0.000070 1.000000 0.000000 0.001066 0.000000 0.000000 1.000000 0.000000
1.000000 0.000070 0.000000 0.000990 -0.000070 1.000000 0.000000 0.001026 0.000000 0.000000 1.000000 0.000000
1.000000 0.000077 0.000000 0.000824 -0.000077 1.000000 0.000000 0.001023 0.000000 0.000000 1.000000 0.000000
1.000000 0.000080 0.000000 0.000788 -0.000080 1.000000 0.000000 0.001020 0.000000 0.000000 1.000000 0.000000
1.000000 0.000074 0.000000 0.000776 -0.000074 1.000000 0.000000 0.000981 0.000000 0.000000 1.000000 0.000000
1.000000 0.000070 0.000000 0.000820 -0.000070 1.000000 0.000000 0.000956 0.000000 0.000000 1.000000 0.000000
1.000000 0.000080 0.000000 0.000832 -0.000080 1.000000 0.000000 0.000927 0.000000 0.000000 1.000000 0.000000
1.000000 0.000073 0.000000 0.000915 -0.000073 1.000000 0.000000 0.000946 0.000000 0.000000 1.000000 0.000000
1.000000 0.000057 0.000000 0.000836 -0.000057 1.000000 0.000000 0.000916 0.000000 0.000000 1.000000 0.000000
1.000000 0.000060 0.000000 0.000948 -0.000060 1.000000 0.000000 0.000955 0.000000 0.000000 1.000000 0.000000
1.000000 0.000060 0.000000 0.001052 -0.000060 1.000000 0.000000 0.000923 0.000000 0.000000 1.000000 0.000000
1.000000 0.000072 0.000000 0.001268 -0.000072 1.000000 0.000000 0.000953 0.000000 0.000000 1.000000 0.000000
1.000000 0.000073 0.000000 0.001284 -0.000073 1.000000 0.000000 0.000930 0.000000 0.000000 1.000000 0.000000
1.000000 0.000083 0.000000 0.001331 -0.000083 1.000000 0.000000 0.001002 0.000000 0.000000 1.000000 0.000000
1.000000 0.000081 0.000000 0.001377 -0.000081 1.000000 0.000000 0.000995 0.000000 0.000000 1.000000 0.000000
1.000000 0.000067 0.000000 0.001580 -0.000067 1.000000 0.000000 0.000887 0.000000 0.000000 1.000000 0.000000
1.000000 0.000061 0.000000 0.001526 -0.000061 1.000000 0.000000 0.000858 0.000000 0.000000 1.000000 0.000000
1.000000 0.000066 0.000000 0.001534 -0.000066 1.000000 0.000000 0.000854 0.000000 0.000000 1.000000 0.000000
1.000000 0.000061 0.000000 0.001498 -0.000061 1.000000 0.000000 0.000844 0.000000 0.000000 1.000000 0.000000
1.000000 0.000067 0.000000 0.001532 -0.000067 1.000000 0.000000 0.000887 0.000000 0.000000 1.000000 0.000000
1.000000 0.000062 0.000000 0.001554 -0.000062 1.000000 0.000000 0.000877 0.000000 0.000000 1.000000 0.000000
1.000000 0.000052 0.000000 0.001609 -0.000052 1.000000 0.000000 0.000893 0.000000 0.000000 1.000000 0.000000
1.000000 0.000053 0.000000 0.001801 -0.000053 1.000000 0.000000 0.000882 0.000000 0.000000 1.000000 0.000000
1.000000 0.000049 0.000000 0.001798 -0.000049 1.000000 0.000000 0.000836 0.000000 0.000000 1.000000 0.000000
1.000000 0.000040 0.000000 0.001972 -0.000040 1.000000 0.000000 0.000782 0.000000 0.000000 1.000000 0.000000
1.000000 0.000048 0.000000 0.001766 -0.000048 1.000000 0.000000 0.000845 0.000000 0.000000 1.000000 0.000000
1.000000 0.000056 0.000000 0.001769 -0.000056 1.000000 0.000000 0.000874 0.000000 0.000000 1.000000 0.000000
1.000000 0.000091 0.000000 0.001932 -0.000091 1.000000 0.000000 0.001008 0.000000 0.000000 1.000000 0.000000
1.000000 0.000136 0.000000 0.001944 -0.000136 1.000000 0.000000 0.001096 0.000000 0.000000 1.000000 0.000000
1.000000 0.000123 0.000000 0.001998 -0.000123 1.000000 0.000000 0.001227 0.000000 0.000000 1.000000 0.000000
1.000000 -0.000145 0.000000 0.002943 0.000145 1.000000 0.000000 0.001277 0.000000 0.000000 1.000000 0.000000
1.000000 -0.000824 0.000000 0.015782 0.000824 1.000000 0.000000 0.003398 0.000000 0.000000 1.000000 0.000000
0.999997 -0.002511 0.000000 0.031938 0.002511 0.999997 0.000000 0.004926 0.000000 0.000000 1.000000 0.000000
0.999985 -0.005414 0.000000 0.051474 0.005414 0.999985 0.000000 0.005420 0.000000 0.000000 1.000000 0.000000
0.999948 -0.010181 0.000000 0.084761 0.010181 0.999948 0.000000 0.008395 0.000000 0.000000 1.000000 0.000000
0.999838 -0.017993 0.000000 0.144306 0.017993 0.999838 0.000000 0.015077 0.000000 0.000000 1.000000 0.000000
0.999539 -0.030368 0.000000 0.227906 0.030368 0.999539 0.000000 0.022256 0.000000 0.000000 1.000000 0.000000
0.998869 -0.047543 0.000000 0.377686 0.047543 0.998869 0.000000 0.047549 0.000000 0.000000 1.000000 0.000000
0.997439 -0.071521 0.000000 0.569740 0.071521 0.997439 0.000000 0.079887 0.000000 0.000000 1.000000 0.000000
0.994880 -0.101062 0.000000 0.797583 0.101062 0.994880 0.000000 0.122751 0.000000 0.000000 1.000000 0.000000
0.990867 -0.134840 0.000000 1.070570 0.134840 0.990867 0.000000 0.181729 0.000000 0.000000 1.000000 0.000000
0.985101 -0.171977 0.000000 1.389139 0.171977 0.985101 0.000000 0.258542 0.000000 0.000000 1.000000 0.000000
0.977584 -0.210544 0.000000 1.778661 0.210544 0.977584 0.000000 0.360582 0.000000 0.000000 1.000000 0.000000
0.969178 -0.246363 0.000000 2.232784 0.246363 0.969178 0.000000 0.494436 0.000000 0.000000 1.000000 0.000000
0.961141 -0.276059 0.000000 2.752282 0.276059 0.961141 0.000000 0.654595 0.000000 0.000000 1.000000 0.000000
0.954985 -0.296654 0.000000 3.344794 0.296654 0.954985 0.000000 0.840363 0.000000 0.000000 1.000000 0.000000
0.954301 -0.298846 0.000000 4.012712 0.298846 0.954301 0.000000 1.035881 0.000000 0.000000 1.000000 0.000000
0.957341 -0.288962 0.000000 4.765421 0.288962 0.957341 0.000000 1.248995 0.000000 0.000000 1.000000 0.000000
0.963373 -0.268166 0.000000 5.591417 0.268166 0.963373 0.000000 1.460934 0.000000 0.000000 1.000000 0.000000
0.970025 -0.243004 0.000000 6.507170 0.243004 0.970025 0.000000 1.668129 0.000000 0.000000 1.000000 0.000000
0.976296 -0.216439 0.000000 7.522255 0.216439 0.976296 0.000000 1.872716 0.000000 0.000000 1.000000 0.000000
0.981195 -0.193018 0.000000 8.617184 0.193018 0.981195 0.000000 2.071739 0.000000 0.000000 1.000000 0.000000
0.985102 -0.171969 0.000000 9.798046 0.171969 0.985102 0.000000 2.262345 0.000000 0.000000 1.000000 0.000000
0.988687 -0.149991 0.000000 11.064719 0.149991 0.988687 0.000000 2.437763 0.000000 0.000000 1.000000 0.000000
0.991531 -0.129873 0.000000 12.399434 0.129873 0.991531 0.000000 2.596834 0.000000 0.000000 1.000000 0.000000
0.993422 -0.114514 0.000000 13.801782 0.114514 0.993422 0.000000 2.742973 0.000000 0.000000 1.000000 0.000000
0.994641 -0.103390 0.000000 15.270011 0.103390 0.994641 0.000000 2.884378 0.000000 0.000000 1.000000 0.000000
0.995551 -0.094224 0.000000 16.792968 0.094224 0.995551 0.000000 3.014511 0.000000 0.000000 1.000000 0.000000
0.996495 -0.083649 0.000000 18.346866 0.083649 0.996495 0.000000 3.132438 0.000000 0.000000 1.000000 0.000000
0.997268 -0.073870 0.000000 19.921569 0.073870 0.997268 0.000000 3.241819 0.000000 0.000000 1.000000 0.000000
0.997707 -0.067687 0.000000 21.547605 0.067687 0.997707 0.000000 3.333495 0.000000 0.000000 1.000000 0.000000
0.997943 -0.064115 0.000000 23.194532 0.064115 0.997943 0.000000 3.430080 0.000000 0.000000 1.000000 0.000000
0.998185 -0.060217 0.000000 24.835646 0.060217 0.998185 0.000000 3.517661 0.000000 0.000000 1.000000 0.000000
0.998460 -0.055480 0.000000 26.475378 0.055480 0.998460 0.000000 3.601821 0.000000 0.000000 1.000000 0.000000
0.998639 -0.052148 0.000000 28.137783 0.052148 0.998639 0.000000 3.677779 0.000000 0.000000 1.000000 0.000000
0.998575 -0.053370 0.000000 29.806494 0.053370 0.998575 0.000000 3.754860 0.000000 0.000000 1.000000 0.000000
0.998212 -0.059780 0.000000 31.447549 0.059780 0.998212 0.000000 3.838232 0.000000 0.000000 1.000000 0.000000
0.997857 -0.065437 0.000000 33.078681 0.065437 0.997857 0.000000 3.937825 0.000000 0.000000 1.000000 0.000000
0.997422 -0.071753 0.000000 34.919468 0.071753 0.997422 0.000000 4.055500 0.000000 0.000000 1.000000 0.000000
0.997267 -0.073887 0.000000 36.891762 0.073887 0.997267 0.000000 4.194666 0.000000 0.000000 1.000000 0.000000
0.997446 -0.071431 0.000000 38.888379 0.071431 0.997446 0.000000 4.328482 0.000000 0.000000 1.000000 0.000000
0.997531 -0.070225 0.000000 40.880112 0.070225 0.997531 0.000000 4.451798 0.000000 0.000000 1.000000 0.000000
0.997368 -0.072509 0.000000 42.870261 0.072509 0.997368 0.000000 4.575217 0.000000 0.000000 1.000000 0.000000
0.997068 -0.076516 0.000000 44.841546 0.076516 0.997068 0.000000 4.714740 0.000000 0.000000 1.000000 0.000000
0.996724 -0.080882 0.000000 46.825811 0.080882 0.996724 0.000000 4.864962 0.000000 0.000000 1.000000 0.000000
0.996370 -0.085126 0.000000 48.823304 0.085126 0.996370 0.000000 5.021153 0.000000 0.000000 1.000000 0.000000
0.995967 -0.089722 0.000000 50.797235 0.089722 0.995967 0.000000 5.186060 0.000000 0.000000 1.000000 0.000000
0.995738 -0.092230 0.000000 52.763338 0.092230 0.995738 0.000000 5.356674 0.000000 0.000000 1.000000 0.000000
0.995784 -0.091726 0.000000 54.699549 0.091726 0.995784 0.000000 5.523888 0.000000 0.000000 1.000000 0.000000
0.996137 -0.087816 0.000000 56.613606 0.087816 0.996137 0.000000 5.683829 0.000000 0.000000 1.000000 0.000000
0.996569 -0.082766 0.000000 58.529916 0.082766 0.996569 0.000000 5.837340 0.000000 0.000000 1.000000 0.000000
0.996919 -0.078439 0.000000 60.430641 0.078439 0.996919 0.000000 5.981316 0.000000 0.000000 1.000000 0.000000
0.997189 -0.074927 0.000000 62.276412 0.074927 0.997189 0.000000 6.118077 0.000000 0.000000 1.000000 0.000000
0.997470 -0.071083 0.000000 64.098326 0.071083 0.997470 0.000000 6.242077 0.000000 0.000000 1.000000 0.000000
0.997673 -0.068186 0.000000 65.919328 0.068186 0.997673 0.000000 6.360960 0.000000 0.000000 1.000000 0.000000
0.998093 -0.061727 0.000000 67.744060 0.061727 0.998093 0.000000 6.471524 0.000000 0.000000 1.000000 0.000000
0.998449 -0.055665 0.000000 69.488533 0.055665 0.998449 0.000000 6.564082 0.000000 0.000000 1.000000 0.000000
0.998905 -0.046779 0.000000 71.649377 0.046779 0.998905 0.000000 6.667422 0.000000 0.000000 1.000000 0.000000
0.999228 -0.039274 0.000000 73.894088 0.039274 0.999228 0.000000 6.749900 0.000000 0.000000 1.000000 0.000000
0.999439 -0.033503 0.000000 76.103232 0.033503 0.999439 0.000000 6.809786 0.000000 0.000000 1.000000 0.000000
0.999646 -0.026617 0.000000 78.286616 0.026617 0.999646 0.000000 6.866452 0.000000 0.000000 1.000000 0.000000
0.999748 -0.022452 0.000000 80.461809 0.022452 0.999748 0.000000 6.908296 0.000000 0.000000 1.000000 0.000000
0.999798 -0.020118 0.000000 82.635483 0.020118 0.999798 0.000000 6.947078 0.000000 0.000000 1.000000 0.000000
0.999868 -0.016233 0.000000 84.766785 0.016233 0.999868 0.000000 6.981079 0.000000 0.000000 1.000000 0.000000
0.999838 -0.018014 0.000000 86.858999 0.018014 0.999838 0.000000 7.011301 0.000000 0.000000 1.000000 0.000000
0.999773 -0.021304 0.000000 88.921397 0.021304 0.999773 0.000000 7.047527 0.000000 0.000000 1.000000 0.000000
0.999685 -0.025115 0.000000 90.955411 0.025115 0.999685 0.000000 7.095450 0.000000 0.000000 1.000000 0.000000
0.999548 -0.030073 0.000000 92.965587 0.030073 0.999548 0.000000 7.149948 0.000000 0.000000 1.000000 0.000000
0.999387 -0.035006 0.000000 94.912608 0.035006 0.999387 0.000000 7.207851 0.000000 0.000000 1.000000 0.000000
0.999062 -0.043303 0.000000 96.838541 0.043303 0.999062 0.000000 7.280016 0.000000 0.000000 1.000000 0.000000
0.998734 -0.050303 0.000000 98.753332 0.050303 0.998734 0.000000 7.371893 0.000000 0.000000 1.000000 0.000000
0.998321 -0.057932 0.000000 100.650423 0.057932 0.998321 0.000000 7.472424 0.000000 0.000000 1.000000 0.000000
0.997960 -0.063839 0.000000 102.457090 0.063839 0.997960 0.000000 7.580302 0.000000 0.000000 1.000000 0.000000
0.997549 -0.069975 0.000000 104.236082 0.069975 0.997549 0.000000 7.694995 0.000000 0.000000 1.000000 0.000000
0.997123 -0.075805 0.000000 106.155462 0.075805 0.997123 0.000000 7.833937 0.000000 0.000000 1.000000 0.000000
0.996642 -0.081885 0.000000 108.345122 0.081885 0.996642 0.000000 7.994948 0.000000 0.000000 1.000000 0.000000
0.996240 -0.086636 0.000000 110.498020 0.086636 0.996240 0.000000 8.171312 0.000000 0.000000 1.000000 0.000000
0.995800 -0.091556 0.000000 112.614056 0.091556 0.995800 0.000000 8.355503 0.000000 0.000000 1.000000 0.000000
0.995405 -0.095754 0.000000 114.722290 0.095754 0.995405 0.000000 8.543383 0.000000 0.000000 1.000000 0.000000
0.995117 -0.098704 0.000000 116.788023 0.098704 0.995117 0.000000 8.740498 0.000000 0.000000 1.000000 0.000000
0.994842 -0.101441 0.000000 118.806815 0.101441 0.994842 0.000000 8.932531 0.000000 0.000000 1.000000 0.000000
0.994602 -0.103767 0.000000 120.776459 0.103767 0.994602 0.000000 9.128155 0.000000 0.000000 1.000000 0.000000
0.994506 -0.104676 0.000000 122.737617 0.104676 0.994506 0.000000 9.324122 0.000000 0.000000 1.000000 0.000000
0.994574 -0.104028 0.000000 124.694387 0.104028 0.994574 0.000000 9.521533 0.000000 0.000000 1.000000 0.000000
0.994735 -0.102479 0.000000 126.608324 0.102479 0.994735 0.000000 9.712214 0.000000 0.000000 1.000000 0.000000
0.995152 -0.098347 0.000000 128.480577 0.098347 0.995152 0.000000 9.901842 0.000000 0.000000 1.000000 0.000000
0.995662 -0.093049 0.000000 130.365430 0.093049 0.995662 0.000000 10.080545 0.000000 0.000000 1.000000 0.000000
0.996187 -0.087240 0.000000 132.248390 0.087240 0.996187 0.000000 10.250446 0.000000 0.000000 1.000000 0.000000
0.996666 -0.081593 0.000000 134.315351 0.081593 0.996666 0.000000 10.423708 0.000000 0.000000 1.000000 0.000000
0.997016 -0.077199 0.000000 136.598851 0.077199 0.997016 0.000000 10.596960 0.000000 0.000000 1.000000 0.000000
0.997137 -0.075617 0.000000 138.831508 0.075617 0.997137 0.000000 10.777280 0.000000 0.000000 1.000000 0.000000
0.997062 -0.076604 0.000000 141.048268 0.076604 0.997062 0.000000 10.949403 0.000000 0.000000 1.000000 0.000000
0.996988 -0.077559 0.000000 143.255967 0.077559 0.996988 0.000000 11.118519 0.000000 0.000000 1.000000 0.000000
0.996975 -0.077729 0.000000 145.443064 0.077729 0.996975 0.000000 11.300161 0.000000 0.000000 1.000000 0.000000
0.997034 -0.076962 0.000000 147.605064 0.076962 0.997034 0.000000 11.470723 0.000000 0.000000 1.000000 0.000000
0.997101 -0.076089 0.000000 149.738037 0.076089 0.997101 0.000000 11.642248 0.000000 0.000000 1.000000 0.000000
0.997101 -0.076095 0.000000 151.812976 0.076095 0.997101 0.000000 11.800673 0.000000 0.000000 1.000000 0.000000
0.997072 -0.076472 0.000000 153.878283 0.076472 0.997072 0.000000 11.952246 0.000000 0.000000 1.000000 0.000000
0.996966 -0.077843 0.000000 155.933467 0.077843 0.996966 0.000000 12.104173 0.000000 0.000000 1.000000 0.000000
0.996843 -0.079400 0.000000 157.986988 0.079400 0.996843 0.000000 12.256920 0.000000 0.000000 1.000000 0.000000
0.996674 -0.081496 0.000000 159.957373 0.081496 0.996674 0.000000 12.415936 0.000000 0.000000 1.000000 0.000000
0.996467 -0.083984 0.000000 162.389728 0.083984 0.996467 0.000000 12.620251 0.000000 0.000000 1.000000 0.000000
0.996280 -0.086179 0.000000 164.806379 0.086179 0.996280 0.000000 12.830046 0.000000 0.000000 1.000000 0.000000
0.996156 -0.087598 0.000000 167.197053 0.087598 0.996156 0.000000 13.037371 0.000000 0.000000 1.000000 0.000000
0.995975 -0.089627 0.000000 169.588107 0.089627 0.995975 0.000000 13.236300 0.000000 0.000000 1.000000 0.000000
0.995824 -0.091297 0.000000 171.948680 0.091297 0.995824 0.000000 13.435199 0.000000 0.000000 1.000000 0.000000
