1.000000 0.000012 0.000000 0.000355 -0.000012 1.000000 0.000000 -0.000812 0.000000 0.000000 1.000000 0.000000
1.000000 0.000021 0.000000 0.000702 -0.000021 1.000000 0.000000 -0.001564 0.000000 0.000000 1.000000 0.000000
1.000000 0.000027 0.000000 0.001144 -0.000027 1.000000 0.000000 -0.002161 0.000000 0.000000 1.000000 0.000000
1.000000 0.000026 0.000000 0.001404 -0.000026 1.000000 0.000000 -0.003123 0.000000 0.000000 1.000000 0.000000
1.000000 0.000037 0.000000 0.000905 -0.000037 1.000000 0.000000 -0.004057 0.000000 0.000000 1.000000 0.000000
1.000000 0.000029 0.000000 0.001144 -0.000029 1.000000 0.000000 -0.004203 0.000000 0.000000 1.000000 0.000000
1.000000 0.000041 0.000000 0.000066 -0.000041 1.000000 0.000000 -0.005249 0.000000 0.000000 1.000000 0.000000
1.000000 0.000042 0.000000 -0.000103 -0.000042 1.000000 0.000000 -0.005897 0.000000 0.000000 1.000000 0.000000
1.000000 0.000040 0.000000 -0.000080 -0.000040 1.000000 0.000000 -0.006342 0.000000 0.000000 1.000000 0.000000
1.000000 0.000062 0.000000 -0.000048 -0.000062 1.000000 0.000000 -0.007388 0.000000 0.000000 1.000000 0.000000
1.000000 0.000088 0.000000 0.000387 -0.000088 1.000000 0.000000 -0.008634 0.000000 0.000000 1.000000 0.000000
1.000000 0.000080 0.000000 0.000778 -0.000080 1.000000 0.000000 -0.009609 0.000000 0.000000 1.000000 0.000000
1.000000 0.000101 0.000000 0.001134 -0.000101 1.000000 0.000000 -0.010892 0.000000 0.000000 1.000000 0.000000
1.000000 0.000112 0.000000 0.001584 -0.000112 1.000000 0.000000 -0.011703 0.000000 0.000000 1.000000 0.000000
1.000000 0.000118 0.000000 0.002017 -0.000118 1.000000 0.000000 -0.012523 0.000000 0.000000 1.000000 0.000000
1.000000 0.000150 0.000000 0.001124 -0.000150 1.000000 0.000000 -0.013426 0.000000 0.000000 1.000000 0.000000
1.000000 0.000167 0.000000 0.001985 -0.000167 1.000000 0.000000 -0.013615 0.000000 0.000000 1.000000 0.000000
1.000000 0.000166 0.000000 0.004351 -0.000166 1.000000 0.000000 -0.015137 0.000000 0.000000 1.000000 0.000000
1.000000 0.000148 0.000000 0.004473 -0.000148 1.000000 0.000000 -0.016194 0.000000 0.000000 1.000000 0.000000
1.000000 0.000154 0.000000 0.004939 -0.000154 1.000000 0.000000 -0.017039 0.000000 0.000000 1.000000 0.000000
1.000000 0.000140 0.000000 0.005359 -0.000140 1.000000 0.000000 -0.018044 0.000000 0.000000 1.000000 0.000000
1.000000 0.000153 0.000000 0.005667 -0.000153 1.000000 0.000000 -0.018509 0.000000 0.000000 1.000000 0.000000
1.000000 0.000164 0.000000 0.005942 -0.000164 1.000000 0.000000 -0.019187 0.000000 0.000000 1.000000 0.000000
1.000000 0.000179 0.000000 0.006382 -0.000179 1.000000 0.000000 -0.020134 0.000000 0.000000 1.000000 0.000000
1.000000 0.000197 0.000000 0.006838 -0.000197 1.000000 0.000000 -0.021093 0.000000 0.000000 1.000000 0.000000
1.000000 0.000246 0.000000 0.008081 -0.000246 1.000000 0.000000 -0.022292 0.000000 0.000000 1.000000 0.000000
1.000000 0.000337 0.000000 0.009486 -0.000337 1.000000 0.000000 -0.024972 0.000000 0.000000 1.000000 0.000000
1.000000 0.000343 0.000000 0.010193 -0.000343 1.000000 0.000000 -0.025754 0.000000 0.000000 1.000000 0.000000
1.000000 0.000363 0.000000 0.011919 -0.000363 1.000000 0.000000 -0.027147 0.000000 0.000000 1.000000 0.000000
1.000000 0.000351 0.000000 0.014883 -0.000351 1.000000 0.000000 -0.028058 0.000000 0.000000 1.000000 0.000000
1.000000 0.000358 0.000000 0.015401 -0.000358 1.000000 0.000000 -0.029008 0.000000 0.000000 1.000000 0.000000
1.000000 0.000383 0.000000 0.022525 -0.000383 1.000000 0.000000 -0.034752 0.000000 0.000000 1.000000 0.000000
1.000000 0.000364 0.000000 0.030421 -0.000364 1.000000 0.000000 -0.035330 0.000000 0.000000 1.000000 0.000000
1.000000 0.000365 0.000000 0.032133 -0.000365 1.000000 0.000000 -0.036839 0.000000 0.000000 1.000000 0.000000
1.000000 0.000354 0.000000 0.033278 -0.000354 1.000000 0.000000 -0.037981 0.000000 0.000000 1.000000 0.000000
1.000000 0.000339 0.000000 0.034536 -0.000339 1.000000 0.000000 -0.038562 0.000000 0.000000 1.000000 0.000000
1.000000 0.000354 0.000000 0.035852 -0.000354 1.000000 0.000000 -0.039820 0.000000 0.000000 1.000000 0.000000
1.000000 0.000357 0.000000 0.037114 -0.000357 1.000000 0.000000 -0.040385 0.000000 0.000000 1.000000 0.000000
1.000000 0.000335 0.000000 0.043404 -0.000335 1.000000 0.000000 -0.040940 0.000000 0.000000 1.000000 0.000000
1.000000 0.000329 0.000000 0.044087 -0.000329 1.000000 0.000000 -0.042685 0.000000 0.000000 1.000000 0.000000
1.000000 0.000326 0.000000 0.044811 -0.000326 1.000000 0.000000 -0.043371 0.000000 0.000000 1.000000 0.000000
1.000000 0.000332 0.000000 0.045514 -0.000332 1.000000 0.000000 -0.044150 0.000000 0.000000 1.000000 0.000000
1.000000 0.000349 0.000000 0.046106 -0.000349 1.000000 0.000000 -0.044764 0.000000 0.000000 1.000000 0.000000
1.000000 0.000348 0.000000 0.046670 -0.000348 1.000000 0.000000 -0.045441 0.000000 0.000000 1.000000 0.000000
1.000000 0.000350 0.000000 0.047250 -0.000350 1.000000 0.000000 -0.046171 0.000000 0.000000 1.000000 0.000000
1.000000 0.000354 0.000000 0.047733 -0.000354 1.000000 0.000000 -0.046792 0.000000 0.000000 1.000000 0.000000
1.000000 0.000369 0.000000 0.048436 -0.000369 1.000000 0.000000 -0.047568 0.000000 0.000000 1.000000 0.000000
1.000000 0.000367 0.000000 0.049097 -0.000367 1.000000 0.000000 -0.048112 0.000000 0.000000 1.000000 0.000000
1.000000 0.000367 0.000000 0.049928 -0.000367 1.000000 0.000000 -0.048776 0.000000 0.000000 1.000000 0.000000
1.000000 0.000375 0.000000 0.050546 -0.000375 1.000000 0.000000 -0.049367 0.000000 0.000000 1.000000 0.000000
1.000000 0.000379 0.000000 0.050993 -0.000379 1.000000 0.000000 -0.050033 0.000000 0.000000 1.000000 0.000000
1.000000 0.000385 0.000000 0.051542 -0.000385 1.000000 0.000000 -0.050752 0.000000 0.000000 1.000000 0.000000
1.000000 0.000386 0.000000 0.052331 -0.000386 1.000000 0.000000 -0.051365 0.000000 0.000000 1.000000 0.000000
1.000000 0.000395 0.000000 0.053047 -0.000395 1.000000 0.000000 -0.052118 0.000000 0.000000 1.000000 0.000000
1.000000 0.000402 0.000000 0.053741 -0.000402 1.000000 0.000000 -0.052954 0.000000 0.000000 1.000000 0.000000
1.000000 0.000406 0.000000 0.054427 -0.000406 1.000000 0.000000 -0.053734 0.000000 0.000000 1.000000 0.000000
1.000000 0.000414 0.000000 0.054730 -0.000414 1.000000 0.000000 -0.054434 0.000000 0.000000 1.000000 0.000000
1.000000 0.000422 0.000000 0.055270 -0.000422 1.000000 0.000000 -0.055174 0.000000 0.000000 1.000000 0.000000
1.000000 0.000427 0.000000 0.055707 -0.000427 1.000000 0.000000 -0.055966 0.000000 0.000000 1.000000 0.000000
1.000000 0.000435 0.000000 0.055942 -0.000435 1.000000 0.000000 -0.056809 0.000000 0.000000 1.000000 0.000000
1.000000 0.000441 0.000000 0.056545 -0.000441 1.000000 0.000000 -0.057543 0.000000 0.000000 1.000000 0.000000
1.000000 0.000453 0.000000 0.056919 -0.000453 1.000000 0.000000 -0.058220 0.000000 0.000000 1.000000 0.000000
1.000000 0.000465 0.000000 0.057394 -0.000465 1.000000 0.000000 -0.059074 0.000000 0.000000 1.000000 0.000000
1.000000 0.000468 0.000000 0.057879 -0.000468 1.000000 0.000000 -0.059692 0.000000 0.000000 1.000000 0.000000
1.000000 0.000473 0.000000 0.058392 -0.000473 1.000000 0.000000 -0.060380 0.000000 0.000000 1.000000 0.000000
1.000000 0.000474 0.000000 0.058934 -0.000474 1.000000 0.000000 -0.060995 0.000000 0.000000 1.000000 0.000000
1.000000 0.000478 0.000000 0.059435 -0.000478 1.000000 0.000000 -0.061611 0.000000 0.000000 1.000000 0.000000
1.000000 0.000481 0.000000 0.059952 -0.000481 1.000000 0.000000 -0.062384 0.000000 0.000000 1.000000 0.000000
1.000000 0.000491 0.000000 0.060357 -0.000491 1.000000 0.000000 -0.063166 0.000000 0.000000 1.000000 0.000000
1.000000 0.000503 0.000000 0.058713 -0.000503 1.000000 0.000000 -0.064024 0.000000 0.000000 1.000000 0.000000
1.000000 0.000513 0.000000 0.056467 -0.000513 1.000000 0.000000 -0.064975 0.000000 0.000000 1.000000 0.000000
1.000000 0.000528 0.000000 0.055610 -0.000528 1.000000 0.000000 -0.065880 0.000000 0.000000 1.000000 0.000000
1.000000 0.000537 0.000000 0.055345 -0.000537 1.000000 0.000000 -0.066585 0.000000 0.000000 1.000000 0.000000
1.000000 0.000552 0.000000 0.055406 -0.000552 1.000000 0.000000 -0.067393 0.000000 0.000000 1.000000 0.000000
1.000000 0.000552 0.000000 0.056204 -0.000552 1.000000 0.000000 -0.068140 0.000000 0.000000 1.000000 0.000000
1.000000 0.000553 0.000000 0.056609 -0.000553 1.000000 0.000000 -0.068695 0.000000 0.000000 1.000000 0.000000
1.000000 0.000546 0.000000 0.058907 -0.000546 1.000000 0.000000 -0.069709 0.000000 0.000000 1.000000 0.000000
1.000000 0.000546 0.000000 0.059447 -0.000546 1.000000 0.000000 -0.070401 0.000000 0.000000 1.000000 0.000000
1.000000 0.000585 0.000000 0.060039 -0.000585 1.000000 0.000000 -0.071341 0.000000 0.000000 1.000000 0.000000
1.000000 0.000590 0.000000 0.060401 -0.000590 1.000000 0.000000 -0.072071 0.000000 0.000000 1.000000 0.000000
1.000000 0.000617 0.000000 0.060908 -0.000617 1.000000 0.000000 -0.072841 0.000000 0.000000 1.000000 0.000000
1.000000 0.000630 0.000000 0.061439 -0.000630 1.000000 0.000000 -0.073587 0.000000 0.000000 1.000000 0.000000
1.000000 0.000637 0.000000 0.062177 -0.000637 1.000000 0.000000 -0.074325 0.000000 0.000000 1.000000 0.000000
1.000000 0.000639 0.000000 0.062590 -0.000639 1.000000 0.000000 -0.075082 0.000000 0.000000 1.000000 0.000000
1.000000 0.000650 0.000000 0.063120 -0.000650 1.000000 0.000000 -0.075960 0.000000 0.000000 1.000000 0.000000
1.000000 0.000668 0.000000 0.063815 -0.000668 1.000000 0.000000 -0.077000 0.000000 0.000000 1.000000 0.000000
1.000000 0.000667 0.000000 0.064252 -0.000667 1.000000 0.000000 -0.077670 0.000000 0.000000 1.000000 0.000000
1.000000 0.000673 0.000000 0.064772 -0.000673 1.000000 0.000000 -0.078564 0.000000 0.000000 1.000000 0.000000
1.000000 0.000700 0.000000 0.065320 -0.000700 1.000000 0.000000 -0.079463 0.000000 0.000000 1.000000 0.000000
1.000000 0.000677 0.000000 0.065789 -0.000677 1.000000 0.000000 -0.079766 0.000000 0.000000 1.000000 0.000000
1.000000 0.000676 0.000000 0.066349 -0.000676 1.000000 0.000000 -0.080441 0.000000 0.000000 1.000000 0.000000
1.000000 0.000692 0.000000 0.066898 -0.000692 1.000000 0.000000 -0.081324 0.000000 0.000000 1.000000 0.000000
1.000000 0.000699 0.000000 0.067466 -0.000699 1.000000 0.000000 -0.082067 0.000000 0.000000 1.000000 0.000000
1.000000 0.000704 0.000000 0.068005 -0.000704 1.000000 0.000000 -0.082749 0.000000 0.000000 1.000000 0.000000
1.000000 0.000711 0.000000 0.068527 -0.000711 1.000000 0.000000 -0.083458 0.000000 0.000000 1.000000 0.000000
1.000000 0.000714 0.000000 0.069237 -0.000714 1.000000 0.000000 -0.084214 0.000000 0.000000 1.000000 0.000000
1.000000 0.000731 0.000000 0.069676 -0.000731 1.000000 0.000000 -0.084852 0.000000 0.000000 1.000000 0.000000
1.000000 0.000735 0.000000 0.070203 -0.000735 1.000000 0.000000 -0.085544 0.000000 0.000000 1.000000 0.000000
1.000000 0.000741 0.000000 0.070724 -0.000741 1.000000 0.000000 -0.086241 0.000000 0.000000 1.000000 0.000000
1.000000 0.000745 0.000000 0.071297 -0.000745 1.000000 0.000000 -0.086917 0.000000 0.000000 1.000000 0.000000
1.000000 0.000754 0.000000 0.071933 -0.000754 1.000000 0.000000 -0.087732 0.000000 0.000000 1.000000 0.000000
1.000000 0.000759 0.000000 0.072390 -0.000759 1.000000 0.000000 -0.088409 0.000000 0.000000 1.000000 0.000000
1.000000 0.000766 0.000000 0.072981 -0.000766 1.000000 0.000000 -0.089135 0.000000 0.000000 1.000000 0.000000
1.000000 0.000770 0.000000 0.073467 -0.000770 1.000000 0.000000 -0.089770 0.000000 0.000000 1.000000 0.000000
1.000000 0.000773 0.000000 0.073958 -0.000773 1.000000 0.000000 -0.090418 0.000000 0.000000 1.000000 0.000000
1.000000 0.000783 0.000000 0.074340 -0.000783 1.000000 0.000000 -0.091148 0.000000 0.000000 1.000000 0.000000
1.000000 0.000793 0.000000 0.074862 -0.000793 1.000000 0.000000 -0.091927 0.000000 0.000000 1.000000 0.000000
1.000000 0.000798 0.000000 0.075368 -0.000798 1.000000 0.000000 -0.092574 0.000000 0.000000 1.000000 0.000000
1.000000 0.000819 0.000000 0.076155 -0.000819 1.000000 0.000000 -0.093083 0.000000 0.000000 1.000000 0.000000
1.000000 0.000824 0.000000 0.076630 -0.000824 1.000000 0.000000 -0.093816 0.000000 0.000000 1.000000 0.000000
1.000000 0.000847 0.000000 0.077304 -0.000847 1.000000 0.000000 -0.094176 0.000000 0.000000 1.000000 0.000000
1.000000 0.000849 0.000000 0.077770 -0.000849 1.000000 0.000000 -0.094912 0.000000 0.000000 1.000000 0.000000
1.000000 0.000862 0.000000 0.078380 -0.000862 1.000000 0.000000 -0.095647 0.000000 0.000000 1.000000 0.000000
1.000000 0.000864 0.000000 0.078836 -0.000864 1.000000 0.000000 -0.096259 0.000000 0.000000 1.000000 0.000000
1.000000 0.000865 0.000000 0.079296 -0.000865 1.000000 0.000000 -0.096898 0.000000 0.000000 1.000000 0.000000
1.000000 0.000879 0.000000 0.080005 -0.000879 1.000000 0.000000 -0.097734 0.000000 0.000000 1.000000 0.000000
1.000000 0.000881 0.000000 0.080465 -0.000881 1.000000 0.000000 -0.098302 0.000000 0.000000 1.000000 0.000000
1.000000 0.000864 0.000000 0.080832 -0.000864 1.000000 0.000000 -0.098557 0.000000 0.000000 1.000000 0.000000
1.000000 0.000880 0.000000 0.081385 -0.000880 1.000000 0.000000 -0.099509 0.000000 0.000000 1.000000 0.000000
1.000000 0.000889 0.000000 0.081801 -0.000889 1.000000 0.000000 -0.100129 0.000000 0.000000 1.000000 0.000000
1.000000 0.000893 0.000000 0.082339 -0.000893 1.000000 0.000000 -0.100818 0.000000 0.000000 1.000000 0.000000
1.000000 0.000899 0.000000 0.082862 -0.000899 1.000000 0.000000 -0.101404 0.000000 0.000000 1.000000 0.000000
1.000000 0.000917 0.000000 0.083289 -0.000917 1.000000 0.000000 -0.101377 0.000000 0.000000 1.000000 0.000000
1.000000 0.000931 0.000000 0.083940 -0.000931 1.000000 0.000000 -0.102302 0.000000 0.000000 1.000000 0.000000
1.000000 0.000933 0.000000 0.083545 -0.000933 1.000000 0.000000 -0.102906 0.000000 0.000000 1.000000 0.000000
1.000000 0.000938 0.000000 0.082281 -0.000938 1.000000 0.000000 -0.103481 0.000000 0.000000 1.000000 0.000000
1.000000 0.000955 0.000000 0.080573 -0.000955 1.000000 0.000000 -0.104412 0.000000 0.000000 1.000000 0.000000
1.000000 0.000952 0.000000 0.078490 -0.000952 1.000000 0.000000 -0.105142 0.000000 0.000000 1.000000 0.000000
1.000000 0.000974 0.000000 0.077773 -0.000974 1.000000 0.000000 -0.106280 0.000000 0.000000 1.000000 0.000000
1.000000 0.000982 0.000000 0.078097 -0.000982 1.000000 0.000000 -0.106934 0.000000 0.000000 1.000000 0.000000
1.000000 0.000982 0.000000 0.078523 -0.000982 1.000000 0.000000 -0.107465 0.000000 0.000000 1.000000 0.000000
1.000000 0.000992 0.000000 0.078974 -0.000992 1.000000 0.000000 -0.108310 0.000000 0.000000 1.000000 0.000000
1.000000 0.000998 0.000000 0.079240 -0.000998 1.000000 0.000000 -0.108968 0.000000 0.000000 1.000000 0.000000
1.000000 0.000999 0.000000 0.079255 -0.000999 1.000000 0.000000 -0.109670 0.000000 0.000000 1.000000 0.000000
0.999999 0.001010 0.000000 0.077898 -0.001010 0.999999 0.000000 -0.110698 0.000000 0.000000 1.000000 0.000000
0.999999 0.001016 0.000000 0.075582 -0.001016 0.999999 0.000000 -0.112155 0.000000 0.000000 1.000000 0.000000
0.999999 0.001019 0.000000 0.073372 -0.001019 0.999999 0.000000 -0.112954 0.000000 0.000000 1.000000 0.000000
0.999999 0.001058 0.000000 0.071092 -0.001058 0.999999 0.000000 -0.113158 0.000000 0.000000 1.000000 0.000000
0.999999 0.001137 0.000000 0.070443 -0.001137 0.999999 0.000000 -0.113467 0.000000 0.000000 1.000000 0.000000
0.999999 0.001149 0.000000 0.069838 -0.001149 0.999999 0.000000 -0.114985 0.000000 0.000000 1.000000 0.000000
0.999999 0.001144 0.000000 0.069557 -0.001144 0.999999 0.000000 -0.116640 0.000000 0.000000 1.000000 0.000000
0.999999 0.001161 0.000000 0.065165 -0.001161 0.999999 0.000000 -0.120138 0.000000 0.000000 1.000000 0.000000
0.999999 0.001247 0.000000 0.072419 -0.001247 0.999999 0.000000 -0.125573 0.000000 0.000000 1.000000 0.000000
1.000000 0.000346 0.000000 0.001525 -0.000346 1.000000 0.000000 -0.082526 0.000000 0.000000 1.000000 0.000000
0.999999 -0.001140 0.000000 -0.067201 0.001140 0.999999 0.000000 -0.026222 0.000000 0.000000 1.000000 0.000000
0.999998 -0.001813 0.000000 -0.076038 0.001813 0.999998 0.000000 -0.025480 0.000000 0.000000 1.000000 0.000000
0.999998 -0.001812 0.000000 -0.074988 0.001812 0.999998 0.000000 -0.027242 0.000000 0.000000 1.000000 0.000000
0.999998 -0.001799 0.000000 -0.075054 0.001799 0.999998 0.000000 -0.027688 0.000000 0.000000 1.000000 0.000000
0.999998 -0.001806 0.000000 -0.075001 0.001806 0.999998 0.000000 -0.027866 0.000000 0.000000 1.000000 0.000000
0.999998 -0.001840 0.000000 -0.075587 0.001840 0.999998 0.000000 -0.025221 0.000000 0.000000 1.000000 0.000000
0.999998 -0.001812 0.000000 -0.075905 0.001812 0.999998 0.000000 -0.025563 0.000000 0.000000 1.000000 0.000000
0.999998 -0.001788 0.000000 -0.076668 0.001788 0.999998 0.000000 -0.026326 0.000000 0.000000 1.000000 0.000000
0.999998 -0.001811 0.000000 -0.077364 0.001811 0.999998 0.000000 -0.025782 0.000000 0.000000 1.000000 0.000000
0.999998 -0.001821 0.000000 -0.076774 0.001821 0.999998 0.000000 -0.024794 0.000000 0.000000 1.000000 0.000000
0.999998 -0.001829 0.000000 -0.076274 0.001829 0.999998 0.000000 -0.025373 0.000000 0.000000 1.000000 0.000000
0.999998 -0.001824 0.000000 -0.075701 0.001824 0.999998 0.000000 -0.025925 0.000000 0.000000 1.000000 0.000000
0.999998 -0.001815 0.000000 -0.075069 0.001815 0.999998 0.000000 -0.026349 0.000000 0.000000 1.000000 0.000000
0.999998 -0.001829 0.000000 -0.073723 0.001829 0.999998 0.000000 -0.027318 0.000000 0.000000 1.000000 0.000000
0.999998 -0.001846 0.000000 -0.068862 0.001846 0.999998 0.000000 -0.027452 0.000000 0.000000 1.000000 0.000000
0.999998 -0.001843 0.000000 -0.068473 0.001843 0.999998 0.000000 -0.028171 0.000000 0.000000 1.000000 0.000000
0.999998 -0.001838 0.000000 -0.068032 0.001838 0.999998 0.000000 -0.028816 0.000000 0.000000 1.000000 0.000000
0.999998 -0.001820 0.000000 -0.067415 0.001820 0.999998 0.000000 -0.029680 0.000000 0.000000 1.000000 0.000000
0.999998 -0.001806 0.000000 -0.066899 0.001806 0.999998 0.000000 -0.030452 0.000000 0.000000 1.000000 0.000000
0.999998 -0.001788 0.000000 -0.066265 0.001788 0.999998 0.000000 -0.031359 0.000000 0.000000 1.000000 0.000000
0.999998 -0.001775 0.000000 -0.065668 0.001775 0.999998 0.000000 -0.031949 0.000000 0.000000 1.000000 0.000000
0.999999 -0.001728 0.000000 -0.065123 0.001728 0.999999 0.000000 -0.033305 0.000000 0.000000 1.000000 0.000000
0.999998 -0.001740 0.000000 -0.064378 0.001740 0.999998 0.000000 -0.033201 0.000000 0.000000 1.000000 0.000000
0.999999 -0.001728 0.000000 -0.063946 0.001728 0.999999 0.000000 -0.034066 0.000000 0.000000 1.000000 0.000000
0.999999 -0.001717 0.000000 -0.063727 0.001717 0.999999 0.000000 -0.034901 0.000000 0.000000 1.000000 0.000000
0.999999 -0.001710 0.000000 -0.063176 0.001710 0.999999 0.000000 -0.035554 0.000000 0.000000 1.000000 0.000000
0.999999 -0.001709 0.000000 -0.062726 0.001709 0.999999 0.000000 -0.036127 0.000000 0.000000 1.000000 0.000000
0.999999 -0.001702 0.000000 -0.062195 0.001702 0.999999 0.000000 -0.036829 0.000000 0.000000 1.000000 0.000000
0.999999 -0.001696 0.000000 -0.062392 0.001696 0.999999 0.000000 -0.037445 0.000000 0.000000 1.000000 0.000000
0.999999 -0.001677 0.000000 -0.063586 0.001677 0.999999 0.000000 -0.038293 0.000000 0.000000 1.000000 0.000000
0.999999 -0.001672 0.000000 -0.063649 0.001672 0.999999 0.000000 -0.038891 0.000000 0.000000 1.000000 0.000000
0.999999 -0.001662 0.000000 -0.066789 0.001662 0.999999 0.000000 -0.040145 0.000000 0.000000 1.000000 0.000000
0.999999 -0.001652 0.000000 -0.067988 0.001652 0.999999 0.000000 -0.041156 0.000000 0.000000 1.000000 0.000000
0.999999 -0.001645 0.000000 -0.067814 0.001645 0.999999 0.000000 -0.041892 0.000000 0.000000 1.000000 0.000000
0.999999 -0.001640 0.000000 -0.067626 0.001640 0.999999 0.000000 -0.042650 0.000000 0.000000 1.000000 0.000000
0.999999 -0.001633 0.000000 -0.067141 0.001633 0.999999 0.000000 -0.043372 0.000000 0.000000 1.000000 0.000000
0.999999 -0.001636 0.000000 -0.066363 0.001636 0.999999 0.000000 -0.044338 0.000000 0.000000 1.000000 0.000000
0.999999 -0.001636 0.000000 -0.066191 0.001636 0.999999 0.000000 -0.045205 0.000000 0.000000 1.000000 0.000000
0.999999 -0.001626 0.000000 -0.066334 0.001626 0.999999 0.000000 -0.045957 0.000000 0.000000 1.000000 0.000000
0.999999 -0.001619 0.000000 -0.066274 0.001619 0.999999 0.000000 -0.046752 0.000000 0.000000 1.000000 0.000000
0.999999 -0.001616 0.000000 -0.066107 0.001616 0.999999 0.000000 -0.047518 0.000000 0.000000 1.000000 0.000000
0.999999 -0.001610 0.000000 -0.066035 0.001610 0.999999 0.000000 -0.048163 0.000000 0.000000 1.000000 0.000000
0.999999 -0.001605 0.000000 -0.066148 0.001605 0.999999 0.000000 -0.048803 0.000000 0.000000 1.000000 0.000000
0.999999 -0.001591 0.000000 -0.066135 0.001591 0.999999 0.000000 -0.049523 0.000000 0.000000 1.000000 0.000000
0.999999 -0.001585 0.000000 -0.065785 0.001585 0.999999 0.000000 -0.050239 0.000000 0.000000 1.000000 0.000000
0.999999 -0.001570 0.000000 -0.067646 0.001570 0.999999 0.000000 -0.050964 0.000000 0.000000 1.000000 0.000000
0.999999 -0.001523 0.000000 -0.071528 0.001523 0.999999 0.000000 -0.051673 0.000000 0.000000 1.000000 0.000000
0.999999 -0.001486 0.000000 -0.074766 0.001486 0.999999 0.000000 -0.051749 0.000000 0.000000 1.000000 0.000000
0.999999 -0.001413 0.000000 -0.079680 0.001413 0.999999 0.000000 -0.050637 0.000000 0.000000 1.000000 0.000000
0.999999 -0.001389 0.000000 -0.078296 0.001389 0.999999 0.000000 -0.051223 0.000000 0.000000 1.000000 0.000000
0.999999 -0.001293 0.000000 -0.080291 0.001293 0.999999 0.000000 -0.049446 0.000000 0.000000 1.000000 0.000000
0.999999 -0.001204 0.000000 -0.081814 0.001204 0.999999 0.000000 -0.046194 0.000000 0.000000 1.000000 0.000000
0.999999 -0.001138 0.000000 -0.082080 0.001138 0.999999 0.000000 -0.045124 0.000000 0.000000 1.000000 0.000000
0.999999 -0.001109 0.000000 -0.076064 0.001109 0.999999 0.000000 -0.043712 0.000000 0.000000 1.000000 0.000000
0.999999 -0.001139 0.000000 -0.075584 0.001139 0.999999 0.000000 -0.045875 0.000000 0.000000 1.000000 0.000000
0.999999 -0.001107 0.000000 -0.075756 0.001107 0.999999 0.000000 -0.045732 0.000000 0.000000 1.000000 0.000000
0.999999 -0.001077 0.000000 -0.072803 0.001077 0.999999 0.000000 -0.044434 0.000000 0.000000 1.000000 0.000000
0.999999 -0.001042 0.000000 -0.071708 0.001042 0.999999 0.000000 -0.043135 0.000000 0.000000 1.000000 0.000000
0.999999 -0.001017 0.000000 -0.071023 0.001017 0.999999 0.000000 -0.042726 0.000000 0.000000 1.000000 0.000000
0.999999 -0.001012 0.000000 -0.069868 0.001012 0.999999 0.000000 -0.043349 0.000000 0.000000 1.000000 0.000000
1.000000 -0.000993 0.000000 -0.069069 0.000993 1.000000 0.000000 -0.043859 0.000000 0.000000 1.000000 0.000000
1.000000 -0.000997 0.000000 -0.068779 0.000997 1.000000 0.000000 -0.043728 0.000000 0.000000 1.000000 0.000000
1.000000 -0.000973 0.000000 -0.067461 0.000973 1.000000 0.000000 -0.042613 0.000000 0.000000 1.000000 0.000000
0.999999 -0.001105 0.000000 -0.067105 0.001105 0.999999 0.000000 -0.045132 0.000000 0.000000 1.000000 0.000000
0.999999 -0.001155 0.000000 -0.067806 0.001155 0.999999 0.000000 -0.045364 0.000000 0.000000 1.000000 0.000000
0.999999 -0.001148 0.000000 -0.068831 0.001148 0.999999 0.000000 -0.043967 0.000000 0.000000 1.000000 0.000000
0.999999 -0.001190 0.000000 -0.067200 0.001190 0.999999 0.000000 -0.045350 0.000000 0.000000 1.000000 0.000000
0.999999 -0.001175 0.000000 -0.065438 0.001175 0.999999 0.000000 -0.045330 0.000000 0.000000 1.000000 0.000000
0.999999 -0.001134 0.000000 -0.067341 0.001134 0.999999 0.000000 -0.044789 0.000000 0.000000 1.000000 0.000000
0.999999 -0.001145 0.000000 -0.068331 0.001145 0.999999 0.000000 -0.044868 0.000000 0.000000 1.000000 0.000000
0.999999 -0.001210 0.000000 -0.072545 0.001210 0.999999 0.000000 -0.045924 0.000000 0.000000 1.000000 0.000000
0.999999 -0.001451 0.000000 -0.080154 0.001451 0.999999 0.000000 -0.049789 0.000000 0.000000 1.000000 0.000000
0.999999 -0.001546 0.000000 -0.087422 0.001546 0.999999 0.000000 -0.050796 0.000000 0.000000 1.000000 0.000000
0.999998 -0.001887 0.000000 -0.093943 0.001887 0.999998 0.000000 -0.057444 0.000000 0.000000 1.000000 0.000000
0.999998 -0.002090 0.000000 -0.100544 0.002090 0.999998 0.000000 -0.062270 0.000000 0.000000 1.000000 0.000000
0.999998 -0.002220 0.000000 -0.103622 0.002220 0.999998 0.000000 -0.065525 0.000000 0.000000 1.000000 0.000000
0.999997 -0.002250 0.000000 -0.104845 0.002250 0.999997 0.000000 -0.066440 0.000000 0.000000 1.000000 0.000000
0.999997 -0.002294 0.000000 -0.107432 0.002294 0.999997 0.000000 -0.067921 0.000000 0.000000 1.000000 0.000000
0.999997 -0.002360 0.000000 -0.108922 0.002360 0.999997 0.000000 -0.070368 0.000000 0.000000 1.000000 0.000000
0.999997 -0.002386 0.000000 -0.109174 0.002386 0.999997 0.000000 -0.071313 0.000000 0.000000 1.000000 0.000000
0.999997 -0.002413 0.000000 -0.109028 0.002413 0.999997 0.000000 -0.072493 0.000000 0.000000 1.000000 0.000000
0.999997 -0.002425 0.000000 -0.109213 0.002425 0.999997 0.000000 -0.073344 0.000000 0.000000 1.000000 0.000000
0.999997 -0.002442 0.000000 -0.109416 0.002442 0.999997 0.000000 -0.074456 0.000000 0.000000 1.000000 0.000000
0.999997 -0.002473 0.000000 -0.109937 0.002473 0.999997 0.000000 -0.075962 0.000000 0.000000 1.000000 0.000000
0.999996 -0.002698 0.000000 -0.112708 0.002698 0.999996 0.000000 -0.080369 0.000000 0.000000 1.000000 0.000000
0.999996 -0.002971 0.000000 -0.116185 0.002971 0.999996 0.000000 -0.088027 0.000000 0.000000 1.000000 0.000000
0.999994 -0.003454 0.000000 -0.130169 0.003454 0.999994 0.000000 -0.104275 0.000000 0.000000 1.000000 0.000000
0.999990 -0.004400 0.000000 -0.173114 0.004400 0.999990 0.000000 -0.145947 0.000000 0.000000 1.000000 0.000000
0.999985 -0.005388 0.000000 -0.226506 0.005388 0.999985 0.000000 -0.191943 0.000000 0.000000 1.000000 0.000000
0.999964 -0.008490 0.000000 -0.379775 0.008490 0.999964 0.000000 -0.293256 0.000000 0.000000 1.000000 0.000000
0.999964 -0.008537 0.000000 -0.456210 0.008537 0.999964 0.000000 -0.300079 0.000000 0.000000 1.000000 0.000000
0.999975 -0.007115 0.000000 -0.491170 0.007115 0.999975 0.000000 -0.291832 0.000000 0.000000 1.000000 0.000000
0.999966 -0.008250 0.000000 -0.544216 0.008250 0.999966 0.000000 -0.245660 0.000000 0.000000 1.000000 0.000000
0.999965 -0.008396 0.000000 -0.554018 0.008396 0.999965 0.000000 -0.235947 0.000000 0.000000 1.000000 0.000000
0.999965 -0.008405 0.000000 -0.553472 0.008405 0.999965 0.000000 -0.235868 0.000000 0.000000 1.000000 0.000000
0.999965 -0.008405 0.000000 -0.553209 0.008405 0.999965 0.000000 -0.235979 0.000000 0.000000 1.000000 0.000000
0.999965 -0.008388 0.000000 -0.553137 0.008388 0.999965 0.000000 -0.235960 0.000000 0.000000 1.000000 0.000000
0.999965 -0.008366 0.000000 -0.552581 0.008366 0.999965 0.000000 -0.236847 0.000000 0.000000 1.000000 0.000000
0.999965 -0.008359 0.000000 -0.551672 0.008359 0.999965 0.000000 -0.237470 0.000000 0.000000 1.000000 0.000000
0.999965 -0.008366 0.000000 -0.550051 0.008366 0.999965 0.000000 -0.238968 0.000000 0.000000 1.000000 0.000000
0.999965 -0.008346 0.000000 -0.549452 0.008346 0.999965 0.000000 -0.239416 0.000000 0.000000 1.000000 0.000000
0.999965 -0.008324 0.000000 -0.552458 0.008324 0.999965 0.000000 -0.240301 0.000000 0.000000 1.000000 0.000000
0.999965 -0.008307 0.000000 -0.553161 0.008307 0.999965 0.000000 -0.241278 0.000000 0.000000 1.000000 0.000000
0.999966 -0.008305 0.000000 -0.552969 0.008305 0.999966 0.000000 -0.242642 0.000000 0.000000 1.000000 0.000000
0.999965 -0.008309 0.000000 -0.552147 0.008309 0.999965 0.000000 -0.243816 0.000000 0.000000 1.000000 0.000000
0.999965 -0.008356 0.000000 -0.551751 0.008356 0.999965 0.000000 -0.245369 0.000000 0.000000 1.000000 0.000000
0.999965 -0.008360 0.000000 -0.551146 0.008360 0.999965 0.000000 -0.246437 0.000000 0.000000 1.000000 0.000000
0.999965 -0.008379 0.000000 -0.549902 0.008379 0.999965 0.000000 -0.248364 0.000000 0.000000 1.000000 0.000000
0.999965 -0.008402 0.000000 -0.546489 0.008402 0.999965 0.000000 -0.249137 0.000000 0.000000 1.000000 0.000000
0.999965 -0.008405 0.000000 -0.546316 0.008405 0.999965 0.000000 -0.250512 0.000000 0.000000 1.000000 0.000000
0.999965 -0.008422 0.000000 -0.544875 0.008422 0.999965 0.000000 -0.252337 0.000000 0.000000 1.000000 0.000000
0.999964 -0.008441 0.000000 -0.544164 0.008441 0.999964 0.000000 -0.254963 0.000000 0.000000 1.000000 0.000000
0.999964 -0.008461 0.000000 -0.542945 0.008461 0.999964 0.000000 -0.256864 0.000000 0.000000 1.000000 0.000000
0.999964 -0.008504 0.000000 -0.540545 0.008504 0.999964 0.000000 -0.259180 0.000000 0.000000 1.000000 0.000000
0.999963 -0.008587 0.000000 -0.535421 0.008587 0.999963 0.000000 -0.262614 0.000000 0.000000 1.000000 0.000000
0.999963 -0.008645 0.000000 -0.532684 0.008645 0.999963 0.000000 -0.265734 0.000000 0.000000 1.000000 0.000000
0.999961 -0.008787 0.000000 -0.528211 0.008787 0.999961 0.000000 -0.271492 0.000000 0.000000 1.000000 0.000000
0.999955 -0.009485 0.000000 -0.518434 0.009485 0.999955 0.000000 -0.283519 0.000000 0.000000 1.000000 0.000000
0.999923 -0.012431 0.000000 -0.471943 0.012431 0.999923 0.000000 -0.300019 0.000000 0.000000 1.000000 0.000000
0.999767 -0.021599 0.000000 -0.317596 0.021599 0.999767 0.000000 -0.317434 0.000000 0.000000 1.000000 0.000000
0.999229 -0.039249 0.000000 -0.128429 0.039249 0.999229 0.000000 -0.328293 0.000000 0.000000 1.000000 0.000000
0.997890 -0.064933 0.000000 0.133351 0.064933 0.997890 0.000000 -0.326777 0.000000 0.000000 1.000000 0.000000
0.995470 -0.095080 0.000000 0.417366 0.095080 0.995470 0.000000 -0.311255 0.000000 0.000000 1.000000 0.000000
0.991394 -0.130912 0.000000 0.731653 0.130912 0.991394 0.000000 -0.291432 0.000000 0.000000 1.000000 0.000000
0.985528 -0.169511 0.000000 1.077980 0.169511 0.985528 0.000000 -0.224689 0.000000 0.000000 1.000000 0.000000
0.977798 -0.209550 0.000000 1.448415 0.209550 0.977798 0.000000 -0.126559 0.000000 0.000000 1.000000 0.000000
0.968905 -0.247433 0.000000 1.875626 0.247433 0.968905 0.000000 -0.028063 0.000000 0.000000 1.000000 0.000000
0.960290 -0.279003 0.000000 2.338053 0.279003 0.960290 0.000000 0.112061 0.000000 0.000000 1.000000 0.000000
0.953475 -0.301471 0.000000 2.823971 0.301471 0.953475 0.000000 0.220863 0.000000 0.000000 1.000000 0.000000
0.952122 -0.305720 0.000000 3.397297 0.305720 0.952122 0.000000 0.380226 0.000000 0.000000 1.000000 0.000000
0.954485 -0.298259 0.000000 4.045287 0.298259 0.954485 0.000000 0.581409 0.000000 0.000000 1.000000 0.000000
0.960589 -0.277973 0.000000 4.778692 0.277973 0.960589 0.000000 0.780435 0.000000 0.000000 1.000000 0.000000
0.967636 -0.252349 0.000000 5.666470 0.252349 0.967636 0.000000 0.956976 0.000000 0.000000 1.000000 0.000000
0.974011 -0.226502 0.000000 6.608207 0.226502 0.974011 0.000000 1.150336 0.000000 0.000000 1.000000 0.000000
0.979576 -0.201076 0.000000 7.634710 0.201076 0.979576 0.000000 1.329089 0.000000 0.000000 1.000000 0.000000
0.983544 -0.180669 0.000000 8.726846 0.180669 0.983544 0.000000 1.462339 0.000000 0.000000 1.000000 0.000000
0.987356 -0.158519 0.000000 9.918876 0.158519 0.987356 0.000000 1.602477 0.000000 0.000000 1.000000 0.000000
0.990364 -0.138488 0.000000 11.149432 0.138488 0.990364 0.000000 1.729663 0.000000 0.000000 1.000000 0.000000
0.992500 -0.122243 0.000000 12.476817 0.122243 0.992500 0.000000 1.818450 0.000000 0.000000 1.000000 0.000000
0.993651 -0.112504 0.000000 13.863313 0.112504 0.993651 0.000000 1.915785 0.000000 0.000000 1.000000 0.000000
0.994679 -0.103021 0.000000 15.282377 0.103021 0.994679 0.000000 2.013254 0.000000 0.000000 1.000000 0.000000
0.995746 -0.092135 0.000000 16.735165 0.092135 0.995746 0.000000 2.072915 0.000000 0.000000 1.000000 0.000000
0.996549 -0.083004 0.000000 18.282369 0.083004 0.996549 0.000000 2.184150 0.000000 0.000000 1.000000 0.000000
0.996924 -0.078374 0.000000 19.804164 0.078374 0.996924 0.000000 2.250228 0.000000 0.000000 1.000000 0.000000
0.997130 -0.075705 0.000000 21.364521 0.075705 0.997130 0.000000 2.346406 0.000000 0.000000 1.000000 0.000000
0.997267 -0.073888 0.000000 22.973976 0.073888 0.997267 0.000000 2.476521 0.000000 0.000000 1.000000 0.000000
0.997578 -0.069552 0.000000 24.533081 0.069552 0.997578 0.000000 2.561579 0.000000 0.000000 1.000000 0.000000
0.997759 -0.066911 0.000000 26.212437 0.066911 0.997759 0.000000 2.658250 0.000000 0.000000 1.000000 0.000000
0.997609 -0.069114 0.000000 27.858935 0.069114 0.997609 0.000000 2.760063 0.000000 0.000000 1.000000 0.000000
0.997352 -0.072721 0.000000 29.533836 0.072721 0.997352 0.000000 2.865474 0.000000 0.000000 1.000000 0.000000
0.997090 -0.076232 0.000000 31.222289 0.076232 0.997090 0.000000 3.004748 0.000000 0.000000 1.000000 0.000000
0.996716 -0.080977 0.000000 32.946883 0.080977 0.996716 0.000000 3.130994 0.000000 0.000000 1.000000 0.000000
0.996560 -0.082878 0.000000 34.656420 0.082878 0.996560 0.000000 3.258024 0.000000 0.000000 1.000000 0.000000
0.996654 -0.081731 0.000000 36.413389 0.081731 0.996654 0.000000 3.408993 0.000000 0.000000 1.000000 0.000000
0.996706 -0.081100 0.000000 38.190247 0.081100 0.996706 0.000000 3.542098 0.000000 0.000000 1.000000 0.000000
0.996573 -0.082719 0.000000 39.932971 0.082719 0.996573 0.000000 3.685188 0.000000 0.000000 1.000000 0.000000
0.996431 -0.084409 0.000000 41.721646 0.084409 0.996431 0.000000 3.825856 0.000000 0.000000 1.000000 0.000000
0.996092 -0.088326 0.000000 43.562257 0.088326 0.996092 0.000000 3.983241 0.000000 0.000000 1.000000 0.000000
0.995715 -0.092473 0.000000 45.376690 0.092473 0.995715 0.000000 4.129531 0.000000 0.000000 1.000000 0.000000
0.995506 -0.094696 0.000000 47.209863 0.094696 0.995506 0.000000 4.305497 0.000000 0.000000 1.000000 0.000000
0.995231 -0.097551 0.000000 49.038007 0.097551 0.995231 0.000000 4.474191 0.000000 0.000000 1.000000 0.000000
0.995230 -0.097553 0.000000 50.830668 0.097553 0.995230 0.000000 4.638231 0.000000 0.000000 1.000000 0.000000
0.995382 -0.095997 0.000000 52.643005 0.095997 0.995382 0.000000 4.788560 0.000000 0.000000 1.000000 0.000000
0.995613 -0.093571 0.000000 54.472158 0.093571 0.995613 0.000000 4.948449 0.000000 0.000000 1.000000 0.000000
0.995750 -0.092095 0.000000 56.308157 0.092095 0.995750 0.000000 5.104295 0.000000 0.000000 1.000000 0.000000
0.995905 -0.090411 0.000000 58.157049 0.090411 0.995905 0.000000 5.255637 0.000000 0.000000 1.000000 0.000000
0.996031 -0.089003 0.000000 59.992531 0.089003 0.996031 0.000000 5.394271 0.000000 0.000000 1.000000 0.000000
0.996262 -0.086385 0.000000 61.894167 0.086385 0.996262 0.000000 5.496387 0.000000 0.000000 1.000000 0.000000
0.996440 -0.084306 0.000000 63.703956 0.084306 0.996440 0.000000 5.620046 0.000000 0.000000 1.000000 0.000000
0.996844 -0.079388 0.000000 65.565737 0.079388 0.996844 0.000000 5.740703 0.000000 0.000000 1.000000 0.000000
0.997201 -0.074773 0.000000 67.420608 0.074773 0.997201 0.000000 5.826969 0.000000 0.000000 1.000000 0.000000
0.997484 -0.070892 0.000000 69.307063 0.070892 0.997484 0.000000 5.898093 0.000000 0.000000 1.000000 0.000000
0.997758 -0.066933 0.000000 71.177894 0.066933 0.997758 0.000000 5.967852 0.000000 0.000000 1.000000 0.000000
0.997993 -0.063329 0.000000 73.057209 0.063329 0.997993 0.000000 6.049186 0.000000 0.000000 1.000000 0.000000
0.998166 -0.060544 0.000000 74.936114 0.060544 0.998166 0.000000 6.120147 0.000000 0.000000 1.000000 0.000000
0.998179 -0.060318 0.000000 76.831007 0.060318 0.998179 0.000000 6.227046 0.000000 0.000000 1.000000 0.000000
0.998214 -0.059737 0.000000 78.727273 0.059737 0.998214 0.000000 6.310879 0.000000 0.000000 1.000000 0.000000
0.998164 -0.060566 0.000000 80.626731 0.060566 0.998164 0.000000 6.389179 0.000000 0.000000 1.000000 0.000000
0.997929 -0.064330 0.000000 82.528843 0.064330 0.997929 0.000000 6.452061 0.000000 0.000000 1.000000 0.000000
0.997594 -0.069322 0.000000 84.430677 0.069322 0.997594 0.000000 6.509207 0.000000 0.000000 1.000000 0.000000
0.997229 -0.074396 0.000000 86.316864 0.074396 0.997229 0.000000 6.588066 0.000000 0.000000 1.000000 0.000000
0.996892 -0.078775 0.000000 88.147714 0.078775 0.996892 0.000000 6.702627 0.000000 0.000000 1.000000 0.000000
0.996213 -0.086945 0.000000 90.087645 0.086945 0.996213 0.000000 6.814706 0.000000 0.000000 1.000000 0.000000
0.995352 -0.096304 0.000000 92.008494 0.096304 0.995352 0.000000 6.986743 0.000000 0.000000 1.000000 0.000000
0.994767 -0.102173 0.000000 93.852627 0.102173 0.994767 0.000000 7.123462 0.000000 0.000000 1.000000 0.000000
0.994372 -0.105943 0.000000 95.743987 0.105943 0.994372 0.000000 7.274409 0.000000 0.000000 1.000000 0.000000
0.993974 -0.109620 0.000000 97.597841 0.109620 0.993974 0.000000 7.455126 0.000000 0.000000 1.000000 0.000000
0.993215 -0.116296 0.000000 99.473251 0.116296 0.993215 0.000000 7.628661 0.000000 0.000000 1.000000 0.000000
0.992681 -0.120768 0.000000 101.378459 0.120768 0.992681 0.000000 7.829633 0.000000 0.000000 1.000000 0.000000
0.992508 -0.122181 0.000000 103.261680 0.122181 0.992508 0.000000 8.035081 0.000000 0.000000 1.000000 0.000000
0.992138 -0.125145 0.000000 105.164080 0.125145 0.992138 0.000000 8.227747 0.000000 0.000000 1.000000 0.000000
0.991819 -0.127654 0.000000 107.047553 0.127654 0.991819 0.000000 8.450008 0.000000 0.000000 1.000000 0.000000
0.991771 -0.128028 0.000000 108.914797 0.128028 0.991771 0.000000 8.673134 0.000000 0.000000 1.000000 0.000000
0.991500 -0.130108 0.000000 110.819461 0.130108 0.991500 0.000000 8.868122 0.000000 0.000000 1.000000 0.000000
0.991302 -0.131609 0.000000 112.700149 0.131609 0.991302 0.000000 9.100721 0.000000 0.000000 1.000000 0.000000
0.990890 -0.134673 0.000000 114.589622 0.134673 0.990890 0.000000 9.322750 0.000000 0.000000 1.000000 0.000000
0.990841 -0.135037 0.000000 116.426678 0.135037 0.990841 0.000000 9.541006 0.000000 0.000000 1.000000 0.000000
0.990736 -0.135801 0.000000 118.374120 0.135801 0.990736 0.000000 9.790445 0.000000 0.000000 1.000000 0.000000
0.990907 -0.134551 0.000000 120.268053 0.134551 0.990907 0.000000 10.007948 0.000000 0.000000 1.000000 0.000000
0.991230 -0.132147 0.000000 122.161677 0.132147 0.991230 0.000000 10.227564 0.000000 0.000000 1.000000 0.000000
0.991450 -0.130487 0.000000 124.056054 0.130487 0.991450 0.000000 10.445288 0.000000 0.000000 1.000000 0.000000
0.992180 -0.124819 0.000000 125.995673 0.124819 0.992180 0.000000 10.659011 0.000000 0.000000 1.000000 0.000000
0.992372 -0.123283 0.000000 127.930451 0.123283 0.992372 0.000000 10.883609 0.000000 0.000000 1.000000 0.000000
0.992338 -0.123553 0.000000 129.893137 0.123553 0.992338 0.000000 11.088495 0.000000 0.000000 1.000000 0.000000
0.992199 -0.124663 0.000000 131.830171 0.124663 0.992199 0.000000 11.284145 0.000000 0.000000 1.000000 0.000000
0.992019 -0.126087 0.000000 133.790165 0.126087 0.992019 0.000000 11.494468 0.000000 0.000000 1.000000 0.000000
0.991726 -0.128373 0.000000 135.748117 0.128373 0.991726 0.000000 11.704319 0.000000 0.000000 1.000000 0.000000
0.991615 -0.129225 0.000000 137.678827 0.129225 0.991615 0.000000 11.905373 0.000000 0.000000 1.000000 0.000000
0.991855 -0.127369 0.000000 139.618713 0.127369 0.991855 0.000000 12.099900 0.000000 0.000000 1.000000 0.000000
0.991762 -0.128091 0.000000 141.575775 0.128091 0.991762 0.000000 12.286571 0.000000 0.000000 1.000000 0.000000
0.991540 -0.129804 0.000000 143.595683 0.129804 0.991540 0.000000 12.480649 0.000000 0.000000 1.000000 0.000000
0.991240 -0.132073 0.000000 145.578985 0.132073 0.991240 0.000000 12.678190 0.000000 0.000000 1.000000 0.000000
0.990805 -0.135295 0.000000 147.518577 0.135295 0.990805 0.000000 12.871415 0.000000 0.000000 1.000000 0.000000
0.990442 -0.137929 0.000000 149.480012 0.137929 0.990442 0.000000 13.132604 0.000000 0.000000 1.000000 0.000000
0.990086 -0.140462 0.000000 151.431944 0.140462 0.990086 0.000000 13.392537 0.000000 0.000000 1.000000 0.000000
0.989782 -0.142590 0.000000 153.373734 0.142590 0.989782 0.000000 13.629454 0.000000 0.000000 1.000000 0.000000
0.989611 -0.143770 0.000000 155.321440 0.143770 0.989611 0.000000 13.899530 0.000000 0.000000 1.000000 0.000000
0.989518 -0.144412 0.000000 157.274954 0.144412 0.989518 0.000000 14.175597 0.000000 0.000000 1.000000 0.000000
