1.000000 0.000020 0.000000 0.000162 -0.000020 1.000000 0.000000 0.000580 0.000000 0.000000 1.000000 0.000000
1.000000 0.000033 0.000000 0.000090 -0.000033 1.000000 0.000000 0.001080 0.000000 0.000000 1.000000 0.000000
1.000000 0.000054 0.000000 0.000193 -0.000054 1.000000 0.000000 0.002165 0.000000 0.000000 1.000000 0.000000
1.000000 0.000075 0.000000 0.000382 -0.000075 1.000000 0.000000 0.003276 0.000000 0.000000 1.000000 0.000000
1.000000 0.000090 0.000000 0.000249 -0.000090 1.000000 0.000000 0.003668 0.000000 0.000000 1.000000 0.000000
1.000000 0.000101 0.000000 0.000459 -0.000101 1.000000 0.000000 0.004923 0.000000 0.000000 1.000000 0.000000
1.000000 0.000097 0.000000 0.000354 -0.000097 1.000000 0.000000 0.005229 0.000000 0.000000 1.000000 0.000000
1.000000 0.000083 0.000000 0.000057 -0.000083 1.000000 0.000000 0.005934 0.000000 0.000000 1.000000 0.000000
1.000000 0.000095 0.000000 -0.000132 -0.000095 1.000000 0.000000 0.007015 0.000000 0.000000 1.000000 0.000000
1.000000 0.000123 0.000000 -0.000379 -0.000123 1.000000 0.000000 0.007409 0.000000 0.000000 1.000000 0.000000
1.000000 0.000134 0.000000 -0.000061 -0.000134 1.000000 0.000000 0.007599 0.000000 0.000000 1.000000 0.000000
1.000000 0.000148 0.000000 0.000060 -0.000148 1.000000 0.000000 0.007987 0.000000 0.000000 1.000000 0.000000
1.000000 0.000152 0.000000 0.000051 -0.000152 1.000000 0.000000 0.008091 0.000000 0.000000 1.000000 0.000000
1.000000 0.000131 0.000000 -0.000549 -0.000131 1.000000 0.000000 0.007501 0.000000 0.000000 1.000000 0.000000
1.000000 0.000132 0.000000 -0.000564 -0.000132 1.000000 0.000000 0.008098 0.000000 0.000000 1.000000 0.000000
1.000000 0.000141 0.000000 -0.000458 -0.000141 1.000000 0.000000 0.008503 0.000000 0.000000 1.000000 0.000000
1.000000 0.000160 0.000000 0.000314 -0.000160 1.000000 0.000000 0.009380 0.000000 0.000000 1.000000 0.000000
1.000000 0.000192 0.000000 0.000950 -0.000192 1.000000 0.000000 0.009996 0.000000 0.000000 1.000000 0.000000
1.000000 0.000197 0.000000 0.000948 -0.000197 1.000000 0.000000 0.010870 0.000000 0.000000 1.000000 0.000000
1.000000 0.000180 0.000000 0.001079 -0.000180 1.000000 0.000000 0.011933 0.000000 0.000000 1.000000 0.000000
1.000000 0.000191 0.000000 0.001423 -0.000191 1.000000 0.000000 0.012715 0.000000 0.000000 1.000000 0.000000
1.000000 0.000210 0.000000 0.001575 -0.000210 1.000000 0.000000 0.013109 0.000000 0.000000 1.000000 0.000000
1.000000 0.000224 0.000000 0.001805 -0.000224 1.000000 0.000000 0.013647 0.000000 0.000000 1.000000 0.000000
1.000000 0.000252 0.000000 0.001374 -0.000252 1.000000 0.000000 0.012977 0.000000 0.000000 1.000000 0.000000
1.000000 0.000250 0.000000 0.001398 -0.000250 1.000000 0.000000 0.013260 0.000000 0.000000 1.000000 0.000000
1.000000 0.000271 0.000000 0.001541 -0.000271 1.000000 0.000000 0.013725 0.000000 0.000000 1.000000 0.000000
1.000000 0.000290 0.000000 0.001239 -0.000290 1.000000 0.000000 0.013409 0.000000 0.000000 1.000000 0.000000
1.000000 0.000299 0.000000 0.001358 -0.000299 1.000000 0.000000 0.014060 0.000000 0.000000 1.000000 0.000000
1.000000 0.000332 0.000000 0.001752 -0.000332 1.000000 0.000000 0.014102 0.000000 0.000000 1.000000 0.000000
1.000000 0.000338 0.000000 0.002325 -0.000338 1.000000 0.000000 0.014539 0.000000 0.000000 1.000000 0.000000
1.000000 0.000301 0.000000 0.002029 -0.000301 1.000000 0.000000 0.015431 0.000000 0.000000 1.000000 0.000000
1.000000 0.000337 0.000000 0.002292 -0.000337 1.000000 0.000000 0.012496 0.000000 0.000000 1.000000 0.000000
1.000000 0.000338 0.000000 0.004227 -0.000338 1.000000 0.000000 0.014036 0.000000 0.000000 1.000000 0.000000
1.000000 0.000326 0.000000 0.005194 -0.000326 1.000000 0.000000 0.014611 0.000000 0.000000 1.000000 0.000000
1.000000 0.000344 0.000000 0.005701 -0.000344 1.000000 0.000000 0.015223 0.000000 0.000000 1.000000 0.000000
1.000000 0.000337 0.000000 0.006346 -0.000337 1.000000 0.000000 0.017013 0.000000 0.000000 1.000000 0.000000
1.000000 0.000369 0.000000 0.006688 -0.000369 1.000000 0.000000 0.017875 0.000000 0.000000 1.000000 0.000000
1.000000 0.000391 0.000000 0.007328 -0.000391 1.000000 0.000000 0.019074 0.000000 0.000000 1.000000 0.000000
1.000000 0.000396 0.000000 0.008658 -0.000396 1.000000 0.000000 0.019618 0.000000 0.000000 1.000000 0.000000
1.000000 0.000404 0.000000 0.010270 -0.000404 1.000000 0.000000 0.019975 0.000000 0.000000 1.000000 0.000000
1.000000 0.000426 0.000000 0.010333 -0.000426 1.000000 0.000000 0.021146 0.000000 0.000000 1.000000 0.000000
1.000000 0.000439 0.000000 0.010528 -0.000439 1.000000 0.000000 0.021966 0.000000 0.000000 1.000000 0.000000
1.000000 0.000490 0.000000 0.010768 -0.000490 1.000000 0.000000 0.023626 0.000000 0.000000 1.000000 0.000000
1.000000 0.000499 0.000000 0.010739 -0.000499 1.000000 0.000000 0.024277 0.000000 0.000000 1.000000 0.000000
1.000000 0.000506 0.000000 0.010821 -0.000506 1.000000 0.000000 0.024982 0.000000 0.000000 1.000000 0.000000
1.000000 0.000509 0.000000 0.010948 -0.000509 1.000000 0.000000 0.025279 0.000000 0.000000 1.000000 0.000000
1.000000 0.000523 0.000000 0.011122 -0.000523 1.000000 0.000000 0.025843 0.000000 0.000000 1.000000 0.000000
1.000000 0.000524 0.000000 0.011061 -0.000524 1.000000 0.000000 0.026550 0.000000 0.000000 1.000000 0.000000
1.000000 0.000529 0.000000 0.011173 -0.000529 1.000000 0.000000 0.026964 0.000000 0.000000 1.000000 0.000000
1.000000 0.000536 0.000000 0.011187 -0.000536 1.000000 0.000000 0.027429 0.000000 0.000000 1.000000 0.000000
1.000000 0.000539 0.000000 0.011283 -0.000539 1.000000 0.000000 0.027771 0.000000 0.000000 1.000000 0.000000
1.000000 0.000545 0.000000 0.011405 -0.000545 1.000000 0.000000 0.028347 0.000000 0.000000 1.000000 0.000000
1.000000 0.000553 0.000000 0.011427 -0.000553 1.000000 0.000000 0.028930 0.000000 0.000000 1.000000 0.000000
1.000000 0.000563 0.000000 0.011574 -0.000563 1.000000 0.000000 0.029472 0.000000 0.000000 1.000000 0.000000
1.000000 0.000573 0.000000 0.011633 -0.000573 1.000000 0.000000 0.030172 0.000000 0.000000 1.000000 0.000000
1.000000 0.000594 0.000000 0.011829 -0.000594 1.000000 0.000000 0.030987 0.000000 0.000000 1.000000 0.000000
1.000000 0.000607 0.000000 0.011906 -0.000607 1.000000 0.000000 0.031570 0.000000 0.000000 1.000000 0.000000
1.000000 0.000613 0.000000 0.012126 -0.000613 1.000000 0.000000 0.032059 0.000000 0.000000 1.000000 0.000000
1.000000 0.000622 0.000000 0.012357 -0.000622 1.000000 0.000000 0.032606 0.000000 0.000000 1.000000 0.000000
1.000000 0.000629 0.000000 0.012425 -0.000629 1.000000 0.000000 0.033073 0.000000 0.000000 1.000000 0.000000
1.000000 0.000632 0.000000 0.012501 -0.000632 1.000000 0.000000 0.033889 0.000000 0.000000 1.000000 0.000000
1.000000 0.000640 0.000000 0.012475 -0.000640 1.000000 0.000000 0.034638 0.000000 0.000000 1.000000 0.000000
1.000000 0.000651 0.000000 0.012536 -0.000651 1.000000 0.000000 0.035062 0.000000 0.000000 1.000000 0.000000
1.000000 0.000656 0.000000 0.012553 -0.000656 1.000000 0.000000 0.035710 0.000000 0.000000 1.000000 0.000000
1.000000 0.000658 0.000000 0.012560 -0.000658 1.000000 0.000000 0.036155 0.000000 0.000000 1.000000 0.000000
1.000000 0.000665 0.000000 0.012739 -0.000665 1.000000 0.000000 0.036503 0.000000 0.000000 1.000000 0.000000
1.000000 0.000667 0.000000 0.012884 -0.000667 1.000000 0.000000 0.036911 0.000000 0.000000 1.000000 0.000000
1.000000 0.000668 0.000000 0.013065 -0.000668 1.000000 0.000000 0.037375 0.000000 0.000000 1.000000 0.000000
1.000000 0.000674 0.000000 0.013166 -0.000674 1.000000 0.000000 0.037902 0.000000 0.000000 1.000000 0.000000
1.000000 0.000679 0.000000 0.013254 -0.000679 1.000000 0.000000 0.038190 0.000000 0.000000 1.000000 0.000000
1.000000 0.000679 0.000000 0.013543 -0.000679 1.000000 0.000000 0.038822 0.000000 0.000000 1.000000 0.000000
1.000000 0.000696 0.000000 0.013421 -0.000696 1.000000 0.000000 0.039514 0.000000 0.000000 1.000000 0.000000
1.000000 0.000713 0.000000 0.013412 -0.000713 1.000000 0.000000 0.040194 0.000000 0.000000 1.000000 0.000000
1.000000 0.000732 0.000000 0.013337 -0.000732 1.000000 0.000000 0.040928 0.000000 0.000000 1.000000 0.000000
1.000000 0.000755 0.000000 0.013860 -0.000755 1.000000 0.000000 0.042148 0.000000 0.000000 1.000000 0.000000
1.000000 0.000758 0.000000 0.014022 -0.000758 1.000000 0.000000 0.042088 0.000000 0.000000 1.000000 0.000000
1.000000 0.000776 0.000000 0.014594 -0.000776 1.000000 0.000000 0.042712 0.000000 0.000000 1.000000 0.000000
1.000000 0.000775 0.000000 0.014996 -0.000775 1.000000 0.000000 0.043107 0.000000 0.000000 1.000000 0.000000
1.000000 0.000810 0.000000 0.015375 -0.000810 1.000000 0.000000 0.042773 0.000000 0.000000 1.000000 0.000000
1.000000 0.000809 0.000000 0.015527 -0.000809 1.000000 0.000000 0.042893 0.000000 0.000000 1.000000 0.000000
1.000000 0.000825 0.000000 0.015738 -0.000825 1.000000 0.000000 0.043547 0.000000 0.000000 1.000000 0.000000
1.000000 0.000828 0.000000 0.015825 -0.000828 1.000000 0.000000 0.044191 0.000000 0.000000 1.000000 0.000000
1.000000 0.000831 0.000000 0.015918 -0.000831 1.000000 0.000000 0.044810 0.000000 0.000000 1.000000 0.000000
1.000000 0.000838 0.000000 0.015968 -0.000838 1.000000 0.000000 0.045312 0.000000 0.000000 1.000000 0.000000
1.000000 0.000844 0.000000 0.016170 -0.000844 1.000000 0.000000 0.045590 0.000000 0.000000 1.000000 0.000000
1.000000 0.000849 0.000000 0.016239 -0.000849 1.000000 0.000000 0.046006 0.000000 0.000000 1.000000 0.000000
1.000000 0.000844 0.000000 0.016180 -0.000844 1.000000 0.000000 0.046297 0.000000 0.000000 1.000000 0.000000
1.000000 0.000851 0.000000 0.016274 -0.000851 1.000000 0.000000 0.046821 0.000000 0.000000 1.000000 0.000000
1.000000 0.000871 0.000000 0.016137 -0.000871 1.000000 0.000000 0.046682 0.000000 0.000000 1.000000 0.000000
1.000000 0.000837 0.000000 0.015862 -0.000837 1.000000 0.000000 0.047520 0.000000 0.000000 1.000000 0.000000
1.000000 0.000827 0.000000 0.015770 -0.000827 1.000000 0.000000 0.047849 0.000000 0.000000 1.000000 0.000000
1.000000 0.000837 0.000000 0.015782 -0.000837 1.000000 0.000000 0.048352 0.000000 0.000000 1.000000 0.000000
1.000000 0.000840 0.000000 0.015879 -0.000840 1.000000 0.000000 0.048839 0.000000 0.000000 1.000000 0.000000
1.000000 0.000836 0.000000 0.015925 -0.000836 1.000000 0.000000 0.049392 0.000000 0.000000 1.000000 0.000000
1.000000 0.000837 0.000000 0.015980 -0.000837 1.000000 0.000000 0.049772 0.000000 0.000000 1.000000 0.000000
1.000000 0.000841 0.000000 0.016053 -0.000841 1.000000 0.000000 0.050370 0.000000 0.000000 1.000000 0.000000
1.000000 0.000847 0.000000 0.016225 -0.000847 1.000000 0.000000 0.050684 0.000000 0.000000 1.000000 0.000000
1.000000 0.000840 0.000000 0.016261 -0.000840 1.000000 0.000000 0.051299 0.000000 0.000000 1.000000 0.000000
1.000000 0.000843 0.000000 0.016358 -0.000843 1.000000 0.000000 0.051770 0.000000 0.000000 1.000000 0.000000
1.000000 0.000848 0.000000 0.016300 -0.000848 1.000000 0.000000 0.052352 0.000000 0.000000 1.000000 0.000000
1.000000 0.000864 0.000000 0.016545 -0.000864 1.000000 0.000000 0.052903 0.000000 0.000000 1.000000 0.000000
1.000000 0.000862 0.000000 0.016630 -0.000862 1.000000 0.000000 0.053490 0.000000 0.000000 1.000000 0.000000
1.000000 0.000857 0.000000 0.017005 -0.000857 1.000000 0.000000 0.053930 0.000000 0.000000 1.000000 0.000000
1.000000 0.000862 0.000000 0.017110 -0.000862 1.000000 0.000000 0.054386 0.000000 0.000000 1.000000 0.000000
1.000000 0.000869 0.000000 0.017240 -0.000869 1.000000 0.000000 0.055156 0.000000 0.000000 1.000000 0.000000
1.000000 0.000876 0.000000 0.017460 -0.000876 1.000000 0.000000 0.055965 0.000000 0.000000 1.000000 0.000000
1.000000 0.000890 0.000000 0.017401 -0.000890 1.000000 0.000000 0.056466 0.000000 0.000000 1.000000 0.000000
1.000000 0.000892 0.000000 0.017393 -0.000892 1.000000 0.000000 0.057150 0.000000 0.000000 1.000000 0.000000
1.000000 0.000907 0.000000 0.017496 -0.000907 1.000000 0.000000 0.057975 0.000000 0.000000 1.000000 0.000000
1.000000 0.000918 0.000000 0.017694 -0.000918 1.000000 0.000000 0.058527 0.000000 0.000000 1.000000 0.000000
1.000000 0.000961 0.000000 0.017797 -0.000961 1.000000 0.000000 0.059432 0.000000 0.000000 1.000000 0.000000
1.000000 0.000979 0.000000 0.017719 -0.000979 1.000000 0.000000 0.060177 0.000000 0.000000 1.000000 0.000000
0.999999 0.001022 0.000000 0.017986 -0.001022 0.999999 0.000000 0.061108 0.000000 0.000000 1.000000 0.000000
0.999999 0.001038 0.000000 0.018196 -0.001038 0.999999 0.000000 0.061922 0.000000 0.000000 1.000000 0.000000
0.999999 0.001050 0.000000 0.018231 -0.001050 0.999999 0.000000 0.062536 0.000000 0.000000 1.000000 0.000000
0.999999 0.001082 0.000000 0.018417 -0.001082 0.999999 0.000000 0.063116 0.000000 0.000000 1.000000 0.000000
0.999999 0.001100 0.000000 0.018692 -0.001100 0.999999 0.000000 0.063831 0.000000 0.000000 1.000000 0.000000
0.999999 0.001111 0.000000 0.018820 -0.001111 0.999999 0.000000 0.064984 0.000000 0.000000 1.000000 0.000000
0.999999 0.001110 0.000000 0.018726 -0.001110 0.999999 0.000000 0.065575 0.000000 0.000000 1.000000 0.000000
0.999999 0.001137 0.000000 0.018684 -0.001137 0.999999 0.000000 0.066715 0.000000 0.000000 1.000000 0.000000
0.999999 0.001144 0.000000 0.018795 -0.001144 0.999999 0.000000 0.067292 0.000000 0.000000 1.000000 0.000000
0.999999 0.001159 0.000000 0.018980 -0.001159 0.999999 0.000000 0.068058 0.000000 0.000000 1.000000 0.000000
0.999999 0.001167 0.000000 0.019091 -0.001167 0.999999 0.000000 0.069507 0.000000 0.000000 1.000000 0.000000
0.999999 0.001186 0.000000 0.019312 -0.001186 0.999999 0.000000 0.069866 0.000000 0.000000 1.000000 0.000000
0.999999 0.001198 0.000000 0.019423 -0.001198 0.999999 0.000000 0.070635 0.000000 0.000000 1.000000 0.000000
0.999999 0.001210 0.000000 0.019589 -0.001210 0.999999 0.000000 0.071380 0.000000 0.000000 1.000000 0.000000
0.999999 0.001212 0.000000 0.019736 -0.001212 0.999999 0.000000 0.071981 0.000000 0.000000 1.000000 0.000000
0.999999 0.001240 0.000000 0.019609 -0.001240 0.999999 0.000000 0.073238 0.000000 0.000000 1.000000 0.000000
0.999999 0.001247 0.000000 0.019436 -0.001247 0.999999 0.000000 0.073819 0.000000 0.000000 1.000000 0.000000
0.999999 0.001253 0.000000 0.019558 -0.001253 0.999999 0.000000 0.074218 0.000000 0.000000 1.000000 0.000000
0.999999 0.001260 0.000000 0.019357 -0.001260 0.999999 0.000000 0.075409 0.000000 0.000000 1.000000 0.000000
0.999999 0.001272 0.000000 0.018953 -0.001272 0.999999 0.000000 0.075504 0.000000 0.000000 1.000000 0.000000
0.999999 0.001279 0.000000 0.019291 -0.001279 0.999999 0.000000 0.076017 0.000000 0.000000 1.000000 0.000000
0.999999 0.001284 0.000000 0.019510 -0.001284 0.999999 0.000000 0.076517 0.000000 0.000000 1.000000 0.000000
0.999999 0.001299 0.000000 0.019726 -0.001299 0.999999 0.000000 0.077121 0.000000 0.000000 1.000000 0.000000
0.999999 0.001336 0.000000 0.019982 -0.001336 0.999999 0.000000 0.077120 0.000000 0.000000 1.000000 0.000000
0.999999 0.001339 0.000000 0.019554 -0.001339 0.999999 0.000000 0.077263 0.000000 0.000000 1.000000 0.000000
0.999999 0.001376 0.000000 0.018750 -0.001376 0.999999 0.000000 0.078023 0.000000 0.000000 1.000000 0.000000
0.999999 0.001412 0.000000 0.018466 -0.001412 0.999999 0.000000 0.078119 0.000000 0.000000 1.000000 0.000000
0.999999 0.001405 0.000000 0.017547 -0.001405 0.999999 0.000000 0.078635 0.000000 0.000000 1.000000 0.000000
0.999999 0.001391 0.000000 0.021875 -0.001391 0.999999 0.000000 0.080530 0.000000 0.000000 1.000000 0.000000
0.999999 0.001473 0.000000 0.022796 -0.001473 0.999999 0.000000 0.080578 0.000000 0.000000 1.000000 0.000000
0.999999 0.001693 0.000000 0.016753 -0.001693 0.999999 0.000000 0.081066 0.000000 0.000000 1.000000 0.000000
0.999999 0.001728 0.000000 0.015926 -0.001728 0.999999 0.000000 0.083293 0.000000 0.000000 1.000000 0.000000
0.999999 0.001399 0.000000 0.010481 -0.001399 0.999999 0.000000 0.087262 0.000000 0.000000 1.000000 0.000000
0.999999 0.001267 0.000000 0.014221 -0.001267 0.999999 0.000000 0.084628 0.000000 0.000000 1.000000 0.000000
0.999999 0.001204 0.000000 0.013627 -0.001204 0.999999 0.000000 0.087049 0.000000 0.000000 1.000000 0.000000
0.999999 0.001122 0.000000 0.012185 -0.001122 0.999999 0.000000 0.090183 0.000000 0.000000 1.000000 0.000000
0.999999 0.001114 0.000000 0.012550 -0.001114 0.999999 0.000000 0.090348 0.000000 0.000000 1.000000 0.000000
0.999999 0.001041 0.000000 0.012020 -0.001041 0.999999 0.000000 0.091644 0.000000 0.000000 1.000000 0.000000
0.999999 0.001036 0.000000 0.011855 -0.001036 0.999999 0.000000 0.092129 0.000000 0.000000 1.000000 0.000000
0.999999 0.001029 0.000000 0.011742 -0.001029 0.999999 0.000000 0.092534 0.000000 0.000000 1.000000 0.000000
0.999999 0.001007 0.000000 0.011496 -0.001007 0.999999 0.000000 0.093271 0.000000 0.000000 1.000000 0.000000
0.999999 0.001015 0.000000 0.011569 -0.001015 0.999999 0.000000 0.093977 0.000000 0.000000 1.000000 0.000000
0.999999 0.001006 0.000000 0.011558 -0.001006 0.999999 0.000000 0.094462 0.000000 0.000000 1.000000 0.000000
0.999999 0.001003 0.000000 0.011443 -0.001003 0.999999 0.000000 0.094952 0.000000 0.000000 1.000000 0.000000
0.999999 0.001016 0.000000 0.011573 -0.001016 0.999999 0.000000 0.096217 0.000000 0.000000 1.000000 0.000000
1.000000 0.000995 0.000000 0.013228 -0.000995 1.000000 0.000000 0.096897 0.000000 0.000000 1.000000 0.000000
1.000000 0.000982 0.000000 0.014481 -0.000982 1.000000 0.000000 0.097450 0.000000 0.000000 1.000000 0.000000
1.000000 0.000979 0.000000 0.014627 -0.000979 1.000000 0.000000 0.098077 0.000000 0.000000 1.000000 0.000000
1.000000 0.000990 0.000000 0.015033 -0.000990 1.000000 0.000000 0.098735 0.000000 0.000000 1.000000 0.000000
0.999999 0.001080 0.000000 0.014256 -0.001080 0.999999 0.000000 0.095860 0.000000 0.000000 1.000000 0.000000
0.999999 0.001094 0.000000 0.014262 -0.001094 0.999999 0.000000 0.096134 0.000000 0.000000 1.000000 0.000000
0.999999 0.001085 0.000000 0.014406 -0.001085 0.999999 0.000000 0.096842 0.000000 0.000000 1.000000 0.000000
0.999999 0.001082 0.000000 0.014507 -0.001082 0.999999 0.000000 0.097407 0.000000 0.000000 1.000000 0.000000
0.999999 0.001086 0.000000 0.014620 -0.001086 0.999999 0.000000 0.097878 0.000000 0.000000 1.000000 0.000000
0.999999 0.001081 0.000000 0.014649 -0.001081 0.999999 0.000000 0.098380 0.000000 0.000000 1.000000 0.000000
0.999999 0.001086 0.000000 0.014809 -0.001086 0.999999 0.000000 0.098821 0.000000 0.000000 1.000000 0.000000
0.999999 0.001098 0.000000 0.014766 -0.001098 0.999999 0.000000 0.099635 0.000000 0.000000 1.000000 0.000000
0.999999 0.001106 0.000000 0.015252 -0.001106 0.999999 0.000000 0.100122 0.000000 0.000000 1.000000 0.000000
0.999999 0.001112 0.000000 0.015402 -0.001112 0.999999 0.000000 0.100616 0.000000 0.000000 1.000000 0.000000
0.999999 0.001119 0.000000 0.015449 -0.001119 0.999999 0.000000 0.101003 0.000000 0.000000 1.000000 0.000000
0.999999 0.001130 0.000000 0.015718 -0.001130 0.999999 0.000000 0.101673 0.000000 0.000000 1.000000 0.000000
0.999999 0.001136 0.000000 0.015876 -0.001136 0.999999 0.000000 0.102380 0.000000 0.000000 1.000000 0.000000
0.999999 0.001148 0.000000 0.016129 -0.001148 0.999999 0.000000 0.102984 0.000000 0.000000 1.000000 0.000000
0.999999 0.001167 0.000000 0.016189 -0.001167 0.999999 0.000000 0.103698 0.000000 0.000000 1.000000 0.000000
0.999999 0.001174 0.000000 0.016053 -0.001174 0.999999 0.000000 0.104293 0.000000 0.000000 1.000000 0.000000
0.999999 0.001178 0.000000 0.015740 -0.001178 0.999999 0.000000 0.104735 0.000000 0.000000 1.000000 0.000000
0.999999 0.001178 0.000000 0.015648 -0.001178 0.999999 0.000000 0.105148 0.000000 0.000000 1.000000 0.000000
0.999999 0.001181 0.000000 0.015643 -0.001181 0.999999 0.000000 0.105599 0.000000 0.000000 1.000000 0.000000
0.999999 0.001186 0.000000 0.015815 -0.001186 0.999999 0.000000 0.106272 0.000000 0.000000 1.000000 0.000000
0.999999 0.001188 0.000000 0.015685 -0.001188 0.999999 0.000000 0.106671 0.000000 0.000000 1.000000 0.000000
0.999999 0.001194 0.000000 0.015714 -0.001194 0.999999 0.000000 0.107163 0.000000 0.000000 1.000000 0.000000
0.999999 0.001191 0.000000 0.015796 -0.001191 0.999999 0.000000 0.107688 0.000000 0.000000 1.000000 0.000000
0.999999 0.001198 0.000000 0.015888 -0.001198 0.999999 0.000000 0.108333 0.000000 0.000000 1.000000 0.000000
0.999999 0.001209 0.000000 0.016075 -0.001209 0.999999 0.000000 0.108954 0.000000 0.000000 1.000000 0.000000
0.999999 0.001214 0.000000 0.016171 -0.001214 0.999999 0.000000 0.109459 0.000000 0.000000 1.000000 0.000000
0.999999 0.001233 0.000000 0.016222 -0.001233 0.999999 0.000000 0.110050 0.000000 0.000000 1.000000 0.000000
0.999999 0.001239 0.000000 0.016465 -0.001239 0.999999 0.000000 0.110512 0.000000 0.000000 1.000000 0.000000
0.999999 0.001247 0.000000 0.016480 -0.001247 0.999999 0.000000 0.111350 0.000000 0.000000 1.000000 0.000000
0.999999 0.001265 0.000000 0.016505 -0.001265 0.999999 0.000000 0.111759 0.000000 0.000000 1.000000 0.000000
0.999999 0.001275 0.000000 0.016574 -0.001275 0.999999 0.000000 0.112394 0.000000 0.000000 1.000000 0.000000
0.999999 0.001290 0.000000 0.016260 -0.001290 0.999999 0.000000 0.113627 0.000000 0.000000 1.000000 0.000000
0.999999 0.001302 0.000000 0.016730 -0.001302 0.999999 0.000000 0.114583 0.000000 0.000000 1.000000 0.000000
0.999999 0.001311 0.000000 0.017028 -0.001311 0.999999 0.000000 0.115260 0.000000 0.000000 1.000000 0.000000
0.999999 0.001348 0.000000 0.016924 -0.001348 0.999999 0.000000 0.117286 0.000000 0.000000 1.000000 0.000000
0.999999 0.001391 0.000000 0.017072 -0.001391 0.999999 0.000000 0.119308 0.000000 0.000000 1.000000 0.000000
0.999999 0.001397 0.000000 0.019985 -0.001397 0.999999 0.000000 0.120267 0.000000 0.000000 1.000000 0.000000
0.999999 0.001379 0.000000 0.022666 -0.001379 0.999999 0.000000 0.120020 0.000000 0.000000 1.000000 0.000000
0.999999 0.001411 0.000000 0.023824 -0.001411 0.999999 0.000000 0.121176 0.000000 0.000000 1.000000 0.000000
0.999999 0.001441 0.000000 0.026260 -0.001441 0.999999 0.000000 0.122954 0.000000 0.000000 1.000000 0.000000
0.999999 0.001488 0.000000 0.027552 -0.001488 0.999999 0.000000 0.125429 0.000000 0.000000 1.000000 0.000000
0.999999 0.001518 0.000000 0.028078 -0.001518 0.999999 0.000000 0.126981 0.000000 0.000000 1.000000 0.000000
0.999999 0.001570 0.000000 0.029535 -0.001570 0.999999 0.000000 0.129060 0.000000 0.000000 1.000000 0.000000
0.999999 0.001645 0.000000 0.030414 -0.001645 0.999999 0.000000 0.130636 0.000000 0.000000 1.000000 0.000000
0.999999 0.001712 0.000000 0.030887 -0.001712 0.999999 0.000000 0.131474 0.000000 0.000000 1.000000 0.000000
0.999998 0.001758 0.000000 0.031841 -0.001758 0.999998 0.000000 0.132655 0.000000 0.000000 1.000000 0.000000
0.999998 0.001786 0.000000 0.032916 -0.001786 0.999998 0.000000 0.133231 0.000000 0.000000 1.000000 0.000000
0.999998 0.001800 0.000000 0.033629 -0.001800 0.999998 0.000000 0.133736 0.000000 0.000000 1.000000 0.000000
0.999998 0.001824 0.000000 0.034065 -0.001824 0.999998 0.000000 0.135240 0.000000 0.000000 1.000000 0.000000
0.999998 0.001846 0.000000 0.035354 -0.001846 0.999998 0.000000 0.136265 0.000000 0.000000 1.000000 0.000000
0.999998 0.001921 0.000000 0.036544 -0.001921 0.999998 0.000000 0.138136 0.000000 0.000000 1.000000 0.000000
0.999998 0.002007 0.000000 0.036271 -0.002007 0.999998 0.000000 0.140772 0.000000 0.000000 1.000000 0.000000
0.999998 0.002062 0.000000 0.036694 -0.002062 0.999998 0.000000 0.142810 0.000000 0.000000 1.000000 0.000000
0.999998 0.002123 0.000000 0.036869 -0.002123 0.999998 0.000000 0.144408 0.000000 0.000000 1.000000 0.000000
0.999998 0.002142 0.000000 0.036469 -0.002142 0.999998 0.000000 0.145154 0.000000 0.000000 1.000000 0.000000
0.999998 0.002133 0.000000 0.035038 -0.002133 0.999998 0.000000 0.145991 0.000000 0.000000 1.000000 0.000000
0.999998 0.002120 0.000000 0.035212 -0.002120 0.999998 0.000000 0.146412 0.000000 0.000000 1.000000 0.000000
0.999998 0.002121 0.000000 0.035359 -0.002121 0.999998 0.000000 0.146944 0.000000 0.000000 1.000000 0.000000
0.999998 0.002116 0.000000 0.035471 -0.002116 0.999998 0.000000 0.147513 0.000000 0.000000 1.000000 0.000000
0.999998 0.002139 0.000000 0.035598 -0.002139 0.999998 0.000000 0.148424 0.000000 0.000000 1.000000 0.000000
0.999998 0.002125 0.000000 0.035694 -0.002125 0.999998 0.000000 0.148965 0.000000 0.000000 1.000000 0.000000
0.999998 0.002128 0.000000 0.036003 -0.002128 0.999998 0.000000 0.149622 0.000000 0.000000 1.000000 0.000000
0.999998 0.002082 0.000000 0.036227 -0.002082 0.999998 0.000000 0.149740 0.000000 0.000000 1.000000 0.000000
0.999998 0.002048 0.000000 0.036384 -0.002048 0.999998 0.000000 0.149661 0.000000 0.000000 1.000000 0.000000
0.999998 0.002040 0.000000 0.035961 -0.002040 0.999998 0.000000 0.149789 0.000000 0.000000 1.000000 0.000000
0.999998 0.002034 0.000000 0.035559 -0.002034 0.999998 0.000000 0.149724 0.000000 0.000000 1.000000 0.000000
0.999998 0.002000 0.000000 0.035016 -0.002000 0.999998 0.000000 0.149240 0.000000 0.000000 1.000000 0.000000
0.999998 0.001928 0.000000 0.034075 -0.001928 0.999998 0.000000 0.148465 0.000000 0.000000 1.000000 0.000000
0.999998 0.001882 0.000000 0.033854 -0.001882 0.999998 0.000000 0.148086 0.000000 0.000000 1.000000 0.000000
0.999998 0.001813 0.000000 0.032688 -0.001813 0.999998 0.000000 0.147643 0.000000 0.000000 1.000000 0.000000
0.999999 0.001730 0.000000 0.030108 -0.001730 0.999999 0.000000 0.145978 0.000000 0.000000 1.000000 0.000000
0.999999 0.001719 0.000000 0.029819 -0.001719 0.999999 0.000000 0.145950 0.000000 0.000000 1.000000 0.000000
0.999999 0.001685 0.000000 0.031172 -0.001685 0.999999 0.000000 0.145792 0.000000 0.000000 1.000000 0.000000
0.999999 0.001669 0.000000 0.033436 -0.001669 0.999999 0.000000 0.143400 0.000000 0.000000 1.000000 0.000000
0.999998 0.001791 0.000000 0.029172 -0.001791 0.999998 0.000000 0.149870 0.000000 0.000000 1.000000 0.000000
0.999999 0.001547 0.000000 0.024748 -0.001547 0.999999 0.000000 0.159159 0.000000 0.000000 1.000000 0.000000
0.999999 0.001575 0.000000 0.025736 -0.001575 0.999999 0.000000 0.159431 0.000000 0.000000 1.000000 0.000000
0.999999 0.001595 0.000000 0.025696 -0.001595 0.999999 0.000000 0.160306 0.000000 0.000000 1.000000 0.000000
0.999999 0.001591 0.000000 0.025929 -0.001591 0.999999 0.000000 0.161632 0.000000 0.000000 1.000000 0.000000
0.999999 0.001518 0.000000 0.025123 -0.001518 0.999999 0.000000 0.162966 0.000000 0.000000 1.000000 0.000000
0.999999 0.001474 0.000000 0.024517 -0.001474 0.999999 0.000000 0.162824 0.000000 0.000000 1.000000 0.000000
0.999999 0.001485 0.000000 0.025067 -0.001485 0.999999 0.000000 0.163391 0.000000 0.000000 1.000000 0.000000
0.999999 0.001487 0.000000 0.025800 -0.001487 0.999999 0.000000 0.163991 0.000000 0.000000 1.000000 0.000000
0.999999 0.001496 0.000000 0.026257 -0.001496 0.999999 0.000000 0.164905 0.000000 0.000000 1.000000 0.000000
0.999999 0.001492 0.000000 0.025076 -0.001492 0.999999 0.000000 0.165305 0.000000 0.000000 1.000000 0.000000
0.999999 0.001503 0.000000 0.024912 -0.001503 0.999999 0.000000 0.166039 0.000000 0.000000 1.000000 0.000000
0.999999 0.001516 0.000000 0.024935 -0.001516 0.999999 0.000000 0.166730 0.000000 0.000000 1.000000 0.000000
0.999999 0.001520 0.000000 0.024887 -0.001520 0.999999 0.000000 0.166993 0.000000 0.000000 1.000000 0.000000
0.999999 0.001510 0.000000 0.025465 -0.001510 0.999999 0.000000 0.167342 0.000000 0.000000 1.000000 0.000000
0.999999 0.001527 0.000000 0.027287 -0.001527 0.999999 0.000000 0.167833 0.000000 0.000000 1.000000 0.000000
0.999999 0.001545 0.000000 0.028814 -0.001545 0.999999 0.000000 0.168164 0.000000 0.000000 1.000000 0.000000
0.999999 0.001512 0.000000 0.030181 -0.001512 0.999999 0.000000 0.168582 0.000000 0.000000 1.000000 0.000000
0.999999 0.001537 0.000000 0.030265 -0.001537 0.999999 0.000000 0.168566 0.000000 0.000000 1.000000 0.000000
0.999999 0.001559 0.000000 0.030957 -0.001559 0.999999 0.000000 0.168795 0.000000 0.000000 1.000000 0.000000
0.999999 0.001546 0.000000 0.030946 -0.001546 0.999999 0.000000 0.169311 0.000000 0.000000 1.000000 0.000000
0.999999 0.001558 0.000000 0.030664 -0.001558 0.999999 0.000000 0.168835 0.000000 0.000000 1.000000 0.000000
0.999999 0.001611 0.000000 0.029845 -0.001611 0.999999 0.000000 0.165913 0.000000 0.000000 1.000000 0.000000
0.999999 0.001587 0.000000 0.030931 -0.001587 0.999999 0.000000 0.165775 0.000000 0.000000 1.000000 0.000000
0.999999 0.001521 0.000000 0.032503 -0.001521 0.999999 0.000000 0.165635 0.000000 0.000000 1.000000 0.000000
0.999999 0.001343 0.000000 0.041070 -0.001343 0.999999 0.000000 0.166965 0.000000 0.000000 1.000000 0.000000
1.000000 0.000632 0.000000 0.063447 -0.000632 1.000000 0.000000 0.169908 0.000000 0.000000 1.000000 0.000000
0.999997 -0.002371 0.000000 0.123285 0.002371 0.999997 0.000000 0.168663 0.000000 0.000000 1.000000 0.000000
0.999941 -0.010824 0.000000 0.266021 0.010824 0.999941 0.000000 0.205010 0.000000 0.000000 1.000000 0.000000
0.999667 -0.025786 0.000000 0.440213 0.025786 0.999667 0.000000 0.256082 0.000000 0.000000 1.000000 0.000000
0.998830 -0.048351 0.000000 0.704530 0.048351 0.998830 0.000000 0.314643 0.000000 0.000000 1.000000 0.000000
0.997121 -0.075827 0.000000 0.975090 0.075827 0.997121 0.000000 0.394924 0.000000 0.000000 1.000000 0.000000
0.993978 -0.109578 0.000000 1.248404 0.109578 0.993978 0.000000 0.425692 0.000000 0.000000 1.000000 0.000000
0.989177 -0.146728 0.000000 1.577060 0.146728 0.989177 0.000000 0.488721 0.000000 0.000000 1.000000 0.000000
0.982958 -0.183830 0.000000 1.952657 0.183830 0.982958 0.000000 0.571726 0.000000 0.000000 1.000000 0.000000
0.975611 -0.219506 0.000000 2.391534 0.219506 0.975611 0.000000 0.677448 0.000000 0.000000 1.000000 0.000000
0.968860 -0.247610 0.000000 2.875066 0.247610 0.968860 0.000000 0.812916 0.000000 0.000000 1.000000 0.000000
0.963355 -0.268230 0.000000 3.372500 0.268230 0.963355 0.000000 0.929328 0.000000 0.000000 1.000000 0.000000
0.962606 -0.270907 0.000000 3.983757 0.270907 0.962606 0.000000 1.056661 0.000000 0.000000 1.000000 0.000000
0.964656 -0.263511 0.000000 4.650873 0.263511 0.964656 0.000000 1.203035 0.000000 0.000000 1.000000 0.000000
0.969502 -0.245083 0.000000 5.388629 0.245083 0.969502 0.000000 1.376331 0.000000 0.000000 1.000000 0.000000
0.975487 -0.220057 0.000000 6.288970 0.220057 0.975487 0.000000 1.520677 0.000000 0.000000 1.000000 0.000000
0.980854 -0.194744 0.000000 7.268956 0.194744 0.980854 0.000000 1.685466 0.000000 0.000000 1.000000 0.000000
0.985247 -0.171141 0.000000 8.331858 0.171141 0.985247 0.000000 1.848658 0.000000 0.000000 1.000000 0.000000
0.988093 -0.153855 0.000000 9.518220 0.153855 0.988093 0.000000 1.943107 0.000000 0.000000 1.000000 0.000000
0.991145 -0.132788 0.000000 10.744603 0.132788 0.991145 0.000000 2.077667 0.000000 0.000000 1.000000 0.000000
0.993328 -0.115323 0.000000 12.015753 0.115323 0.993328 0.000000 2.225125 0.000000 0.000000 1.000000 0.000000
0.994857 -0.101288 0.000000 13.387620 0.101288 0.994857 0.000000 2.339595 0.000000 0.000000 1.000000 0.000000
0.995766 -0.091928 0.000000 14.798665 0.091928 0.995766 0.000000 2.427442 0.000000 0.000000 1.000000 0.000000
0.996560 -0.082876 0.000000 16.278892 0.082876 0.996560 0.000000 2.516804 0.000000 0.000000 1.000000 0.000000
0.997340 -0.072889 0.000000 17.817560 0.072889 0.997340 0.000000 2.595962 0.000000 0.000000 1.000000 0.000000
0.997867 -0.065278 0.000000 19.431555 0.065278 0.997867 0.000000 2.693495 0.000000 0.000000 1.000000 0.000000
0.998116 -0.061355 0.000000 21.054070 0.061355 0.998116 0.000000 2.753433 0.000000 0.000000 1.000000 0.000000
0.998255 -0.059055 0.000000 22.686073 0.059055 0.998255 0.000000 2.843548 0.000000 0.000000 1.000000 0.000000
0.998319 -0.057951 0.000000 24.349742 0.057951 0.998319 0.000000 2.947205 0.000000 0.000000 1.000000 0.000000
0.998452 -0.055619 0.000000 25.991979 0.055619 0.998452 0.000000 3.048926 0.000000 0.000000 1.000000 0.000000
0.998525 -0.054296 0.000000 27.692159 0.054296 0.998525 0.000000 3.124286 0.000000 0.000000 1.000000 0.000000
0.998421 -0.056174 0.000000 29.397397 0.056174 0.998421 0.000000 3.214795 0.000000 0.000000 1.000000 0.000000
0.998244 -0.059233 0.000000 31.095507 0.059233 0.998244 0.000000 3.309329 0.000000 0.000000 1.000000 0.000000
0.998037 -0.062631 0.000000 32.830034 0.062631 0.998037 0.000000 3.428405 0.000000 0.000000 1.000000 0.000000
0.997673 -0.068179 0.000000 34.630926 0.068179 0.997673 0.000000 3.535585 0.000000 0.000000 1.000000 0.000000
0.997521 -0.070371 0.000000 36.471048 0.070371 0.997521 0.000000 3.641644 0.000000 0.000000 1.000000 0.000000
0.997622 -0.068917 0.000000 38.331492 0.068917 0.997622 0.000000 3.754602 0.000000 0.000000 1.000000 0.000000
0.997627 -0.068855 0.000000 40.267266 0.068855 0.997627 0.000000 3.869577 0.000000 0.000000 1.000000 0.000000
0.997497 -0.070709 0.000000 42.171821 0.070709 0.997497 0.000000 3.986514 0.000000 0.000000 1.000000 0.000000
0.997295 -0.073508 0.000000 44.105834 0.073508 0.997295 0.000000 4.124434 0.000000 0.000000 1.000000 0.000000
0.996998 -0.077431 0.000000 46.051537 0.077431 0.996998 0.000000 4.258962 0.000000 0.000000 1.000000 0.000000
0.996712 -0.081024 0.000000 47.999236 0.081024 0.996712 0.000000 4.403448 0.000000 0.000000 1.000000 0.000000
0.996507 -0.083511 0.000000 49.928561 0.083511 0.996507 0.000000 4.579314 0.000000 0.000000 1.000000 0.000000
0.996228 -0.086779 0.000000 51.860674 0.086779 0.996228 0.000000 4.757316 0.000000 0.000000 1.000000 0.000000
0.996211 -0.086969 0.000000 53.778847 0.086969 0.996211 0.000000 4.930442 0.000000 0.000000 1.000000 0.000000
0.996297 -0.085979 0.000000 55.732225 0.085979 0.996297 0.000000 5.085655 0.000000 0.000000 1.000000 0.000000
0.996494 -0.083665 0.000000 57.727908 0.083665 0.996494 0.000000 5.249906 0.000000 0.000000 1.000000 0.000000
0.996610 -0.082267 0.000000 59.639774 0.082267 0.996610 0.000000 5.409192 0.000000 0.000000 1.000000 0.000000
0.996749 -0.080569 0.000000 61.562520 0.080569 0.996749 0.000000 5.554744 0.000000 0.000000 1.000000 0.000000
0.996882 -0.078905 0.000000 63.425470 0.078905 0.996882 0.000000 5.686602 0.000000 0.000000 1.000000 0.000000
0.997030 -0.077015 0.000000 65.462508 0.077015 0.997030 0.000000 5.785480 0.000000 0.000000 1.000000 0.000000
0.997239 -0.074263 0.000000 67.356220 0.074263 0.997239 0.000000 5.916899 0.000000 0.000000 1.000000 0.000000
0.997464 -0.071166 0.000000 69.359629 0.071166 0.997464 0.000000 6.041606 0.000000 0.000000 1.000000 0.000000
0.997774 -0.066679 0.000000 71.311130 0.066679 0.997774 0.000000 6.165311 0.000000 0.000000 1.000000 0.000000
0.997995 -0.063286 0.000000 73.344472 0.063286 0.997995 0.000000 6.251859 0.000000 0.000000 1.000000 0.000000
0.998174 -0.060409 0.000000 75.408087 0.060409 0.998174 0.000000 6.345624 0.000000 0.000000 1.000000 0.000000
0.998308 -0.058153 0.000000 77.462999 0.058153 0.998308 0.000000 6.457469 0.000000 0.000000 1.000000 0.000000
0.998415 -0.056279 0.000000 79.517958 0.056279 0.998415 0.000000 6.538148 0.000000 0.000000 1.000000 0.000000
0.998398 -0.056580 0.000000 81.531214 0.056580 0.998398 0.000000 6.678518 0.000000 0.000000 1.000000 0.000000
0.998447 -0.055712 0.000000 83.561982 0.055712 0.998447 0.000000 6.780489 0.000000 0.000000 1.000000 0.000000
0.998410 -0.056377 0.000000 85.601945 0.056377 0.998410 0.000000 6.884504 0.000000 0.000000 1.000000 0.000000
0.998201 -0.059956 0.000000 87.613610 0.059956 0.998201 0.000000 6.995439 0.000000 0.000000 1.000000 0.000000
0.997874 -0.065175 0.000000 89.645064 0.065175 0.997874 0.000000 7.098401 0.000000 0.000000 1.000000 0.000000
0.997455 -0.071303 0.000000 91.638609 0.071303 0.997455 0.000000 7.227185 0.000000 0.000000 1.000000 0.000000
0.997185 -0.074983 0.000000 93.590487 0.074983 0.997185 0.000000 7.362396 0.000000 0.000000 1.000000 0.000000
0.996635 -0.081965 0.000000 95.592886 0.081965 0.996635 0.000000 7.522246 0.000000 0.000000 1.000000 0.000000
0.995927 -0.090160 0.000000 97.579101 0.090160 0.995927 0.000000 7.675373 0.000000 0.000000 1.000000 0.000000
0.995278 -0.097062 0.000000 99.474760 0.097062 0.995278 0.000000 7.844210 0.000000 0.000000 1.000000 0.000000
0.994844 -0.101420 0.000000 101.480815 0.101420 0.994844 0.000000 8.032134 0.000000 0.000000 1.000000 0.000000
0.994361 -0.106044 0.000000 103.343214 0.106044 0.994361 0.000000 8.206642 0.000000 0.000000 1.000000 0.000000
0.993648 -0.112536 0.000000 105.267466 0.112536 0.993648 0.000000 8.357213 0.000000 0.000000 1.000000 0.000000
0.993063 -0.117582 0.000000 107.302859 0.117582 0.993063 0.000000 8.565253 0.000000 0.000000 1.000000 0.000000
0.992557 -0.121780 0.000000 109.301300 0.121780 0.992557 0.000000 8.799682 0.000000 0.000000 1.000000 0.000000
0.992170 -0.124898 0.000000 111.330238 0.124898 0.992170 0.000000 9.036782 0.000000 0.000000 1.000000 0.000000
0.991722 -0.128407 0.000000 113.320451 0.128407 0.991722 0.000000 9.297125 0.000000 0.000000 1.000000 0.000000
0.991426 -0.130670 0.000000 115.319295 0.130670 0.991426 0.000000 9.549980 0.000000 0.000000 1.000000 0.000000
0.991080 -0.133268 0.000000 117.338170 0.133268 0.991080 0.000000 9.796181 0.000000 0.000000 1.000000 0.000000
0.990995 -0.133898 0.000000 119.268455 0.133898 0.990995 0.000000 10.053251 0.000000 0.000000 1.000000 0.000000
0.990751 -0.135695 0.000000 121.217776 0.135695 0.990751 0.000000 10.288214 0.000000 0.000000 1.000000 0.000000
0.990723 -0.135894 0.000000 123.101007 0.135894 0.990723 0.000000 10.522622 0.000000 0.000000 1.000000 0.000000
0.990856 -0.134922 0.000000 125.080762 0.134922 0.990856 0.000000 10.778785 0.000000 0.000000 1.000000 0.000000
0.991024 -0.133688 0.000000 127.007577 0.133688 0.991024 0.000000 11.017537 0.000000 0.000000 1.000000 0.000000
0.991194 -0.132418 0.000000 129.012906 0.132418 0.991194 0.000000 11.265219 0.000000 0.000000 1.000000 0.000000
0.991453 -0.130465 0.000000 130.974197 0.130465 0.991453 0.000000 11.504836 0.000000 0.000000 1.000000 0.000000
0.991828 -0.127586 0.000000 133.024292 0.127586 0.991828 0.000000 11.733030 0.000000 0.000000 1.000000 0.000000
0.991961 -0.126544 0.000000 135.140810 0.126544 0.991961 0.000000 11.995075 0.000000 0.000000 1.000000 0.000000
0.991910 -0.126943 0.000000 137.267518 0.126943 0.991910 0.000000 12.255020 0.000000 0.000000 1.000000 0.000000
0.991705 -0.128536 0.000000 139.390504 0.128536 0.991705 0.000000 12.515678 0.000000 0.000000 1.000000 0.000000
0.991447 -0.130512 0.000000 141.485555 0.130512 0.991447 0.000000 12.759795 0.000000 0.000000 1.000000 0.000000
0.991090 -0.133195 0.000000 143.604021 0.133195 0.991090 0.000000 13.014506 0.000000 0.000000 1.000000 0.000000
0.991026 -0.133671 0.000000 145.684587 0.133671 0.991026 0.000000 13.283516 0.000000 0.000000 1.000000 0.000000
0.991137 -0.132844 0.000000 147.773102 0.132844 0.991137 0.000000 13.549807 0.000000 0.000000 1.000000 0.000000
0.991171 -0.132592 0.000000 149.812228 0.132592 0.991171 0.000000 13.793967 0.000000 0.000000 1.000000 0.000000
0.991027 -0.133661 0.000000 151.877792 0.133661 0.991027 0.000000 14.072952 0.000000 0.000000 1.000000 0.000000
0.990647 -0.136448 0.000000 153.962848 0.136448 0.990647 0.000000 14.357651 0.000000 0.000000 1.000000 0.000000
0.990358 -0.138532 0.000000 156.009228 0.138532 0.990358 0.000000 14.636764 0.000000 0.000000 1.000000 0.000000
0.990128 -0.140165 0.000000 158.130905 0.140165 0.990128 0.000000 14.942258 0.000000 0.000000 1.000000 0.000000
0.989763 -0.142718 0.000000 160.356051 0.142718 0.989763 0.000000 15.281937 0.000000 0.000000 1.000000 0.000000
0.989332 -0.145680 0.000000 162.506366 0.145680 0.989332 0.000000 15.587372 0.000000 0.000000 1.000000 0.000000
0.989129 -0.147047 0.000000 164.726588 0.147047 0.989129 0.000000 15.886626 0.000000 0.000000 1.000000 0.000000
0.988979 -0.148056 0.000000 166.880988 0.148056 0.988979 0.000000 16.218655 0.000000 0.000000 1.000000 0.000000
0.988790 -0.149316 0.000000 169.070710 0.149316 0.988790 0.000000 16.522772 0.000000 0.000000 1.000000 0.000000
0.988540 -0.150957 0.000000 171.277240 0.150957 0.988540 0.000000 16.855425 0.000000 0.000000 1.000000 0.000000
0.988354 -0.152171 0.000000 173.422985 0.152171 0.988354 0.000000 17.183445 0.000000 0.000000 1.000000 0.000000
