1.000000 0.000020 0.000000 0.000162 -0.000020 1.000000 0.000000 0.000580 0.000000 0.000000 1.000000 0.000000
1.000000 0.000033 0.000000 0.000090 -0.000033 1.000000 0.000000 0.001080 0.000000 0.000000 1.000000 0.000000
1.000000 0.000054 0.000000 0.000193 -0.000054 1.000000 0.000000 0.002165 0.000000 0.000000 1.000000 0.000000
1.000000 0.000075 0.000000 0.000382 -0.000075 1.000000 0.000000 0.003276 0.000000 0.000000 1.000000 0.000000
1.000000 0.000090 0.000000 0.000249 -0.000090 1.000000 0.000000 0.003668 0.000000 0.000000 1.000000 0.000000
1.000000 0.000101 0.000000 0.000459 -0.000101 1.000000 0.000000 0.004923 0.000000 0.000000 1.000000 0.000000
1.000000 0.000097 0.000000 0.000354 -0.000097 1.000000 0.000000 0.005229 0.000000 0.000000 1.000000 0.000000
1.000000 0.000084 0.000000 -0.000184 -0.000084 1.000000 0.000000 0.005919 0.000000 0.000000 1.000000 0.000000
1.000000 0.000096 0.000000 -0.000570 -0.000096 1.000000 0.000000 0.007012 0.000000 0.000000 1.000000 0.000000
1.000000 0.000124 0.000000 -0.000817 -0.000124 1.000000 0.000000 0.007405 0.000000 0.000000 1.000000 0.000000
1.000000 0.000135 0.000000 -0.000499 -0.000135 1.000000 0.000000 0.007595 0.000000 0.000000 1.000000 0.000000
1.000000 0.000137 0.000000 -0.000519 -0.000137 1.000000 0.000000 0.007724 0.000000 0.000000 1.000000 0.000000
1.000000 0.000141 0.000000 -0.000528 -0.000141 1.000000 0.000000 0.007828 0.000000 0.000000 1.000000 0.000000
1.000000 0.000011 0.000000 -0.002302 -0.000011 1.000000 0.000000 0.004657 0.000000 0.000000 1.000000 0.000000
1.000000 -0.000129 0.000000 -0.004100 0.000129 1.000000 0.000000 0.001962 0.000000 0.000000 1.000000 0.000000
1.000000 -0.000124 0.000000 -0.004045 0.000124 1.000000 0.000000 0.002267 0.000000 0.000000 1.000000 0.000000
1.000000 -0.000104 0.000000 -0.003273 0.000104 1.000000 0.000000 0.003144 0.000000 0.000000 1.000000 0.000000
1.000000 -0.000111 0.000000 -0.003130 0.000111 1.000000 0.000000 0.002874 0.000000 0.000000 1.000000 0.000000
1.000000 -0.000107 0.000000 -0.003132 0.000107 1.000000 0.000000 0.003748 0.000000 0.000000 1.000000 0.000000
1.000000 -0.000123 0.000000 -0.003002 0.000123 1.000000 0.000000 0.004811 0.000000 0.000000 1.000000 0.000000
1.000000 -0.000113 0.000000 -0.002659 0.000113 1.000000 0.000000 0.005593 0.000000 0.000000 1.000000 0.000000
1.000000 -0.000094 0.000000 -0.002506 0.000094 1.000000 0.000000 0.005988 0.000000 0.000000 1.000000 0.000000
1.000000 -0.000079 0.000000 -0.002276 0.000079 1.000000 0.000000 0.006526 0.000000 0.000000 1.000000 0.000000
1.000000 -0.000052 0.000000 -0.002707 0.000052 1.000000 0.000000 0.005855 0.000000 0.000000 1.000000 0.000000
1.000000 -0.000054 0.000000 -0.002684 0.000054 1.000000 0.000000 0.006138 0.000000 0.000000 1.000000 0.000000
1.000000 -0.000033 0.000000 -0.002541 0.000033 1.000000 0.000000 0.006603 0.000000 0.000000 1.000000 0.000000
1.000000 -0.000013 0.000000 -0.002839 0.000013 1.000000 0.000000 0.006270 0.000000 0.000000 1.000000 0.000000
1.000000 -0.000004 0.000000 -0.002720 0.000004 1.000000 0.000000 0.006921 0.000000 0.000000 1.000000 0.000000
1.000000 0.000029 0.000000 -0.002326 -0.000029 1.000000 0.000000 0.006963 0.000000 0.000000 1.000000 0.000000
1.000000 0.000035 0.000000 -0.001753 -0.000035 1.000000 0.000000 0.007400 0.000000 0.000000 1.000000 0.000000
1.000000 -0.000002 0.000000 -0.002049 0.000002 1.000000 0.000000 0.008292 0.000000 0.000000 1.000000 0.000000
1.000000 0.000028 0.000000 -0.001631 -0.000028 1.000000 0.000000 0.003170 0.000000 0.000000 1.000000 0.000000
1.000000 0.000053 0.000000 0.000411 -0.000053 1.000000 0.000000 0.003694 0.000000 0.000000 1.000000 0.000000
1.000000 0.000042 0.000000 0.001378 -0.000042 1.000000 0.000000 0.004269 0.000000 0.000000 1.000000 0.000000
1.000000 0.000059 0.000000 0.001885 -0.000059 1.000000 0.000000 0.004882 0.000000 0.000000 1.000000 0.000000
1.000000 0.000052 0.000000 0.002530 -0.000052 1.000000 0.000000 0.006671 0.000000 0.000000 1.000000 0.000000
1.000000 0.000085 0.000000 0.002871 -0.000085 1.000000 0.000000 0.007534 0.000000 0.000000 1.000000 0.000000
1.000000 0.000107 0.000000 0.003510 -0.000107 1.000000 0.000000 0.008733 0.000000 0.000000 1.000000 0.000000
1.000000 0.000111 0.000000 0.004841 -0.000111 1.000000 0.000000 0.009277 0.000000 0.000000 1.000000 0.000000
1.000000 0.000120 0.000000 0.006453 -0.000120 1.000000 0.000000 0.009635 0.000000 0.000000 1.000000 0.000000
1.000000 0.000141 0.000000 0.006515 -0.000141 1.000000 0.000000 0.010806 0.000000 0.000000 1.000000 0.000000
1.000000 0.000154 0.000000 0.006710 -0.000154 1.000000 0.000000 0.011626 0.000000 0.000000 1.000000 0.000000
1.000000 0.000205 0.000000 0.006950 -0.000205 1.000000 0.000000 0.013286 0.000000 0.000000 1.000000 0.000000
1.000000 0.000214 0.000000 0.006920 -0.000214 1.000000 0.000000 0.013937 0.000000 0.000000 1.000000 0.000000
1.000000 0.000221 0.000000 0.007002 -0.000221 1.000000 0.000000 0.014642 0.000000 0.000000 1.000000 0.000000
1.000000 0.000182 0.000000 0.006748 -0.000182 1.000000 0.000000 0.014385 0.000000 0.000000 1.000000 0.000000
1.000000 0.000196 0.000000 0.006921 -0.000196 1.000000 0.000000 0.014948 0.000000 0.000000 1.000000 0.000000
1.000000 0.000197 0.000000 0.006860 -0.000197 1.000000 0.000000 0.015656 0.000000 0.000000 1.000000 0.000000
1.000000 0.000202 0.000000 0.006972 -0.000202 1.000000 0.000000 0.016070 0.000000 0.000000 1.000000 0.000000
1.000000 0.000207 0.000000 0.007000 -0.000207 1.000000 0.000000 0.016536 0.000000 0.000000 1.000000 0.000000
1.000000 0.000210 0.000000 0.007097 -0.000210 1.000000 0.000000 0.016878 0.000000 0.000000 1.000000 0.000000
1.000000 0.000216 0.000000 0.007218 -0.000216 1.000000 0.000000 0.017454 0.000000 0.000000 1.000000 0.000000
1.000000 0.000224 0.000000 0.007240 -0.000224 1.000000 0.000000 0.018036 0.000000 0.000000 1.000000 0.000000
1.000000 0.000234 0.000000 0.007386 -0.000234 1.000000 0.000000 0.018579 0.000000 0.000000 1.000000 0.000000
1.000000 0.000244 0.000000 0.007446 -0.000244 1.000000 0.000000 0.019279 0.000000 0.000000 1.000000 0.000000
1.000000 0.000265 0.000000 0.007641 -0.000265 1.000000 0.000000 0.020094 0.000000 0.000000 1.000000 0.000000
1.000000 0.000278 0.000000 0.007718 -0.000278 1.000000 0.000000 0.020677 0.000000 0.000000 1.000000 0.000000
1.000000 0.000284 0.000000 0.007938 -0.000284 1.000000 0.000000 0.021166 0.000000 0.000000 1.000000 0.000000
1.000000 0.000293 0.000000 0.008169 -0.000293 1.000000 0.000000 0.021713 0.000000 0.000000 1.000000 0.000000
1.000000 0.000300 0.000000 0.008237 -0.000300 1.000000 0.000000 0.022180 0.000000 0.000000 1.000000 0.000000
1.000000 0.000303 0.000000 0.008312 -0.000303 1.000000 0.000000 0.022996 0.000000 0.000000 1.000000 0.000000
1.000000 0.000311 0.000000 0.008286 -0.000311 1.000000 0.000000 0.023745 0.000000 0.000000 1.000000 0.000000
1.000000 0.000322 0.000000 0.008347 -0.000322 1.000000 0.000000 0.024169 0.000000 0.000000 1.000000 0.000000
1.000000 0.000327 0.000000 0.008364 -0.000327 1.000000 0.000000 0.024817 0.000000 0.000000 1.000000 0.000000
1.000000 0.000329 0.000000 0.008371 -0.000329 1.000000 0.000000 0.025262 0.000000 0.000000 1.000000 0.000000
1.000000 0.000336 0.000000 0.008550 -0.000336 1.000000 0.000000 0.025610 0.000000 0.000000 1.000000 0.000000
1.000000 0.000338 0.000000 0.008694 -0.000338 1.000000 0.000000 0.026019 0.000000 0.000000 1.000000 0.000000
1.000000 0.000339 0.000000 0.008875 -0.000339 1.000000 0.000000 0.026482 0.000000 0.000000 1.000000 0.000000
1.000000 0.000345 0.000000 0.008976 -0.000345 1.000000 0.000000 0.027010 0.000000 0.000000 1.000000 0.000000
1.000000 0.000350 0.000000 0.009064 -0.000350 1.000000 0.000000 0.027297 0.000000 0.000000 1.000000 0.000000
1.000000 0.000350 0.000000 0.009353 -0.000350 1.000000 0.000000 0.027929 0.000000 0.000000 1.000000 0.000000
1.000000 0.000367 0.000000 0.009191 -0.000367 1.000000 0.000000 0.028618 0.000000 0.000000 1.000000 0.000000
1.000000 0.000385 0.000000 0.009182 -0.000385 1.000000 0.000000 0.029298 0.000000 0.000000 1.000000 0.000000
1.000000 0.000403 0.000000 0.009106 -0.000403 1.000000 0.000000 0.030033 0.000000 0.000000 1.000000 0.000000
1.000000 0.000426 0.000000 0.009629 -0.000426 1.000000 0.000000 0.031253 0.000000 0.000000 1.000000 0.000000
1.000000 0.000429 0.000000 0.009790 -0.000429 1.000000 0.000000 0.031193 0.000000 0.000000 1.000000 0.000000
1.000000 0.000447 0.000000 0.010362 -0.000447 1.000000 0.000000 0.031817 0.000000 0.000000 1.000000 0.000000
1.000000 0.000446 0.000000 0.010764 -0.000446 1.000000 0.000000 0.032212 0.000000 0.000000 1.000000 0.000000
1.000000 0.000481 0.000000 0.011144 -0.000481 1.000000 0.000000 0.031878 0.000000 0.000000 1.000000 0.000000
1.000000 0.000481 0.000000 0.011296 -0.000481 1.000000 0.000000 0.031998 0.000000 0.000000 1.000000 0.000000
1.000000 0.000496 0.000000 0.011506 -0.000496 1.000000 0.000000 0.032653 0.000000 0.000000 1.000000 0.000000
1.000000 0.000499 0.000000 0.011593 -0.000499 1.000000 0.000000 0.033296 0.000000 0.000000 1.000000 0.000000
1.000000 0.000502 0.000000 0.011685 -0.000502 1.000000 0.000000 0.033915 0.000000 0.000000 1.000000 0.000000
1.000000 0.000509 0.000000 0.011735 -0.000509 1.000000 0.000000 0.034418 0.000000 0.000000 1.000000 0.000000
1.000000 0.000515 0.000000 0.011938 -0.000515 1.000000 0.000000 0.034696 0.000000 0.000000 1.000000 0.000000
1.000000 0.000520 0.000000 0.012006 -0.000520 1.000000 0.000000 0.035111 0.000000 0.000000 1.000000 0.000000
1.000000 0.000515 0.000000 0.011947 -0.000515 1.000000 0.000000 0.035403 0.000000 0.000000 1.000000 0.000000
1.000000 0.000522 0.000000 0.012042 -0.000522 1.000000 0.000000 0.035926 0.000000 0.000000 1.000000 0.000000
1.000000 0.000542 0.000000 0.011904 -0.000542 1.000000 0.000000 0.035787 0.000000 0.000000 1.000000 0.000000
1.000000 0.000508 0.000000 0.011629 -0.000508 1.000000 0.000000 0.036626 0.000000 0.000000 1.000000 0.000000
1.000000 0.000498 0.000000 0.011536 -0.000498 1.000000 0.000000 0.036954 0.000000 0.000000 1.000000 0.000000
1.000000 0.000509 0.000000 0.011549 -0.000509 1.000000 0.000000 0.037458 0.000000 0.000000 1.000000 0.000000
1.000000 0.000512 0.000000 0.011646 -0.000512 1.000000 0.000000 0.037945 0.000000 0.000000 1.000000 0.000000
1.000000 0.000507 0.000000 0.011691 -0.000507 1.000000 0.000000 0.038497 0.000000 0.000000 1.000000 0.000000
1.000000 0.000508 0.000000 0.011746 -0.000508 1.000000 0.000000 0.038877 0.000000 0.000000 1.000000 0.000000
1.000000 0.000512 0.000000 0.011819 -0.000512 1.000000 0.000000 0.039476 0.000000 0.000000 1.000000 0.000000
1.000000 0.000519 0.000000 0.011991 -0.000519 1.000000 0.000000 0.039789 0.000000 0.000000 1.000000 0.000000
1.000000 0.000512 0.000000 0.012027 -0.000512 1.000000 0.000000 0.040405 0.000000 0.000000 1.000000 0.000000
1.000000 0.000514 0.000000 0.012123 -0.000514 1.000000 0.000000 0.040876 0.000000 0.000000 1.000000 0.000000
1.000000 0.000518 0.000000 0.012072 -0.000518 1.000000 0.000000 0.041446 0.000000 0.000000 1.000000 0.000000
1.000000 0.000534 0.000000 0.012317 -0.000534 1.000000 0.000000 0.041998 0.000000 0.000000 1.000000 0.000000
1.000000 0.000532 0.000000 0.012402 -0.000532 1.000000 0.000000 0.042585 0.000000 0.000000 1.000000 0.000000
1.000000 0.000527 0.000000 0.012776 -0.000527 1.000000 0.000000 0.043025 0.000000 0.000000 1.000000 0.000000
1.000000 0.000532 0.000000 0.012882 -0.000532 1.000000 0.000000 0.043480 0.000000 0.000000 1.000000 0.000000
1.000000 0.000539 0.000000 0.013011 -0.000539 1.000000 0.000000 0.044250 0.000000 0.000000 1.000000 0.000000
1.000000 0.000546 0.000000 0.013231 -0.000546 1.000000 0.000000 0.045060 0.000000 0.000000 1.000000 0.000000
1.000000 0.000560 0.000000 0.013172 -0.000560 1.000000 0.000000 0.045561 0.000000 0.000000 1.000000 0.000000
1.000000 0.000563 0.000000 0.013163 -0.000563 1.000000 0.000000 0.046245 0.000000 0.000000 1.000000 0.000000
1.000000 0.000577 0.000000 0.013266 -0.000577 1.000000 0.000000 0.047070 0.000000 0.000000 1.000000 0.000000
1.000000 0.000589 0.000000 0.013464 -0.000589 1.000000 0.000000 0.047622 0.000000 0.000000 1.000000 0.000000
1.000000 0.000632 0.000000 0.013567 -0.000632 1.000000 0.000000 0.048527 0.000000 0.000000 1.000000 0.000000
1.000000 0.000649 0.000000 0.013488 -0.000649 1.000000 0.000000 0.049272 0.000000 0.000000 1.000000 0.000000
1.000000 0.000693 0.000000 0.013755 -0.000693 1.000000 0.000000 0.050202 0.000000 0.000000 1.000000 0.000000
1.000000 0.000708 0.000000 0.013965 -0.000708 1.000000 0.000000 0.051017 0.000000 0.000000 1.000000 0.000000
1.000000 0.000720 0.000000 0.013999 -0.000720 1.000000 0.000000 0.051631 0.000000 0.000000 1.000000 0.000000
1.000000 0.000752 0.000000 0.014186 -0.000752 1.000000 0.000000 0.052211 0.000000 0.000000 1.000000 0.000000
1.000000 0.000771 0.000000 0.014460 -0.000771 1.000000 0.000000 0.052926 0.000000 0.000000 1.000000 0.000000
1.000000 0.000781 0.000000 0.014588 -0.000781 1.000000 0.000000 0.054079 0.000000 0.000000 1.000000 0.000000
1.000000 0.000781 0.000000 0.014494 -0.000781 1.000000 0.000000 0.054671 0.000000 0.000000 1.000000 0.000000
1.000000 0.000807 0.000000 0.014451 -0.000807 1.000000 0.000000 0.055810 0.000000 0.000000 1.000000 0.000000
1.000000 0.000814 0.000000 0.014563 -0.000814 1.000000 0.000000 0.056387 0.000000 0.000000 1.000000 0.000000
1.000000 0.000829 0.000000 0.014747 -0.000829 1.000000 0.000000 0.057154 0.000000 0.000000 1.000000 0.000000
1.000000 0.000837 0.000000 0.014857 -0.000837 1.000000 0.000000 0.058603 0.000000 0.000000 1.000000 0.000000
1.000000 0.000856 0.000000 0.015078 -0.000856 1.000000 0.000000 0.058961 0.000000 0.000000 1.000000 0.000000
1.000000 0.000868 0.000000 0.015189 -0.000868 1.000000 0.000000 0.059730 0.000000 0.000000 1.000000 0.000000
1.000000 0.000880 0.000000 0.015355 -0.000880 1.000000 0.000000 0.060475 0.000000 0.000000 1.000000 0.000000
1.000000 0.000882 0.000000 0.015501 -0.000882 1.000000 0.000000 0.061077 0.000000 0.000000 1.000000 0.000000
1.000000 0.000915 0.000000 0.014217 -0.000915 1.000000 0.000000 0.062286 0.000000 0.000000 1.000000 0.000000
1.000000 0.000922 0.000000 0.014001 -0.000922 1.000000 0.000000 0.062861 0.000000 0.000000 1.000000 0.000000
1.000000 0.000929 0.000000 0.014123 -0.000929 1.000000 0.000000 0.063260 0.000000 0.000000 1.000000 0.000000
1.000000 0.000935 0.000000 0.013921 -0.000935 1.000000 0.000000 0.064451 0.000000 0.000000 1.000000 0.000000
1.000000 0.000947 0.000000 0.013517 -0.000947 1.000000 0.000000 0.064545 0.000000 0.000000 1.000000 0.000000
1.000000 0.000955 0.000000 0.013855 -0.000955 1.000000 0.000000 0.065059 0.000000 0.000000 1.000000 0.000000
1.000000 0.000960 0.000000 0.014074 -0.000960 1.000000 0.000000 0.065559 0.000000 0.000000 1.000000 0.000000
1.000000 0.000974 0.000000 0.014289 -0.000974 1.000000 0.000000 0.066163 0.000000 0.000000 1.000000 0.000000
0.999999 0.001012 0.000000 0.014546 -0.001012 0.999999 0.000000 0.066162 0.000000 0.000000 1.000000 0.000000
0.999999 0.001016 0.000000 0.013585 -0.001016 0.999999 0.000000 0.066279 0.000000 0.000000 1.000000 0.000000
0.999999 0.001056 0.000000 0.011657 -0.001056 0.999999 0.000000 0.066943 0.000000 0.000000 1.000000 0.000000
0.999999 0.001091 0.000000 0.011374 -0.001091 0.999999 0.000000 0.067039 0.000000 0.000000 1.000000 0.000000
0.999999 0.001085 0.000000 0.010454 -0.001085 0.999999 0.000000 0.067554 0.000000 0.000000 1.000000 0.000000
0.999999 0.001070 0.000000 0.014672 -0.001070 0.999999 0.000000 0.069395 0.000000 0.000000 1.000000 0.000000
0.999999 0.001129 0.000000 -0.025097 -0.001129 0.999999 0.000000 0.052516 0.000000 0.000000 1.000000 0.000000
0.999999 0.001352 0.000000 -0.031832 -0.001352 0.999999 0.000000 0.052802 0.000000 0.000000 1.000000 0.000000
1.000000 0.000741 0.000000 -0.055509 -0.000741 1.000000 0.000000 0.078936 0.000000 0.000000 1.000000 0.000000
1.000000 0.000410 0.000000 -0.061147 -0.000410 1.000000 0.000000 0.083003 0.000000 0.000000 1.000000 0.000000
1.000000 0.000275 0.000000 -0.054574 -0.000275 1.000000 0.000000 0.077246 0.000000 0.000000 1.000000 0.000000
1.000000 0.000212 0.000000 -0.055171 -0.000212 1.000000 0.000000 0.079666 0.000000 0.000000 1.000000 0.000000
1.000000 0.000130 0.000000 -0.056616 -0.000130 1.000000 0.000000 0.082798 0.000000 0.000000 1.000000 0.000000
1.000000 0.000123 0.000000 -0.056251 -0.000123 1.000000 0.000000 0.082964 0.000000 0.000000 1.000000 0.000000
1.000000 0.000049 0.000000 -0.056783 -0.000049 1.000000 0.000000 0.084259 0.000000 0.000000 1.000000 0.000000
1.000000 0.000045 0.000000 -0.056948 -0.000045 1.000000 0.000000 0.084745 0.000000 0.000000 1.000000 0.000000
1.000000 0.000037 0.000000 -0.057061 -0.000037 1.000000 0.000000 0.085149 0.000000 0.000000 1.000000 0.000000
1.000000 0.000015 0.000000 -0.057308 -0.000015 1.000000 0.000000 0.085886 0.000000 0.000000 1.000000 0.000000
1.000000 0.000023 0.000000 -0.057236 -0.000023 1.000000 0.000000 0.086592 0.000000 0.000000 1.000000 0.000000
1.000000 0.000015 0.000000 -0.057247 -0.000015 1.000000 0.000000 0.087077 0.000000 0.000000 1.000000 0.000000
1.000000 0.000012 0.000000 -0.057363 -0.000012 1.000000 0.000000 0.087567 0.000000 0.000000 1.000000 0.000000
1.000000 0.000025 0.000000 -0.057234 -0.000025 1.000000 0.000000 0.088832 0.000000 0.000000 1.000000 0.000000
1.000000 0.000003 0.000000 -0.055542 -0.000003 1.000000 0.000000 0.089521 0.000000 0.000000 1.000000 0.000000
1.000000 -0.000009 0.000000 -0.054290 0.000009 1.000000 0.000000 0.090075 0.000000 0.000000 1.000000 0.000000
1.000000 -0.000013 0.000000 -0.054144 0.000013 1.000000 0.000000 0.090703 0.000000 0.000000 1.000000 0.000000
1.000000 -0.000002 0.000000 -0.053739 0.000002 1.000000 0.000000 0.091360 0.000000 0.000000 1.000000 0.000000
1.000000 0.000088 0.000000 -0.054513 -0.000088 1.000000 0.000000 0.088485 0.000000 0.000000 1.000000 0.000000
1.000000 0.000103 0.000000 -0.054507 -0.000103 1.000000 0.000000 0.088759 0.000000 0.000000 1.000000 0.000000
1.000000 0.000093 0.000000 -0.054363 -0.000093 1.000000 0.000000 0.089467 0.000000 0.000000 1.000000 0.000000
1.000000 0.000090 0.000000 -0.054264 -0.000090 1.000000 0.000000 0.090032 0.000000 0.000000 1.000000 0.000000
1.000000 0.000094 0.000000 -0.054151 -0.000094 1.000000 0.000000 0.090503 0.000000 0.000000 1.000000 0.000000
1.000000 0.000089 0.000000 -0.054123 -0.000089 1.000000 0.000000 0.091005 0.000000 0.000000 1.000000 0.000000
1.000000 0.000095 0.000000 -0.053963 -0.000095 1.000000 0.000000 0.091447 0.000000 0.000000 1.000000 0.000000
1.000000 0.000106 0.000000 -0.054006 -0.000106 1.000000 0.000000 0.092260 0.000000 0.000000 1.000000 0.000000
1.000000 0.000114 0.000000 -0.053521 -0.000114 1.000000 0.000000 0.092748 0.000000 0.000000 1.000000 0.000000
1.000000 0.000120 0.000000 -0.053911 -0.000120 1.000000 0.000000 0.093327 0.000000 0.000000 1.000000 0.000000
1.000000 0.000122 0.000000 -0.053704 -0.000122 1.000000 0.000000 0.093951 0.000000 0.000000 1.000000 0.000000
1.000000 0.000132 0.000000 -0.053435 -0.000132 1.000000 0.000000 0.094621 0.000000 0.000000 1.000000 0.000000
1.000000 0.000139 0.000000 -0.053448 -0.000139 1.000000 0.000000 0.095333 0.000000 0.000000 1.000000 0.000000
1.000000 0.000153 0.000000 -0.053438 -0.000153 1.000000 0.000000 0.095987 0.000000 0.000000 1.000000 0.000000
1.000000 0.000174 0.000000 -0.054443 -0.000174 1.000000 0.000000 0.096529 0.000000 0.000000 1.000000 0.000000
1.000000 0.000182 0.000000 -0.054683 -0.000182 1.000000 0.000000 0.097119 0.000000 0.000000 1.000000 0.000000
1.000000 0.000187 0.000000 -0.055146 -0.000187 1.000000 0.000000 0.097538 0.000000 0.000000 1.000000 0.000000
1.000000 0.000186 0.000000 -0.055238 -0.000186 1.000000 0.000000 0.097952 0.000000 0.000000 1.000000 0.000000
1.000000 0.000183 0.000000 -0.055781 -0.000183 1.000000 0.000000 0.098376 0.000000 0.000000 1.000000 0.000000
1.000000 0.000188 0.000000 -0.055610 -0.000188 1.000000 0.000000 0.099050 0.000000 0.000000 1.000000 0.000000
1.000000 0.000190 0.000000 -0.055740 -0.000190 1.000000 0.000000 0.099448 0.000000 0.000000 1.000000 0.000000
1.000000 0.000196 0.000000 -0.055833 -0.000196 1.000000 0.000000 0.099937 0.000000 0.000000 1.000000 0.000000
1.000000 0.000194 0.000000 -0.055752 -0.000194 1.000000 0.000000 0.100462 0.000000 0.000000 1.000000 0.000000
1.000000 0.000200 0.000000 -0.055661 -0.000200 1.000000 0.000000 0.101107 0.000000 0.000000 1.000000 0.000000
1.000000 0.000208 0.000000 -0.057336 -0.000208 1.000000 0.000000 0.102098 0.000000 0.000000 1.000000 0.000000
1.000000 0.000214 0.000000 -0.057241 -0.000214 1.000000 0.000000 0.102603 0.000000 0.000000 1.000000 0.000000
1.000000 0.000232 0.000000 -0.057191 -0.000232 1.000000 0.000000 0.103194 0.000000 0.000000 1.000000 0.000000
1.000000 0.000240 0.000000 -0.057181 -0.000240 1.000000 0.000000 0.103651 0.000000 0.000000 1.000000 0.000000
1.000000 0.000280 0.000000 -0.062284 -0.000280 1.000000 0.000000 0.104772 0.000000 0.000000 1.000000 0.000000
1.000000 0.000339 0.000000 -0.066904 -0.000339 1.000000 0.000000 0.106185 0.000000 0.000000 1.000000 0.000000
1.000000 0.000390 0.000000 -0.071105 -0.000390 1.000000 0.000000 0.107998 0.000000 0.000000 1.000000 0.000000
1.000000 0.000429 0.000000 -0.072893 -0.000429 1.000000 0.000000 0.110302 0.000000 0.000000 1.000000 0.000000
1.000000 0.000447 0.000000 -0.073183 -0.000447 1.000000 0.000000 0.111384 0.000000 0.000000 1.000000 0.000000
1.000000 0.000507 0.000000 -0.075286 -0.000507 1.000000 0.000000 0.115085 0.000000 0.000000 1.000000 0.000000
1.000000 0.000619 0.000000 -0.079202 -0.000619 1.000000 0.000000 0.120518 0.000000 0.000000 1.000000 0.000000
1.000000 0.000662 0.000000 -0.079055 -0.000662 1.000000 0.000000 0.122540 0.000000 0.000000 1.000000 0.000000
1.000000 0.000668 0.000000 -0.076142 -0.000668 1.000000 0.000000 0.123501 0.000000 0.000000 1.000000 0.000000
1.000000 0.000650 0.000000 -0.073462 -0.000650 1.000000 0.000000 0.123256 0.000000 0.000000 1.000000 0.000000
1.000000 0.000682 0.000000 -0.072304 -0.000682 1.000000 0.000000 0.124413 0.000000 0.000000 1.000000 0.000000
1.000000 0.000712 0.000000 -0.069869 -0.000712 1.000000 0.000000 0.126192 0.000000 0.000000 1.000000 0.000000
1.000000 0.000759 0.000000 -0.068579 -0.000759 1.000000 0.000000 0.128668 0.000000 0.000000 1.000000 0.000000
1.000000 0.000789 0.000000 -0.068054 -0.000789 1.000000 0.000000 0.130221 0.000000 0.000000 1.000000 0.000000
1.000000 0.000841 0.000000 -0.066599 -0.000841 1.000000 0.000000 0.132301 0.000000 0.000000 1.000000 0.000000
1.000000 0.000916 0.000000 -0.065721 -0.000916 1.000000 0.000000 0.133877 0.000000 0.000000 1.000000 0.000000
1.000000 0.000983 0.000000 -0.065249 -0.000983 1.000000 0.000000 0.134716 0.000000 0.000000 1.000000 0.000000
0.999999 0.001029 0.000000 -0.064296 -0.001029 0.999999 0.000000 0.135897 0.000000 0.000000 1.000000 0.000000
0.999999 0.001057 0.000000 -0.063221 -0.001057 0.999999 0.000000 0.136475 0.000000 0.000000 1.000000 0.000000
0.999999 0.001071 0.000000 -0.062509 -0.001071 0.999999 0.000000 0.136980 0.000000 0.000000 1.000000 0.000000
0.999999 0.001095 0.000000 -0.062074 -0.001095 0.999999 0.000000 0.138485 0.000000 0.000000 1.000000 0.000000
0.999999 0.001117 0.000000 -0.060778 -0.001117 0.999999 0.000000 0.139525 0.000000 0.000000 1.000000 0.000000
0.999999 0.001192 0.000000 -0.059589 -0.001192 0.999999 0.000000 0.141398 0.000000 0.000000 1.000000 0.000000
0.999999 0.001278 0.000000 -0.059864 -0.001278 0.999999 0.000000 0.144033 0.000000 0.000000 1.000000 0.000000
0.999999 0.001333 0.000000 -0.059443 -0.001333 0.999999 0.000000 0.146072 0.000000 0.000000 1.000000 0.000000
0.999999 0.001340 0.000000 -0.066482 -0.001340 0.999999 0.000000 0.146467 0.000000 0.000000 1.000000 0.000000
0.999999 0.001321 0.000000 -0.071922 -0.001321 0.999999 0.000000 0.146333 0.000000 0.000000 1.000000 0.000000
0.999999 0.001275 0.000000 -0.077216 -0.001275 0.999999 0.000000 0.146062 0.000000 0.000000 1.000000 0.000000
0.999999 0.001199 0.000000 -0.080730 -0.001199 0.999999 0.000000 0.144677 0.000000 0.000000 1.000000 0.000000
0.999999 0.001073 0.000000 -0.086816 -0.001073 0.999999 0.000000 0.141331 0.000000 0.000000 1.000000 0.000000
0.999999 0.001066 0.000000 -0.086795 -0.001066 0.999999 0.000000 0.141836 0.000000 0.000000 1.000000 0.000000
0.999999 0.001088 0.000000 -0.086747 -0.001088 0.999999 0.000000 0.142705 0.000000 0.000000 1.000000 0.000000
0.999999 0.001073 0.000000 -0.086652 -0.001073 0.999999 0.000000 0.143246 0.000000 0.000000 1.000000 0.000000
0.999999 0.001062 0.000000 -0.087187 -0.001062 0.999999 0.000000 0.143439 0.000000 0.000000 1.000000 0.000000
0.999999 0.001015 0.000000 -0.087056 -0.001015 0.999999 0.000000 0.143524 0.000000 0.000000 1.000000 0.000000
1.000000 0.000979 0.000000 -0.087085 -0.000979 1.000000 0.000000 0.143351 0.000000 0.000000 1.000000 0.000000
1.000000 0.000971 0.000000 -0.087508 -0.000971 1.000000 0.000000 0.143479 0.000000 0.000000 1.000000 0.000000
1.000000 0.000965 0.000000 -0.087911 -0.000965 1.000000 0.000000 0.143413 0.000000 0.000000 1.000000 0.000000
1.000000 0.000931 0.000000 -0.088453 -0.000931 1.000000 0.000000 0.142929 0.000000 0.000000 1.000000 0.000000
1.000000 0.000859 0.000000 -0.089393 -0.000859 1.000000 0.000000 0.142152 0.000000 0.000000 1.000000 0.000000
1.000000 0.000513 0.000000 -0.092912 -0.000513 1.000000 0.000000 0.135460 0.000000 0.000000 1.000000 0.000000
1.000000 0.000444 0.000000 -0.094077 -0.000444 1.000000 0.000000 0.135015 0.000000 0.000000 1.000000 0.000000
1.000000 0.000044 0.000000 -0.114328 -0.000044 1.000000 0.000000 0.118904 0.000000 0.000000 1.000000 0.000000
1.000000 0.000034 0.000000 -0.114617 -0.000034 1.000000 0.000000 0.118876 0.000000 0.000000 1.000000 0.000000
0.999999 -0.001160 0.000000 -0.222127 0.001160 0.999999 0.000000 0.055489 0.000000 0.000000 1.000000 0.000000
0.999999 -0.001176 0.000000 -0.219856 0.001176 0.999999 0.000000 0.053103 0.000000 0.000000 1.000000 0.000000
1.000000 -0.000212 0.000000 -0.242295 0.000212 1.000000 0.000000 0.059166 0.000000 0.000000 1.000000 0.000000
1.000000 -0.000568 0.000000 -0.248026 0.000568 1.000000 0.000000 0.075607 0.000000 0.000000 1.000000 0.000000
1.000000 -0.000541 0.000000 -0.247038 0.000541 1.000000 0.000000 0.075881 0.000000 0.000000 1.000000 0.000000
1.000000 -0.000521 0.000000 -0.247080 0.000521 1.000000 0.000000 0.076755 0.000000 0.000000 1.000000 0.000000
1.000000 -0.000525 0.000000 -0.246851 0.000525 1.000000 0.000000 0.078082 0.000000 0.000000 1.000000 0.000000
1.000000 -0.000597 0.000000 -0.247659 0.000597 1.000000 0.000000 0.079415 0.000000 0.000000 1.000000 0.000000
1.000000 -0.000641 0.000000 -0.248265 0.000641 1.000000 0.000000 0.079271 0.000000 0.000000 1.000000 0.000000
1.000000 -0.000631 0.000000 -0.247716 0.000631 1.000000 0.000000 0.079840 0.000000 0.000000 1.000000 0.000000
1.000000 -0.000629 0.000000 -0.246984 0.000629 1.000000 0.000000 0.080441 0.000000 0.000000 1.000000 0.000000
1.000000 -0.000620 0.000000 -0.246530 0.000620 1.000000 0.000000 0.081356 0.000000 0.000000 1.000000 0.000000
1.000000 -0.000623 0.000000 -0.247711 0.000623 1.000000 0.000000 0.081754 0.000000 0.000000 1.000000 0.000000
1.000000 -0.000613 0.000000 -0.247877 0.000613 1.000000 0.000000 0.082487 0.000000 0.000000 1.000000 0.000000
1.000000 -0.000599 0.000000 -0.247855 0.000599 1.000000 0.000000 0.083178 0.000000 0.000000 1.000000 0.000000
1.000000 -0.000591 0.000000 -0.248900 0.000591 1.000000 0.000000 0.083360 0.000000 0.000000 1.000000 0.000000
1.000000 -0.000593 0.000000 -0.250078 0.000593 1.000000 0.000000 0.083600 0.000000 0.000000 1.000000 0.000000
1.000000 -0.000566 0.000000 -0.250256 0.000566 1.000000 0.000000 0.084035 0.000000 0.000000 1.000000 0.000000
1.000000 -0.000530 0.000000 -0.252387 0.000530 1.000000 0.000000 0.084179 0.000000 0.000000 1.000000 0.000000
1.000000 -0.000548 0.000000 -0.253755 0.000548 1.000000 0.000000 0.084555 0.000000 0.000000 1.000000 0.000000
1.000000 -0.000517 0.000000 -0.254733 0.000517 1.000000 0.000000 0.084500 0.000000 0.000000 1.000000 0.000000
1.000000 -0.000485 0.000000 -0.255962 0.000485 1.000000 0.000000 0.084706 0.000000 0.000000 1.000000 0.000000
1.000000 -0.000488 0.000000 -0.258224 0.000488 1.000000 0.000000 0.085008 0.000000 0.000000 1.000000 0.000000
1.000000 -0.000465 0.000000 -0.260648 0.000465 1.000000 0.000000 0.084380 0.000000 0.000000 1.000000 0.000000
1.000000 -0.000404 0.000000 -0.263307 0.000404 1.000000 0.000000 0.081225 0.000000 0.000000 1.000000 0.000000
1.000000 -0.000410 0.000000 -0.265606 0.000410 1.000000 0.000000 0.080657 0.000000 0.000000 1.000000 0.000000
1.000000 -0.000463 0.000000 -0.266018 0.000463 1.000000 0.000000 0.080184 0.000000 0.000000 1.000000 0.000000
1.000000 -0.000623 0.000000 -0.259954 0.000623 1.000000 0.000000 0.081173 0.000000 0.000000 1.000000 0.000000
0.999999 -0.001332 0.000000 -0.238258 0.001332 0.999999 0.000000 0.083931 0.000000 0.000000 1.000000 0.000000
0.999988 -0.004863 0.000000 -0.173670 0.004863 0.999988 0.000000 0.089733 0.000000 0.000000 1.000000 0.000000
0.999911 -0.013337 0.000000 -0.035785 0.013337 0.999911 0.000000 0.123760 0.000000 0.000000 1.000000 0.000000
0.999596 -0.028439 0.000000 0.137376 0.028439 0.999596 0.000000 0.174783 0.000000 0.000000 1.000000 0.000000
0.998691 -0.051144 0.000000 0.389826 0.051144 0.998691 0.000000 0.226527 0.000000 0.000000 1.000000 0.000000
0.996893 -0.078763 0.000000 0.645266 0.078763 0.996893 0.000000 0.300317 0.000000 0.000000 1.000000 0.000000
0.993631 -0.112685 0.000000 0.912027 0.112685 0.993631 0.000000 0.325321 0.000000 0.000000 1.000000 0.000000
0.988703 -0.149891 0.000000 1.226803 0.149891 0.988703 0.000000 0.386189 0.000000 0.000000 1.000000 0.000000
0.982137 -0.188168 0.000000 1.606452 0.188168 0.982137 0.000000 0.454808 0.000000 0.000000 1.000000 0.000000
0.974459 -0.224567 0.000000 2.022139 0.224567 0.974459 0.000000 0.547076 0.000000 0.000000 1.000000 0.000000
0.967087 -0.254447 0.000000 2.476081 0.254447 0.967087 0.000000 0.651262 0.000000 0.000000 1.000000 0.000000
0.961236 -0.275728 0.000000 2.956873 0.275728 0.961236 0.000000 0.751761 0.000000 0.000000 1.000000 0.000000
0.959640 -0.281230 0.000000 3.525185 0.281230 0.959640 0.000000 0.881506 0.000000 0.000000 1.000000 0.000000
0.961950 -0.273225 0.000000 4.180298 0.273225 0.961950 0.000000 1.040017 0.000000 0.000000 1.000000 0.000000
0.967015 -0.254719 0.000000 4.916713 0.254719 0.967015 0.000000 1.222634 0.000000 0.000000 1.000000 0.000000
0.973293 -0.229568 0.000000 5.822862 0.229568 0.973293 0.000000 1.375378 0.000000 0.000000 1.000000 0.000000
0.979005 -0.203835 0.000000 6.805817 0.203835 0.979005 0.000000 1.548949 0.000000 0.000000 1.000000 0.000000
0.983589 -0.180426 0.000000 7.874651 0.180426 0.983589 0.000000 1.727375 0.000000 0.000000 1.000000 0.000000
0.987018 -0.160612 0.000000 9.015048 0.160612 0.987018 0.000000 1.866198 0.000000 0.000000 1.000000 0.000000
0.990234 -0.139416 0.000000 10.244235 0.139416 0.990234 0.000000 2.010354 0.000000 0.000000 1.000000 0.000000
0.992645 -0.121063 0.000000 11.533150 0.121063 0.992645 0.000000 2.124845 0.000000 0.000000 1.000000 0.000000
0.994248 -0.107099 0.000000 12.907934 0.107099 0.994248 0.000000 2.246104 0.000000 0.000000 1.000000 0.000000
0.995232 -0.097540 0.000000 14.324319 0.097540 0.995232 0.000000 2.341329 0.000000 0.000000 1.000000 0.000000
0.996084 -0.088409 0.000000 15.801394 0.088409 0.996084 0.000000 2.439492 0.000000 0.000000 1.000000 0.000000
0.996924 -0.078380 0.000000 17.339658 0.078380 0.996924 0.000000 2.526749 0.000000 0.000000 1.000000 0.000000
0.997520 -0.070390 0.000000 18.948088 0.070390 0.997520 0.000000 2.629838 0.000000 0.000000 1.000000 0.000000
0.997789 -0.066454 0.000000 20.569269 0.066454 0.997789 0.000000 2.699643 0.000000 0.000000 1.000000 0.000000
0.997936 -0.064214 0.000000 22.209103 0.064214 0.997936 0.000000 2.805635 0.000000 0.000000 1.000000 0.000000
0.998007 -0.063102 0.000000 23.872350 0.063102 0.998007 0.000000 2.917849 0.000000 0.000000 1.000000 0.000000
0.998155 -0.060722 0.000000 25.518814 0.060722 0.998155 0.000000 3.032014 0.000000 0.000000 1.000000 0.000000
0.998254 -0.059065 0.000000 27.224359 0.059065 0.998254 0.000000 3.124567 0.000000 0.000000 1.000000 0.000000
0.998135 -0.061051 0.000000 28.929490 0.061051 0.998135 0.000000 3.222316 0.000000 0.000000 1.000000 0.000000
0.997959 -0.063862 0.000000 30.625950 0.063862 0.997959 0.000000 3.318688 0.000000 0.000000 1.000000 0.000000
0.997739 -0.067208 0.000000 32.358919 0.067208 0.997739 0.000000 3.442213 0.000000 0.000000 1.000000 0.000000
0.997344 -0.072829 0.000000 34.159704 0.072829 0.997344 0.000000 3.557653 0.000000 0.000000 1.000000 0.000000
0.997159 -0.075321 0.000000 36.000241 0.075321 0.997159 0.000000 3.681601 0.000000 0.000000 1.000000 0.000000
0.997267 -0.073885 0.000000 37.861710 0.073885 0.997267 0.000000 3.804937 0.000000 0.000000 1.000000 0.000000
0.997298 -0.073461 0.000000 39.796643 0.073461 0.997298 0.000000 3.933158 0.000000 0.000000 1.000000 0.000000
0.997160 -0.075319 0.000000 41.701119 0.075319 0.997160 0.000000 4.058870 0.000000 0.000000 1.000000 0.000000
0.996943 -0.078133 0.000000 43.634998 0.078133 0.996943 0.000000 4.206311 0.000000 0.000000 1.000000 0.000000
0.996582 -0.082612 0.000000 45.584414 0.082612 0.996582 0.000000 4.362285 0.000000 0.000000 1.000000 0.000000
0.996273 -0.086252 0.000000 47.535435 0.086252 0.996273 0.000000 4.517786 0.000000 0.000000 1.000000 0.000000
0.996057 -0.088714 0.000000 49.473041 0.088714 0.996057 0.000000 4.702865 0.000000 0.000000 1.000000 0.000000
0.995739 -0.092218 0.000000 51.407924 0.092218 0.995739 0.000000 4.886908 0.000000 0.000000 1.000000 0.000000
0.995642 -0.093262 0.000000 53.316968 0.093262 0.995642 0.000000 5.071817 0.000000 0.000000 1.000000 0.000000
0.995747 -0.092128 0.000000 55.271890 0.092128 0.995747 0.000000 5.238318 0.000000 0.000000 1.000000 0.000000
0.995933 -0.090092 0.000000 57.269095 0.090092 0.995933 0.000000 5.424626 0.000000 0.000000 1.000000 0.000000
0.996065 -0.088630 0.000000 59.184245 0.088630 0.996065 0.000000 5.597446 0.000000 0.000000 1.000000 0.000000
0.996216 -0.086915 0.000000 61.108822 0.086915 0.996216 0.000000 5.753331 0.000000 0.000000 1.000000 0.000000
0.996355 -0.085306 0.000000 62.978375 0.085306 0.996355 0.000000 5.900639 0.000000 0.000000 1.000000 0.000000
0.996521 -0.083346 0.000000 65.024666 0.083346 0.996521 0.000000 6.009200 0.000000 0.000000 1.000000 0.000000
0.996773 -0.080277 0.000000 66.921726 0.080277 0.996773 0.000000 6.151264 0.000000 0.000000 1.000000 0.000000
0.997016 -0.077196 0.000000 68.921714 0.077196 0.997016 0.000000 6.286198 0.000000 0.000000 1.000000 0.000000
0.997356 -0.072677 0.000000 70.875899 0.072677 0.997356 0.000000 6.413524 0.000000 0.000000 1.000000 0.000000
0.997600 -0.069240 0.000000 72.908260 0.069240 0.997600 0.000000 6.512892 0.000000 0.000000 1.000000 0.000000
0.997797 -0.066340 0.000000 74.971042 0.066340 0.997797 0.000000 6.618500 0.000000 0.000000 1.000000 0.000000
0.997906 -0.064688 0.000000 77.030607 0.064688 0.997906 0.000000 6.729119 0.000000 0.000000 1.000000 0.000000
0.998023 -0.062852 0.000000 79.090875 0.062852 0.998023 0.000000 6.825836 0.000000 0.000000 1.000000 0.000000
0.998004 -0.063147 0.000000 81.103227 0.063147 0.998004 0.000000 6.972115 0.000000 0.000000 1.000000 0.000000
0.998059 -0.062279 0.000000 83.133368 0.062279 0.998059 0.000000 7.087640 0.000000 0.000000 1.000000 0.000000
0.998021 -0.062886 0.000000 85.171951 0.062886 0.998021 0.000000 7.201872 0.000000 0.000000 1.000000 0.000000
0.997792 -0.066423 0.000000 87.179642 0.066423 0.997792 0.000000 7.325899 0.000000 0.000000 1.000000 0.000000
0.997421 -0.071778 0.000000 89.207187 0.071778 0.997421 0.000000 7.441978 0.000000 0.000000 1.000000 0.000000
0.997013 -0.077232 0.000000 91.212325 0.077232 0.997013 0.000000 7.575712 0.000000 0.000000 1.000000 0.000000
0.996669 -0.081553 0.000000 93.149073 0.081553 0.996669 0.000000 7.734788 0.000000 0.000000 1.000000 0.000000
0.996025 -0.089073 0.000000 95.149450 0.089073 0.996025 0.000000 7.903879 0.000000 0.000000 1.000000 0.000000
0.995254 -0.097312 0.000000 97.129096 0.097312 0.995254 0.000000 8.086981 0.000000 0.000000 1.000000 0.000000
0.994580 -0.103972 0.000000 99.021430 0.103972 0.994580 0.000000 8.268463 0.000000 0.000000 1.000000 0.000000
0.994162 -0.107900 0.000000 101.026576 0.107900 0.994162 0.000000 8.470170 0.000000 0.000000 1.000000 0.000000
0.993626 -0.112731 0.000000 102.886609 0.112731 0.993626 0.000000 8.662640 0.000000 0.000000 1.000000 0.000000
0.992859 -0.119293 0.000000 104.801970 0.119293 0.992859 0.000000 8.832050 0.000000 0.000000 1.000000 0.000000
0.992249 -0.124264 0.000000 106.833914 0.124264 0.992249 0.000000 9.053255 0.000000 0.000000 1.000000 0.000000
0.991696 -0.128604 0.000000 108.830907 0.128604 0.991696 0.000000 9.301923 0.000000 0.000000 1.000000 0.000000
0.991297 -0.131648 0.000000 110.858362 0.131648 0.991297 0.000000 9.550828 0.000000 0.000000 1.000000 0.000000
0.990824 -0.135161 0.000000 112.845446 0.135161 0.990824 0.000000 9.827561 0.000000 0.000000 1.000000 0.000000
0.990521 -0.137361 0.000000 114.841636 0.137361 0.990521 0.000000 10.088637 0.000000 0.000000 1.000000 0.000000
0.990156 -0.139967 0.000000 116.864720 0.139967 0.990156 0.000000 10.353359 0.000000 0.000000 1.000000 0.000000
0.990068 -0.140588 0.000000 118.793250 0.140588 0.990068 0.000000 10.624396 0.000000 0.000000 1.000000 0.000000
0.989838 -0.142203 0.000000 120.758028 0.142203 0.989838 0.000000 10.885048 0.000000 0.000000 1.000000 0.000000
0.989803 -0.142446 0.000000 122.643344 0.142446 0.989803 0.000000 11.132947 0.000000 0.000000 1.000000 0.000000
0.989934 -0.141533 0.000000 124.628387 0.141533 0.989934 0.000000 11.403188 0.000000 0.000000 1.000000 0.000000
0.990077 -0.140522 0.000000 126.561288 0.140522 0.990077 0.000000 11.652806 0.000000 0.000000 1.000000 0.000000
0.990269 -0.139167 0.000000 128.563068 0.139167 0.990269 0.000000 11.912545 0.000000 0.000000 1.000000 0.000000
0.990541 -0.137218 0.000000 130.512745 0.137218 0.990541 0.000000 12.168339 0.000000 0.000000 1.000000 0.000000
0.990947 -0.134255 0.000000 132.558200 0.134255 0.990947 0.000000 12.406245 0.000000 0.000000 1.000000 0.000000
0.991088 -0.133211 0.000000 134.673125 0.133211 0.991088 0.000000 12.683576 0.000000 0.000000 1.000000 0.000000
0.991033 -0.133621 0.000000 136.798254 0.133621 0.991033 0.000000 12.957900 0.000000 0.000000 1.000000 0.000000
0.990829 -0.135125 0.000000 138.916611 0.135125 0.990829 0.000000 13.231874 0.000000 0.000000 1.000000 0.000000
0.990657 -0.136377 0.000000 141.023353 0.136377 0.990657 0.000000 13.496013 0.000000 0.000000 1.000000 0.000000
0.990401 -0.138223 0.000000 143.129037 0.138223 0.990401 0.000000 13.775900 0.000000 0.000000 1.000000 0.000000
0.990339 -0.138669 0.000000 145.202176 0.138669 0.990339 0.000000 14.054761 0.000000 0.000000 1.000000 0.000000
0.990461 -0.137795 0.000000 147.289728 0.137795 0.990461 0.000000 14.335631 0.000000 0.000000 1.000000 0.000000
0.990439 -0.137950 0.000000 149.350112 0.137950 0.990439 0.000000 14.594415 0.000000 0.000000 1.000000 0.000000
0.990282 -0.139077 0.000000 151.414582 0.139077 0.990282 0.000000 14.886039 0.000000 0.000000 1.000000 0.000000
0.989879 -0.141916 0.000000 153.497629 0.141916 0.989879 0.000000 15.182091 0.000000 0.000000 1.000000 0.000000
0.989573 -0.144034 0.000000 155.543715 0.144034 0.989573 0.000000 15.471639 0.000000 0.000000 1.000000 0.000000
0.989334 -0.145665 0.000000 157.663849 0.145665 0.989334 0.000000 15.788695 0.000000 0.000000 1.000000 0.000000
0.988938 -0.148330 0.000000 159.884971 0.148330 0.988938 0.000000 16.140058 0.000000 0.000000 1.000000 0.000000
0.988457 -0.151502 0.000000 162.023706 0.151502 0.988457 0.000000 16.462305 0.000000 0.000000 1.000000 0.000000
0.988246 -0.152874 0.000000 164.241918 0.152874 0.988246 0.000000 16.774628 0.000000 0.000000 1.000000 0.000000
0.988117 -0.153706 0.000000 166.394472 0.153706 0.988117 0.000000 17.122435 0.000000 0.000000 1.000000 0.000000
0.987903 -0.155073 0.000000 168.582649 0.155073 0.987903 0.000000 17.441702 0.000000 0.000000 1.000000 0.000000
0.987650 -0.156677 0.000000 170.787771 0.156677 0.987650 0.000000 17.787265 0.000000 0.000000 1.000000 0.000000
