1.000000 -0.000177 0.000000 -0.002056 0.000177 1.000000 0.000000 -0.001979 0.000000 0.000000 1.000000 0.000000
1.000000 -0.000277 0.000000 -0.006942 0.000277 1.000000 0.000000 -0.003374 0.000000 0.000000 1.000000 0.000000
1.000000 -0.000374 0.000000 -0.008590 0.000374 1.000000 0.000000 -0.004731 0.000000 0.000000 1.000000 0.000000
1.000000 -0.000479 0.000000 -0.019727 0.000479 1.000000 0.000000 -0.007783 0.000000 0.000000 1.000000 0.000000
1.000000 -0.000534 0.000000 -0.018487 0.000534 1.000000 0.000000 -0.009072 0.000000 0.000000 1.000000 0.000000
1.000000 -0.000613 0.000000 -0.025231 0.000613 1.000000 0.000000 -0.012250 0.000000 0.000000 1.000000 0.000000
1.000000 -0.000728 0.000000 -0.030781 0.000728 1.000000 0.000000 -0.017493 0.000000 0.000000 1.000000 0.000000
1.000000 -0.000774 0.000000 -0.030511 0.000774 1.000000 0.000000 -0.018290 0.000000 0.000000 1.000000 0.000000
1.000000 -0.000806 0.000000 -0.025621 0.000806 1.000000 0.000000 -0.018826 0.000000 0.000000 1.000000 0.000000
1.000000 -0.000816 0.000000 -0.024098 0.000816 1.000000 0.000000 -0.020285 0.000000 0.000000 1.000000 0.000000
1.000000 -0.000880 0.000000 -0.025605 0.000880 1.000000 0.000000 -0.022303 0.000000 0.000000 1.000000 0.000000
0.999999 -0.001090 0.000000 -0.026651 0.001090 0.999999 0.000000 -0.024322 0.000000 0.000000 1.000000 0.000000
0.999999 -0.001272 0.000000 -0.036622 0.001272 0.999999 0.000000 -0.029829 0.000000 0.000000 1.000000 0.000000
0.999999 -0.001412 0.000000 -0.044191 0.001412 0.999999 0.000000 -0.036112 0.000000 0.000000 1.000000 0.000000
0.999999 -0.001449 0.000000 -0.059891 0.001449 0.999999 0.000000 -0.037902 0.000000 0.000000 1.000000 0.000000
0.999999 -0.001466 0.000000 -0.060244 0.001466 0.999999 0.000000 -0.038852 0.000000 0.000000 1.000000 0.000000
0.999999 -0.001394 0.000000 -0.062333 0.001394 0.999999 0.000000 -0.039326 0.000000 0.000000 1.000000 0.000000
0.999999 -0.001393 0.000000 -0.069635 0.001393 0.999999 0.000000 -0.043477 0.000000 0.000000 1.000000 0.000000
0.999999 -0.001499 0.000000 -0.070131 0.001499 0.999999 0.000000 -0.047985 0.000000 0.000000 1.000000 0.000000
0.999999 -0.001562 0.000000 -0.070142 0.001562 0.999999 0.000000 -0.049572 0.000000 0.000000 1.000000 0.000000
0.999999 -0.001671 0.000000 -0.066760 0.001671 0.999999 0.000000 -0.050873 0.000000 0.000000 1.000000 0.000000
0.999999 -0.001670 0.000000 -0.065523 0.001670 0.999999 0.000000 -0.051593 0.000000 0.000000 1.000000 0.000000
0.999999 -0.001658 0.000000 -0.064105 0.001658 0.999999 0.000000 -0.052307 0.000000 0.000000 1.000000 0.000000
0.999999 -0.001644 0.000000 -0.060333 0.001644 0.999999 0.000000 -0.053439 0.000000 0.000000 1.000000 0.000000
0.999999 -0.001439 0.000000 -0.058282 0.001439 0.999999 0.000000 -0.058970 0.000000 0.000000 1.000000 0.000000
0.999999 -0.001446 0.000000 -0.054994 0.001446 0.999999 0.000000 -0.060656 0.000000 0.000000 1.000000 0.000000
0.999999 -0.001480 0.000000 -0.050267 0.001480 0.999999 0.000000 -0.061821 0.000000 0.000000 1.000000 0.000000
0.999999 -0.001554 0.000000 -0.045977 0.001554 0.999999 0.000000 -0.062902 0.000000 0.000000 1.000000 0.000000
0.999999 -0.001616 0.000000 -0.040263 0.001616 0.999999 0.000000 -0.063094 0.000000 0.000000 1.000000 0.000000
0.999999 -0.001691 0.000000 -0.031173 0.001691 0.999999 0.000000 -0.062549 0.000000 0.000000 1.000000 0.000000
0.999998 -0.001864 0.000000 -0.020145 0.001864 0.999998 0.000000 -0.062851 0.000000 0.000000 1.000000 0.000000
0.999998 -0.001886 0.000000 -0.004417 0.001886 0.999998 0.000000 -0.069420 0.000000 0.000000 1.000000 0.000000
0.999998 -0.002117 0.000000 0.017467 0.002117 0.999998 0.000000 -0.069894 0.000000 0.000000 1.000000 0.000000
0.999998 -0.002229 0.000000 0.027956 0.002229 0.999998 0.000000 -0.070693 0.000000 0.000000 1.000000 0.000000
0.999997 -0.002349 0.000000 0.036247 0.002349 0.999997 0.000000 -0.071191 0.000000 0.000000 1.000000 0.000000
0.999997 -0.002456 0.000000 0.047741 0.002456 0.999997 0.000000 -0.069429 0.000000 0.000000 1.000000 0.000000
0.999997 -0.002498 0.000000 0.056605 0.002498 0.999997 0.000000 -0.070667 0.000000 0.000000 1.000000 0.000000
0.999997 -0.002610 0.000000 0.071355 0.002610 0.999997 0.000000 -0.072129 0.000000 0.000000 1.000000 0.000000
0.999996 -0.002734 0.000000 0.085736 0.002734 0.999996 0.000000 -0.071852 0.000000 0.000000 1.000000 0.000000
0.999996 -0.002780 0.000000 0.093890 0.002780 0.999996 0.000000 -0.071832 0.000000 0.000000 1.000000 0.000000
0.999996 -0.002806 0.000000 0.098940 0.002806 0.999996 0.000000 -0.071729 0.000000 0.000000 1.000000 0.000000
0.999996 -0.002829 0.000000 0.102259 0.002829 0.999996 0.000000 -0.071714 0.000000 0.000000 1.000000 0.000000
0.999996 -0.002863 0.000000 0.106005 0.002863 0.999996 0.000000 -0.070768 0.000000 0.000000 1.000000 0.000000
0.999996 -0.002923 0.000000 0.110576 0.002923 0.999996 0.000000 -0.070394 0.000000 0.000000 1.000000 0.000000
0.999996 -0.002958 0.000000 0.114203 0.002958 0.999996 0.000000 -0.070851 0.000000 0.000000 1.000000 0.000000
0.999995 -0.003006 0.000000 0.120057 0.003006 0.999995 0.000000 -0.070597 0.000000 0.000000 1.000000 0.000000
0.999995 -0.003018 0.000000 0.125485 0.003018 0.999995 0.000000 -0.070462 0.000000 0.000000 1.000000 0.000000
0.999995 -0.003060 0.000000 0.131546 0.003060 0.999995 0.000000 -0.070700 0.000000 0.000000 1.000000 0.000000
0.999995 -0.003105 0.000000 0.137057 0.003105 0.999995 0.000000 -0.070169 0.000000 0.000000 1.000000 0.000000
0.999995 -0.003105 0.000000 0.140346 0.003105 0.999995 0.000000 -0.070338 0.000000 0.000000 1.000000 0.000000
0.999995 -0.003152 0.000000 0.143105 0.003152 0.999995 0.000000 -0.070705 0.000000 0.000000 1.000000 0.000000
0.999995 -0.003185 0.000000 0.145325 0.003185 0.999995 0.000000 -0.071500 0.000000 0.000000 1.000000 0.000000
0.999995 -0.003250 0.000000 0.150197 0.003250 0.999995 0.000000 -0.072361 0.000000 0.000000 1.000000 0.000000
0.999995 -0.003304 0.000000 0.153790 0.003304 0.999995 0.000000 -0.072514 0.000000 0.000000 1.000000 0.000000
0.999994 -0.003331 0.000000 0.156989 0.003331 0.999994 0.000000 -0.073175 0.000000 0.000000 1.000000 0.000000
0.999994 -0.003368 0.000000 0.160848 0.003368 0.999994 0.000000 -0.073561 0.000000 0.000000 1.000000 0.000000
0.999994 -0.003371 0.000000 0.163336 0.003371 0.999994 0.000000 -0.074066 0.000000 0.000000 1.000000 0.000000
0.999994 -0.003398 0.000000 0.166392 0.003398 0.999994 0.000000 -0.074974 0.000000 0.000000 1.000000 0.000000
0.999994 -0.003429 0.000000 0.170479 0.003429 0.999994 0.000000 -0.075704 0.000000 0.000000 1.000000 0.000000
0.999994 -0.003482 0.000000 0.175223 0.003482 0.999994 0.000000 -0.076782 0.000000 0.000000 1.000000 0.000000
0.999994 -0.003490 0.000000 0.179792 0.003490 0.999994 0.000000 -0.076712 0.000000 0.000000 1.000000 0.000000
0.999994 -0.003505 0.000000 0.182225 0.003505 0.999994 0.000000 -0.076838 0.000000 0.000000 1.000000 0.000000
0.999994 -0.003522 0.000000 0.185522 0.003522 0.999994 0.000000 -0.077314 0.000000 0.000000 1.000000 0.000000
0.999994 -0.003600 0.000000 0.189167 0.003600 0.999994 0.000000 -0.077998 0.000000 0.000000 1.000000 0.000000
0.999993 -0.003631 0.000000 0.191420 0.003631 0.999993 0.000000 -0.079166 0.000000 0.000000 1.000000 0.000000
0.999993 -0.003666 0.000000 0.194738 0.003666 0.999993 0.000000 -0.079710 0.000000 0.000000 1.000000 0.000000
0.999993 -0.003712 0.000000 0.198090 0.003712 0.999993 0.000000 -0.080032 0.000000 0.000000 1.000000 0.000000
0.999993 -0.003745 0.000000 0.200256 0.003745 0.999993 0.000000 -0.081281 0.000000 0.000000 1.000000 0.000000
0.999993 -0.003782 0.000000 0.201028 0.003782 0.999993 0.000000 -0.081341 0.000000 0.000000 1.000000 0.000000
0.999993 -0.003831 0.000000 0.202020 0.003831 0.999993 0.000000 -0.082750 0.000000 0.000000 1.000000 0.000000
0.999992 -0.003874 0.000000 0.204824 0.003874 0.999992 0.000000 -0.082770 0.000000 0.000000 1.000000 0.000000
0.999992 -0.003913 0.000000 0.207634 0.003913 0.999992 0.000000 -0.083998 0.000000 0.000000 1.000000 0.000000
0.999992 -0.003957 0.000000 0.210008 0.003957 0.999992 0.000000 -0.084505 0.000000 0.000000 1.000000 0.000000
0.999992 -0.004017 0.000000 0.211678 0.004017 0.999992 0.000000 -0.085722 0.000000 0.000000 1.000000 0.000000
0.999992 -0.004039 0.000000 0.214653 0.004039 0.999992 0.000000 -0.085380 0.000000 0.000000 1.000000 0.000000
0.999992 -0.004029 0.000000 0.217922 0.004029 0.999992 0.000000 -0.085706 0.000000 0.000000 1.000000 0.000000
0.999992 -0.004068 0.000000 0.223357 0.004068 0.999992 0.000000 -0.087985 0.000000 0.000000 1.000000 0.000000
0.999991 -0.004134 0.000000 0.228434 0.004134 0.999991 0.000000 -0.089182 0.000000 0.000000 1.000000 0.000000
0.999992 -0.004015 0.000000 0.231310 0.004015 0.999992 0.000000 -0.091341 0.000000 0.000000 1.000000 0.000000
0.999992 -0.004040 0.000000 0.234215 0.004040 0.999992 0.000000 -0.092002 0.000000 0.000000 1.000000 0.000000
0.999992 -0.004030 0.000000 0.236937 0.004030 0.999992 0.000000 -0.092414 0.000000 0.000000 1.000000 0.000000
0.999992 -0.004035 0.000000 0.239719 0.004035 0.999992 0.000000 -0.092762 0.000000 0.000000 1.000000 0.000000
0.999992 -0.004071 0.000000 0.245773 0.004071 0.999992 0.000000 -0.092823 0.000000 0.000000 1.000000 0.000000
0.999992 -0.004097 0.000000 0.248384 0.004097 0.999992 0.000000 -0.092708 0.000000 0.000000 1.000000 0.000000
0.999991 -0.004136 0.000000 0.252316 0.004136 0.999991 0.000000 -0.093598 0.000000 0.000000 1.000000 0.000000
0.999991 -0.004135 0.000000 0.253969 0.004135 0.999991 0.000000 -0.093784 0.000000 0.000000 1.000000 0.000000
0.999991 -0.004187 0.000000 0.256696 0.004187 0.999991 0.000000 -0.094341 0.000000 0.000000 1.000000 0.000000
0.999991 -0.004209 0.000000 0.260338 0.004209 0.999991 0.000000 -0.094471 0.000000 0.000000 1.000000 0.000000
0.999991 -0.004180 0.000000 0.262413 0.004180 0.999991 0.000000 -0.095919 0.000000 0.000000 1.000000 0.000000
0.999991 -0.004288 0.000000 0.266262 0.004288 0.999991 0.000000 -0.094952 0.000000 0.000000 1.000000 0.000000
0.999991 -0.004296 0.000000 0.270195 0.004296 0.999991 0.000000 -0.095698 0.000000 0.000000 1.000000 0.000000
0.999991 -0.004282 0.000000 0.272308 0.004282 0.999991 0.000000 -0.096909 0.000000 0.000000 1.000000 0.000000
0.999991 -0.004332 0.000000 0.277075 0.004332 0.999991 0.000000 -0.097542 0.000000 0.000000 1.000000 0.000000
0.999990 -0.004373 0.000000 0.281169 0.004373 0.999990 0.000000 -0.097813 0.000000 0.000000 1.000000 0.000000
0.999990 -0.004389 0.000000 0.284194 0.004389 0.999990 0.000000 -0.098095 0.000000 0.000000 1.000000 0.000000
0.999990 -0.004411 0.000000 0.286447 0.004411 0.999990 0.000000 -0.098713 0.000000 0.000000 1.000000 0.000000
0.999990 -0.004445 0.000000 0.290358 0.004445 0.999990 0.000000 -0.099511 0.000000 0.000000 1.000000 0.000000
0.999990 -0.004456 0.000000 0.291509 0.004456 0.999990 0.000000 -0.099828 0.000000 0.000000 1.000000 0.000000
0.999990 -0.004513 0.000000 0.295777 0.004513 0.999990 0.000000 -0.099593 0.000000 0.000000 1.000000 0.000000
0.999990 -0.004534 0.000000 0.299911 0.004534 0.999990 0.000000 -0.099798 0.000000 0.000000 1.000000 0.000000
0.999990 -0.004499 0.000000 0.304017 0.004499 0.999990 0.000000 -0.100236 0.000000 0.000000 1.000000 0.000000
0.999990 -0.004526 0.000000 0.306818 0.004526 0.999990 0.000000 -0.100752 0.000000 0.000000 1.000000 0.000000
0.999990 -0.004534 0.000000 0.312479 0.004534 0.999990 0.000000 -0.100894 0.000000 0.000000 1.000000 0.000000
0.999990 -0.004540 0.000000 0.314752 0.004540 0.999990 0.000000 -0.102190 0.000000 0.000000 1.000000 0.000000
0.999990 -0.004572 0.000000 0.318506 0.004572 0.999990 0.000000 -0.102639 0.000000 0.000000 1.000000 0.000000
0.999990 -0.004578 0.000000 0.323162 0.004578 0.999990 0.000000 -0.103072 0.000000 0.000000 1.000000 0.000000
0.999989 -0.004606 0.000000 0.326786 0.004606 0.999989 0.000000 -0.104244 0.000000 0.000000 1.000000 0.000000
0.999989 -0.004638 0.000000 0.329956 0.004638 0.999989 0.000000 -0.104889 0.000000 0.000000 1.000000 0.000000
0.999989 -0.004611 0.000000 0.334337 0.004611 0.999989 0.000000 -0.105449 0.000000 0.000000 1.000000 0.000000
0.999989 -0.004623 0.000000 0.336828 0.004623 0.999989 0.000000 -0.105605 0.000000 0.000000 1.000000 0.000000
0.999989 -0.004603 0.000000 0.340250 0.004603 0.999989 0.000000 -0.105830 0.000000 0.000000 1.000000 0.000000
0.999989 -0.004634 0.000000 0.343734 0.004634 0.999989 0.000000 -0.106243 0.000000 0.000000 1.000000 0.000000
0.999989 -0.004683 0.000000 0.348565 0.004683 0.999989 0.000000 -0.106586 0.000000 0.000000 1.000000 0.000000
0.999989 -0.004702 0.000000 0.352264 0.004702 0.999989 0.000000 -0.105889 0.000000 0.000000 1.000000 0.000000
0.999989 -0.004746 0.000000 0.356843 0.004746 0.999989 0.000000 -0.106385 0.000000 0.000000 1.000000 0.000000
0.999989 -0.004774 0.000000 0.361006 0.004774 0.999989 0.000000 -0.106988 0.000000 0.000000 1.000000 0.000000
0.999988 -0.004815 0.000000 0.363287 0.004815 0.999988 0.000000 -0.108006 0.000000 0.000000 1.000000 0.000000
0.999988 -0.004889 0.000000 0.367696 0.004889 0.999988 0.000000 -0.107766 0.000000 0.000000 1.000000 0.000000
0.999987 -0.005150 0.000000 0.373203 0.005150 0.999987 0.000000 -0.109906 0.000000 0.000000 1.000000 0.000000
0.999987 -0.005186 0.000000 0.376079 0.005186 0.999987 0.000000 -0.109769 0.000000 0.000000 1.000000 0.000000
0.999986 -0.005220 0.000000 0.380461 0.005220 0.999986 0.000000 -0.110860 0.000000 0.000000 1.000000 0.000000
0.999986 -0.005239 0.000000 0.382059 0.005239 0.999986 0.000000 -0.111515 0.000000 0.000000 1.000000 0.000000
0.999986 -0.005302 0.000000 0.384982 0.005302 0.999986 0.000000 -0.111348 0.000000 0.000000 1.000000 0.000000
0.999986 -0.005381 0.000000 0.388837 0.005381 0.999986 0.000000 -0.113286 0.000000 0.000000 1.000000 0.000000
0.999985 -0.005463 0.000000 0.390782 0.005463 0.999985 0.000000 -0.113976 0.000000 0.000000 1.000000 0.000000
0.999985 -0.005534 0.000000 0.393766 0.005534 0.999985 0.000000 -0.114491 0.000000 0.000000 1.000000 0.000000
0.999985 -0.005562 0.000000 0.397879 0.005562 0.999985 0.000000 -0.115222 0.000000 0.000000 1.000000 0.000000
0.999984 -0.005722 0.000000 0.402565 0.005722 0.999984 0.000000 -0.116346 0.000000 0.000000 1.000000 0.000000
0.999982 -0.006050 0.000000 0.406004 0.006050 0.999982 0.000000 -0.122585 0.000000 0.000000 1.000000 0.000000
0.999980 -0.006293 0.000000 0.409848 0.006293 0.999980 0.000000 -0.123397 0.000000 0.000000 1.000000 0.000000
0.999978 -0.006560 0.000000 0.410690 0.006560 0.999978 0.000000 -0.124358 0.000000 0.000000 1.000000 0.000000
0.999977 -0.006831 0.000000 0.412119 0.006831 0.999977 0.000000 -0.126446 0.000000 0.000000 1.000000 0.000000
0.999976 -0.006979 0.000000 0.416322 0.006979 0.999976 0.000000 -0.127457 0.000000 0.000000 1.000000 0.000000
0.999974 -0.007231 0.000000 0.410119 0.007231 0.999974 0.000000 -0.129609 0.000000 0.000000 1.000000 0.000000
0.999973 -0.007403 0.000000 0.410785 0.007403 0.999973 0.000000 -0.132162 0.000000 0.000000 1.000000 0.000000
0.999971 -0.007652 0.000000 0.409957 0.007652 0.999971 0.000000 -0.136902 0.000000 0.000000 1.000000 0.000000
0.999970 -0.007786 0.000000 0.410694 0.007786 0.999970 0.000000 -0.141277 0.000000 0.000000 1.000000 0.000000
0.999969 -0.007898 0.000000 0.406033 0.007898 0.999969 0.000000 -0.143855 0.000000 0.000000 1.000000 0.000000
0.999967 -0.008136 0.000000 0.394810 0.008136 0.999967 0.000000 -0.149173 0.000000 0.000000 1.000000 0.000000
0.999963 -0.008644 0.000000 0.365825 0.008644 0.999963 0.000000 -0.169684 0.000000 0.000000 1.000000 0.000000
0.999956 -0.009415 0.000000 0.316714 0.009415 0.999956 0.000000 -0.198304 0.000000 0.000000 1.000000 0.000000
0.999943 -0.010634 0.000000 0.180048 0.010634 0.999943 0.000000 -0.232329 0.000000 0.000000 1.000000 0.000000
0.999906 -0.013678 0.000000 -0.112112 0.013678 0.999906 0.000000 -0.267809 0.000000 0.000000 1.000000 0.000000
0.999905 -0.013774 0.000000 -0.177576 0.013774 0.999905 0.000000 -0.260853 0.000000 0.000000 1.000000 0.000000
0.999899 -0.014203 0.000000 -0.218055 0.014203 0.999899 0.000000 -0.251158 0.000000 0.000000 1.000000 0.000000
0.999896 -0.014435 0.000000 -0.221877 0.014435 0.999896 0.000000 -0.253803 0.000000 0.000000 1.000000 0.000000
0.999895 -0.014468 0.000000 -0.213832 0.014468 0.999895 0.000000 -0.261968 0.000000 0.000000 1.000000 0.000000
0.999896 -0.014400 0.000000 -0.213976 0.014400 0.999896 0.000000 -0.262102 0.000000 0.000000 1.000000 0.000000
0.999895 -0.014465 0.000000 -0.214582 0.014465 0.999895 0.000000 -0.261107 0.000000 0.000000 1.000000 0.000000
0.999895 -0.014518 0.000000 -0.214662 0.014518 0.999895 0.000000 -0.258548 0.000000 0.000000 1.000000 0.000000
0.999892 -0.014688 0.000000 -0.221697 0.014688 0.999892 0.000000 -0.253360 0.000000 0.000000 1.000000 0.000000
0.999890 -0.014802 0.000000 -0.219295 0.014802 0.999890 0.000000 -0.247552 0.000000 0.000000 1.000000 0.000000
0.999885 -0.015188 0.000000 -0.215521 0.015188 0.999885 0.000000 -0.239109 0.000000 0.000000 1.000000 0.000000
0.999883 -0.015323 0.000000 -0.212273 0.015323 0.999883 0.000000 -0.236369 0.000000 0.000000 1.000000 0.000000
0.999881 -0.015419 0.000000 -0.209508 0.015419 0.999881 0.000000 -0.236104 0.000000 0.000000 1.000000 0.000000
0.999879 -0.015535 0.000000 -0.204323 0.015535 0.999879 0.000000 -0.234646 0.000000 0.000000 1.000000 0.000000
0.999879 -0.015579 0.000000 -0.202058 0.015579 0.999879 0.000000 -0.234626 0.000000 0.000000 1.000000 0.000000
0.999877 -0.015683 0.000000 -0.202421 0.015683 0.999877 0.000000 -0.235218 0.000000 0.000000 1.000000 0.000000
0.999876 -0.015735 0.000000 -0.194856 0.015735 0.999876 0.000000 -0.234975 0.000000 0.000000 1.000000 0.000000
0.999875 -0.015809 0.000000 -0.189253 0.015809 0.999875 0.000000 -0.235244 0.000000 0.000000 1.000000 0.000000
0.999874 -0.015879 0.000000 -0.186113 0.015879 0.999874 0.000000 -0.236045 0.000000 0.000000 1.000000 0.000000
0.999875 -0.015796 0.000000 -0.184118 0.015796 0.999875 0.000000 -0.238133 0.000000 0.000000 1.000000 0.000000
0.999874 -0.015849 0.000000 -0.180519 0.015849 0.999874 0.000000 -0.238399 0.000000 0.000000 1.000000 0.000000
0.999875 -0.015833 0.000000 -0.178793 0.015833 0.999875 0.000000 -0.237985 0.000000 0.000000 1.000000 0.000000
0.999874 -0.015886 0.000000 -0.175462 0.015886 0.999874 0.000000 -0.236632 0.000000 0.000000 1.000000 0.000000
0.999874 -0.015879 0.000000 -0.172354 0.015879 0.999874 0.000000 -0.237100 0.000000 0.000000 1.000000 0.000000
0.999872 -0.015974 0.000000 -0.169611 0.015974 0.999872 0.000000 -0.235631 0.000000 0.000000 1.000000 0.000000
0.999870 -0.016120 0.000000 -0.164094 0.016120 0.999870 0.000000 -0.234064 0.000000 0.000000 1.000000 0.000000
0.999869 -0.016166 0.000000 -0.161826 0.016166 0.999869 0.000000 -0.233760 0.000000 0.000000 1.000000 0.000000
0.999869 -0.016168 0.000000 -0.158696 0.016168 0.999869 0.000000 -0.233996 0.000000 0.000000 1.000000 0.000000
0.999869 -0.016210 0.000000 -0.155262 0.016210 0.999869 0.000000 -0.234005 0.000000 0.000000 1.000000 0.000000
0.999868 -0.016257 0.000000 -0.152687 0.016257 0.999868 0.000000 -0.234497 0.000000 0.000000 1.000000 0.000000
0.999868 -0.016269 0.000000 -0.149891 0.016269 0.999868 0.000000 -0.234831 0.000000 0.000000 1.000000 0.000000
0.999866 -0.016400 0.000000 -0.148767 0.016400 0.999866 0.000000 -0.234729 0.000000 0.000000 1.000000 0.000000
0.999864 -0.016516 0.000000 -0.144374 0.016516 0.999864 0.000000 -0.234273 0.000000 0.000000 1.000000 0.000000
0.999862 -0.016594 0.000000 -0.140121 0.016594 0.999862 0.000000 -0.235223 0.000000 0.000000 1.000000 0.000000
0.999861 -0.016694 0.000000 -0.137493 0.016694 0.999861 0.000000 -0.236075 0.000000 0.000000 1.000000 0.000000
0.999855 -0.017020 0.000000 -0.136052 0.017020 0.999855 0.000000 -0.237952 0.000000 0.000000 1.000000 0.000000
0.999853 -0.017138 0.000000 -0.136005 0.017138 0.999853 0.000000 -0.238024 0.000000 0.000000 1.000000 0.000000
0.999851 -0.017269 0.000000 -0.133728 0.017269 0.999851 0.000000 -0.239186 0.000000 0.000000 1.000000 0.000000
0.999849 -0.017370 0.000000 -0.132488 0.017370 0.999849 0.000000 -0.240416 0.000000 0.000000 1.000000 0.000000
0.999848 -0.017433 0.000000 -0.127889 0.017433 0.999848 0.000000 -0.241168 0.000000 0.000000 1.000000 0.000000
0.999846 -0.017526 0.000000 -0.128102 0.017526 0.999846 0.000000 -0.243062 0.000000 0.000000 1.000000 0.000000
0.999845 -0.017579 0.000000 -0.134129 0.017579 0.999845 0.000000 -0.243536 0.000000 0.000000 1.000000 0.000000
0.999844 -0.017679 0.000000 -0.135152 0.017679 0.999844 0.000000 -0.244758 0.000000 0.000000 1.000000 0.000000
0.999843 -0.017730 0.000000 -0.140034 0.017730 0.999843 0.000000 -0.245890 0.000000 0.000000 1.000000 0.000000
0.999842 -0.017780 0.000000 -0.146517 0.017780 0.999842 0.000000 -0.246532 0.000000 0.000000 1.000000 0.000000
0.999843 -0.017741 0.000000 -0.151309 0.017741 0.999843 0.000000 -0.246212 0.000000 0.000000 1.000000 0.000000
0.999844 -0.017656 0.000000 -0.155322 0.017656 0.999844 0.000000 -0.244085 0.000000 0.000000 1.000000 0.000000
0.999845 -0.017598 0.000000 -0.158849 0.017598 0.999845 0.000000 -0.243496 0.000000 0.000000 1.000000 0.000000
0.999846 -0.017539 0.000000 -0.160785 0.017539 0.999846 0.000000 -0.242087 0.000000 0.000000 1.000000 0.000000
0.999847 -0.017472 0.000000 -0.161608 0.017472 0.999847 0.000000 -0.239481 0.000000 0.000000 1.000000 0.000000
0.999849 -0.017406 0.000000 -0.162431 0.017406 0.999849 0.000000 -0.238804 0.000000 0.000000 1.000000 0.000000
0.999848 -0.017411 0.000000 -0.156356 0.017411 0.999848 0.000000 -0.239112 0.000000 0.000000 1.000000 0.000000
0.999849 -0.017380 0.000000 -0.152654 0.017380 0.999849 0.000000 -0.238060 0.000000 0.000000 1.000000 0.000000
0.999853 -0.017172 0.000000 -0.149426 0.017172 0.999853 0.000000 -0.228452 0.000000 0.000000 1.000000 0.000000
0.999852 -0.017193 0.000000 -0.147380 0.017193 0.999852 0.000000 -0.226375 0.000000 0.000000 1.000000 0.000000
0.999852 -0.017232 0.000000 -0.141810 0.017232 0.999852 0.000000 -0.226038 0.000000 0.000000 1.000000 0.000000
0.999846 -0.017526 0.000000 -0.138923 0.017526 0.999846 0.000000 -0.235356 0.000000 0.000000 1.000000 0.000000
0.999846 -0.017555 0.000000 -0.135961 0.017555 0.999846 0.000000 -0.235588 0.000000 0.000000 1.000000 0.000000
0.999846 -0.017540 0.000000 -0.129273 0.017540 0.999846 0.000000 -0.232947 0.000000 0.000000 1.000000 0.000000
0.999847 -0.017477 0.000000 -0.123031 0.017477 0.999847 0.000000 -0.228700 0.000000 0.000000 1.000000 0.000000
0.999847 -0.017494 0.000000 -0.119426 0.017494 0.999847 0.000000 -0.227846 0.000000 0.000000 1.000000 0.000000
0.999847 -0.017478 0.000000 -0.115492 0.017478 0.999847 0.000000 -0.226521 0.000000 0.000000 1.000000 0.000000
0.999848 -0.017434 0.000000 -0.112433 0.017434 0.999848 0.000000 -0.224894 0.000000 0.000000 1.000000 0.000000
0.999846 -0.017554 0.000000 -0.106348 0.017554 0.999846 0.000000 -0.226760 0.000000 0.000000 1.000000 0.000000
0.999845 -0.017588 0.000000 -0.102032 0.017588 0.999845 0.000000 -0.225848 0.000000 0.000000 1.000000 0.000000
0.999839 -0.017942 0.000000 -0.097673 0.017942 0.999839 0.000000 -0.232126 0.000000 0.000000 1.000000 0.000000
0.999832 -0.018308 0.000000 -0.094605 0.018308 0.999832 0.000000 -0.237825 0.000000 0.000000 1.000000 0.000000
0.999830 -0.018412 0.000000 -0.096090 0.018412 0.999830 0.000000 -0.235803 0.000000 0.000000 1.000000 0.000000
0.999823 -0.018819 0.000000 -0.090600 0.018819 0.999823 0.000000 -0.243096 0.000000 0.000000 1.000000 0.000000
0.999817 -0.019106 0.000000 -0.085547 0.019106 0.999817 0.000000 -0.251115 0.000000 0.000000 1.000000 0.000000
0.999813 -0.019326 0.000000 -0.087108 0.019326 0.999813 0.000000 -0.252697 0.000000 0.000000 1.000000 0.000000
0.999809 -0.019551 0.000000 -0.080125 0.019551 0.999809 0.000000 -0.255477 0.000000 0.000000 1.000000 0.000000
0.999803 -0.019862 0.000000 -0.078938 0.019862 0.999803 0.000000 -0.259477 0.000000 0.000000 1.000000 0.000000
0.999797 -0.020136 0.000000 -0.075543 0.020136 0.999797 0.000000 -0.261279 0.000000 0.000000 1.000000 0.000000
0.999794 -0.020313 0.000000 -0.072469 0.020313 0.999794 0.000000 -0.261613 0.000000 0.000000 1.000000 0.000000
0.999786 -0.020693 0.000000 -0.072869 0.020693 0.999786 0.000000 -0.265544 0.000000 0.000000 1.000000 0.000000
0.999777 -0.021128 0.000000 -0.069375 0.021128 0.999777 0.000000 -0.271467 0.000000 0.000000 1.000000 0.000000
0.999756 -0.022097 0.000000 -0.070474 0.022097 0.999756 0.000000 -0.284672 0.000000 0.000000 1.000000 0.000000
0.999736 -0.022985 0.000000 -0.070596 0.022985 0.999736 0.000000 -0.296197 0.000000 0.000000 1.000000 0.000000
0.999718 -0.023743 0.000000 -0.073478 0.023743 0.999718 0.000000 -0.304251 0.000000 0.000000 1.000000 0.000000
0.999692 -0.024828 0.000000 -0.081911 0.024828 0.999692 0.000000 -0.320540 0.000000 0.000000 1.000000 0.000000
0.999668 -0.025779 0.000000 -0.099140 0.025779 0.999668 0.000000 -0.334539 0.000000 0.000000 1.000000 0.000000
0.999652 -0.026393 0.000000 -0.115994 0.026393 0.999652 0.000000 -0.344441 0.000000 0.000000 1.000000 0.000000
0.999635 -0.027029 0.000000 -0.137187 0.027029 0.999635 0.000000 -0.357089 0.000000 0.000000 1.000000 0.000000
0.999621 -0.027515 0.000000 -0.150517 0.027515 0.999621 0.000000 -0.365266 0.000000 0.000000 1.000000 0.000000
0.999611 -0.027899 0.000000 -0.164764 0.027899 0.999611 0.000000 -0.373614 0.000000 0.000000 1.000000 0.000000
0.999583 -0.028860 0.000000 -0.179494 0.028860 0.999583 0.000000 -0.387454 0.000000 0.000000 1.000000 0.000000
0.999562 -0.029604 0.000000 -0.204597 0.029604 0.999562 0.000000 -0.403632 0.000000 0.000000 1.000000 0.000000
0.999536 -0.030468 0.000000 -0.224684 0.030468 0.999536 0.000000 -0.424494 0.000000 0.000000 1.000000 0.000000
0.999517 -0.031065 0.000000 -0.247805 0.031065 0.999517 0.000000 -0.446620 0.000000 0.000000 1.000000 0.000000
0.999467 -0.032660 0.000000 -0.426988 0.032660 0.999467 0.000000 -0.594261 0.000000 0.000000 1.000000 0.000000
0.999399 -0.034669 0.000000 -0.589115 0.034669 0.999399 0.000000 -0.688581 0.000000 0.000000 1.000000 0.000000
0.999397 -0.034736 0.000000 -0.644540 0.034736 0.999397 0.000000 -0.694352 0.000000 0.000000 1.000000 0.000000
0.999469 -0.032572 0.000000 -0.700728 0.032572 0.999469 0.000000 -0.704881 0.000000 0.000000 1.000000 0.000000
0.999374 -0.035377 0.000000 -0.829453 0.035377 0.999374 0.000000 -0.588694 0.000000 0.000000 1.000000 0.000000
0.999371 -0.035452 0.000000 -0.831318 0.035452 0.999371 0.000000 -0.584691 0.000000 0.000000 1.000000 0.000000
0.999345 -0.036202 0.000000 -0.837578 0.036202 0.999345 0.000000 -0.571221 0.000000 0.000000 1.000000 0.000000
0.999346 -0.036163 0.000000 -0.833480 0.036163 0.999346 0.000000 -0.571991 0.000000 0.000000 1.000000 0.000000
0.999347 -0.036141 0.000000 -0.830804 0.036141 0.999347 0.000000 -0.571167 0.000000 0.000000 1.000000 0.000000
0.999346 -0.036154 0.000000 -0.829477 0.036154 0.999346 0.000000 -0.570560 0.000000 0.000000 1.000000 0.000000
0.999346 -0.036167 0.000000 -0.827218 0.036167 0.999346 0.000000 -0.569564 0.000000 0.000000 1.000000 0.000000
0.999345 -0.036184 0.000000 -0.825241 0.036184 0.999345 0.000000 -0.567953 0.000000 0.000000 1.000000 0.000000
0.999341 -0.036285 0.000000 -0.826416 0.036285 0.999341 0.000000 -0.565333 0.000000 0.000000 1.000000 0.000000
0.999332 -0.036533 0.000000 -0.828077 0.036533 0.999332 0.000000 -0.560016 0.000000 0.000000 1.000000 0.000000
0.999325 -0.036747 0.000000 -0.825865 0.036747 0.999325 0.000000 -0.555612 0.000000 0.000000 1.000000 0.000000
0.999322 -0.036831 0.000000 -0.824589 0.036831 0.999322 0.000000 -0.554436 0.000000 0.000000 1.000000 0.000000
0.999316 -0.036968 0.000000 -0.823356 0.036968 0.999316 0.000000 -0.552787 0.000000 0.000000 1.000000 0.000000
0.999309 -0.037163 0.000000 -0.826098 0.037163 0.999309 0.000000 -0.554441 0.000000 0.000000 1.000000 0.000000
0.999308 -0.037197 0.000000 -0.825586 0.037197 0.999308 0.000000 -0.556174 0.000000 0.000000 1.000000 0.000000
0.999303 -0.037317 0.000000 -0.823630 0.037317 0.999303 0.000000 -0.557980 0.000000 0.000000 1.000000 0.000000
0.999294 -0.037559 0.000000 -0.814608 0.037559 0.999294 0.000000 -0.559128 0.000000 0.000000 1.000000 0.000000
0.999291 -0.037648 0.000000 -0.811073 0.037648 0.999291 0.000000 -0.561329 0.000000 0.000000 1.000000 0.000000
0.999290 -0.037666 0.000000 -0.808291 0.037666 0.999290 0.000000 -0.563725 0.000000 0.000000 1.000000 0.000000
0.999284 -0.037847 0.000000 -0.805768 0.037847 0.999284 0.000000 -0.566680 0.000000 0.000000 1.000000 0.000000
0.999277 -0.038026 0.000000 -0.798804 0.038026 0.999277 0.000000 -0.569487 0.000000 0.000000 1.000000 0.000000
0.999273 -0.038117 0.000000 -0.794969 0.038117 0.999273 0.000000 -0.571596 0.000000 0.000000 1.000000 0.000000
0.999267 -0.038280 0.000000 -0.788633 0.038280 0.999267 0.000000 -0.573345 0.000000 0.000000 1.000000 0.000000
0.999257 -0.038537 0.000000 -0.775449 0.038537 0.999257 0.000000 -0.575929 0.000000 0.000000 1.000000 0.000000
0.999231 -0.039212 0.000000 -0.757264 0.039212 0.999231 0.000000 -0.576816 0.000000 0.000000 1.000000 0.000000
0.999158 -0.041027 0.000000 -0.723112 0.041027 0.999158 0.000000 -0.584623 0.000000 0.000000 1.000000 0.000000
0.998981 -0.045126 0.000000 -0.639816 0.045126 0.998981 0.000000 -0.584432 0.000000 0.000000 1.000000 0.000000
0.998614 -0.052639 0.000000 -0.489348 0.052639 0.998614 0.000000 -0.592137 0.000000 0.000000 1.000000 0.000000
0.997761 -0.066881 0.000000 -0.293483 0.066881 0.997761 0.000000 -0.574711 0.000000 0.000000 1.000000 0.000000
0.995956 -0.089838 0.000000 -0.024920 0.089838 0.995956 0.000000 -0.550953 0.000000 0.000000 1.000000 0.000000
0.993188 -0.116521 0.000000 0.274152 0.116521 0.993188 0.000000 -0.517308 0.000000 0.000000 1.000000 0.000000
0.988771 -0.149440 0.000000 0.580057 0.149440 0.988771 0.000000 -0.468250 0.000000 0.000000 1.000000 0.000000
0.982493 -0.186302 0.000000 0.954465 0.186302 0.982493 0.000000 -0.378964 0.000000 0.000000 1.000000 0.000000
0.974633 -0.223807 0.000000 1.348604 0.223807 0.974633 0.000000 -0.278496 0.000000 0.000000 1.000000 0.000000
0.965367 -0.260895 0.000000 1.811327 0.260895 0.965367 0.000000 -0.167186 0.000000 0.000000 1.000000 0.000000
0.956793 -0.290769 0.000000 2.322320 0.290769 0.956793 0.000000 -0.026158 0.000000 0.000000 1.000000 0.000000
0.950620 -0.310358 0.000000 2.840220 0.310358 0.950620 0.000000 0.101945 0.000000 0.000000 1.000000 0.000000
0.949524 -0.313694 0.000000 3.471791 0.313694 0.949524 0.000000 0.281862 0.000000 0.000000 1.000000 0.000000
0.951702 -0.307024 0.000000 4.195147 0.307024 0.951702 0.000000 0.493468 0.000000 0.000000 1.000000 0.000000
0.957376 -0.288844 0.000000 5.023392 0.288844 0.957376 0.000000 0.698420 0.000000 0.000000 1.000000 0.000000
0.964000 -0.265901 0.000000 6.003417 0.265901 0.964000 0.000000 0.865459 0.000000 0.000000 1.000000 0.000000
0.970304 -0.241890 0.000000 7.025576 0.241890 0.970304 0.000000 1.038925 0.000000 0.000000 1.000000 0.000000
0.975584 -0.219628 0.000000 8.159416 0.219628 0.975584 0.000000 1.253796 0.000000 0.000000 1.000000 0.000000
0.979508 -0.201407 0.000000 9.311563 0.201407 0.979508 0.000000 1.427606 0.000000 0.000000 1.000000 0.000000
0.983212 -0.182468 0.000000 10.600259 0.182468 0.983212 0.000000 1.629725 0.000000 0.000000 1.000000 0.000000
0.986475 -0.163910 0.000000 11.929392 0.163910 0.986475 0.000000 1.812430 0.000000 0.000000 1.000000 0.000000
0.988685 -0.150005 0.000000 13.291024 0.150005 0.988685 0.000000 1.987181 0.000000 0.000000 1.000000 0.000000
0.989859 -0.142053 0.000000 14.730067 0.142053 0.989859 0.000000 2.145799 0.000000 0.000000 1.000000 0.000000
0.990915 -0.134492 0.000000 16.204609 0.134492 0.990915 0.000000 2.316206 0.000000 0.000000 1.000000 0.000000
0.992125 -0.125248 0.000000 17.695857 0.125248 0.992125 0.000000 2.470886 0.000000 0.000000 1.000000 0.000000
0.993067 -0.117552 0.000000 19.302901 0.117552 0.993067 0.000000 2.674358 0.000000 0.000000 1.000000 0.000000
0.993622 -0.112762 0.000000 20.873285 0.112762 0.993622 0.000000 2.841835 0.000000 0.000000 1.000000 0.000000
0.993947 -0.109858 0.000000 22.512463 0.109858 0.993947 0.000000 3.033135 0.000000 0.000000 1.000000 0.000000
0.994116 -0.108324 0.000000 24.178046 0.108324 0.994116 0.000000 3.245603 0.000000 0.000000 1.000000 0.000000
0.994466 -0.105055 0.000000 25.845323 0.105055 0.994466 0.000000 3.432719 0.000000 0.000000 1.000000 0.000000
0.994745 -0.102381 0.000000 27.596054 0.102381 0.994745 0.000000 3.617031 0.000000 0.000000 1.000000 0.000000
0.994605 -0.103736 0.000000 29.331267 0.103736 0.994605 0.000000 3.794599 0.000000 0.000000 1.000000 0.000000
0.994396 -0.105724 0.000000 31.054740 0.105724 0.994396 0.000000 3.969021 0.000000 0.000000 1.000000 0.000000
0.994084 -0.108617 0.000000 32.840631 0.108617 0.994084 0.000000 4.181545 0.000000 0.000000 1.000000 0.000000
0.993730 -0.111807 0.000000 34.634814 0.111807 0.993730 0.000000 4.392770 0.000000 0.000000 1.000000 0.000000
0.993669 -0.112344 0.000000 36.440314 0.112344 0.993669 0.000000 4.589632 0.000000 0.000000 1.000000 0.000000
0.993914 -0.110161 0.000000 38.262859 0.110161 0.993914 0.000000 4.802652 0.000000 0.000000 1.000000 0.000000
0.994066 -0.108778 0.000000 40.126964 0.108778 0.994066 0.000000 4.997850 0.000000 0.000000 1.000000 0.000000
0.993977 -0.109585 0.000000 41.988443 0.109585 0.993977 0.000000 5.208896 0.000000 0.000000 1.000000 0.000000
0.993789 -0.111285 0.000000 43.876758 0.111285 0.993789 0.000000 5.430085 0.000000 0.000000 1.000000 0.000000
0.993382 -0.114853 0.000000 45.808092 0.114853 0.993382 0.000000 5.676478 0.000000 0.000000 1.000000 0.000000
0.993002 -0.118094 0.000000 47.707555 0.118094 0.993002 0.000000 5.921221 0.000000 0.000000 1.000000 0.000000
0.992741 -0.120270 0.000000 49.617088 0.120270 0.992741 0.000000 6.184834 0.000000 0.000000 1.000000 0.000000
0.992316 -0.123729 0.000000 51.551914 0.123729 0.992316 0.000000 6.445069 0.000000 0.000000 1.000000 0.000000
0.992329 -0.123626 0.000000 53.453885 0.123626 0.992329 0.000000 6.691276 0.000000 0.000000 1.000000 0.000000
0.992545 -0.121876 0.000000 55.349417 0.121876 0.992545 0.000000 6.927556 0.000000 0.000000 1.000000 0.000000
0.992744 -0.120251 0.000000 57.258541 0.120251 0.992744 0.000000 7.159080 0.000000 0.000000 1.000000 0.000000
0.992947 -0.118556 0.000000 59.195121 0.118556 0.992947 0.000000 7.417936 0.000000 0.000000 1.000000 0.000000
0.993116 -0.117138 0.000000 61.177687 0.117138 0.993116 0.000000 7.660290 0.000000 0.000000 1.000000 0.000000
0.993288 -0.115664 0.000000 63.103784 0.115664 0.993288 0.000000 7.907262 0.000000 0.000000 1.000000 0.000000
0.993599 -0.112962 0.000000 65.120814 0.112962 0.993599 0.000000 8.075597 0.000000 0.000000 1.000000 0.000000
0.993949 -0.109839 0.000000 67.024175 0.109839 0.993949 0.000000 8.238089 0.000000 0.000000 1.000000 0.000000
0.994323 -0.106404 0.000000 68.992325 0.106404 0.994323 0.000000 8.408882 0.000000 0.000000 1.000000 0.000000
0.994714 -0.102681 0.000000 70.901416 0.102681 0.994714 0.000000 8.560764 0.000000 0.000000 1.000000 0.000000
0.995087 -0.099006 0.000000 72.845837 0.099006 0.995087 0.000000 8.701248 0.000000 0.000000 1.000000 0.000000
0.995449 -0.095293 0.000000 74.805895 0.095293 0.995449 0.000000 8.834620 0.000000 0.000000 1.000000 0.000000
0.995736 -0.092248 0.000000 76.785175 0.092248 0.995736 0.000000 8.986022 0.000000 0.000000 1.000000 0.000000
0.995996 -0.089392 0.000000 78.751370 0.089392 0.995996 0.000000 9.124815 0.000000 0.000000 1.000000 0.000000
0.996089 -0.088360 0.000000 80.712511 0.088360 0.996089 0.000000 9.293311 0.000000 0.000000 1.000000 0.000000
0.996120 -0.088004 0.000000 82.697319 0.088004 0.996120 0.000000 9.447775 0.000000 0.000000 1.000000 0.000000
0.996071 -0.088553 0.000000 84.757122 0.088553 0.996071 0.000000 9.607378 0.000000 0.000000 1.000000 0.000000
0.995812 -0.091421 0.000000 86.789916 0.091421 0.995812 0.000000 9.787560 0.000000 0.000000 1.000000 0.000000
0.995374 -0.096072 0.000000 88.817135 0.096072 0.995374 0.000000 9.961293 0.000000 0.000000 1.000000 0.000000
0.994924 -0.100631 0.000000 90.858272 0.100631 0.994924 0.000000 10.138326 0.000000 0.000000 1.000000 0.000000
0.994421 -0.105480 0.000000 92.869271 0.105480 0.994421 0.000000 10.342009 0.000000 0.000000 1.000000 0.000000
0.993658 -0.112442 0.000000 94.973648 0.112442 0.993658 0.000000 10.578701 0.000000 0.000000 1.000000 0.000000
0.992776 -0.119985 0.000000 96.985026 0.119985 0.992776 0.000000 10.835617 0.000000 0.000000 1.000000 0.000000
0.992181 -0.124809 0.000000 98.971456 0.124809 0.992181 0.000000 11.079268 0.000000 0.000000 1.000000 0.000000
0.991880 -0.127174 0.000000 101.004413 0.127174 0.991880 0.000000 11.344516 0.000000 0.000000 1.000000 0.000000
0.991342 -0.131306 0.000000 103.027663 0.131306 0.991342 0.000000 11.601997 0.000000 0.000000 1.000000 0.000000
0.990375 -0.138413 0.000000 105.029393 0.138413 0.990375 0.000000 11.866198 0.000000 0.000000 1.000000 0.000000
0.989840 -0.142187 0.000000 107.025025 0.142187 0.989840 0.000000 12.151677 0.000000 0.000000 1.000000 0.000000
0.989497 -0.144551 0.000000 109.049060 0.144551 0.989497 0.000000 12.452461 0.000000 0.000000 1.000000 0.000000
0.989201 -0.146566 0.000000 111.073799 0.146566 0.989201 0.000000 12.758525 0.000000 0.000000 1.000000 0.000000
0.988814 -0.149151 0.000000 113.076620 0.149151 0.988814 0.000000 13.070077 0.000000 0.000000 1.000000 0.000000
0.988720 -0.149779 0.000000 115.076694 0.149779 0.988720 0.000000 13.385503 0.000000 0.000000 1.000000 0.000000
0.988487 -0.151308 0.000000 117.112113 0.151308 0.988487 0.000000 13.688660 0.000000 0.000000 1.000000 0.000000
0.988528 -0.151037 0.000000 119.103652 0.151037 0.988528 0.000000 14.002993 0.000000 0.000000 1.000000 0.000000
0.988473 -0.151396 0.000000 121.142267 0.151396 0.988473 0.000000 14.333110 0.000000 0.000000 1.000000 0.000000
0.988383 -0.151982 0.000000 123.136404 0.151982 0.988383 0.000000 14.610841 0.000000 0.000000 1.000000 0.000000
0.988151 -0.153482 0.000000 125.263484 0.153482 0.988151 0.000000 14.908502 0.000000 0.000000 1.000000 0.000000
0.988189 -0.153240 0.000000 127.328910 0.153240 0.988189 0.000000 15.169823 0.000000 0.000000 1.000000 0.000000
0.988290 -0.152584 0.000000 129.390641 0.152584 0.988290 0.000000 15.449350 0.000000 0.000000 1.000000 0.000000
0.988418 -0.151754 0.000000 131.441116 0.151754 0.988418 0.000000 15.742298 0.000000 0.000000 1.000000 0.000000
0.988892 -0.148638 0.000000 133.489602 0.148638 0.988892 0.000000 16.015129 0.000000 0.000000 1.000000 0.000000
0.989082 -0.147363 0.000000 135.486291 0.147363 0.989082 0.000000 16.303212 0.000000 0.000000 1.000000 0.000000
0.989249 -0.146243 0.000000 137.509415 0.146243 0.989249 0.000000 16.585433 0.000000 0.000000 1.000000 0.000000
0.989067 -0.147469 0.000000 139.591612 0.147469 0.989067 0.000000 16.890031 0.000000 0.000000 1.000000 0.000000
0.988782 -0.149367 0.000000 141.682393 0.149367 0.988782 0.000000 17.185293 0.000000 0.000000 1.000000 0.000000
0.988307 -0.152476 0.000000 143.735944 0.152476 0.988307 0.000000 17.493187 0.000000 0.000000 1.000000 0.000000
0.988239 -0.152917 0.000000 145.755297 0.152917 0.988239 0.000000 17.792832 0.000000 0.000000 1.000000 0.000000
0.988141 -0.153549 0.000000 147.843562 0.153549 0.988141 0.000000 18.097423 0.000000 0.000000 1.000000 0.000000
0.987967 -0.154666 0.000000 149.960429 0.154666 0.987967 0.000000 18.405028 0.000000 0.000000 1.000000 0.000000
0.987756 -0.156008 0.000000 152.140399 0.156008 0.987756 0.000000 18.743704 0.000000 0.000000 1.000000 0.000000
0.987440 -0.157994 0.000000 154.222177 0.157994 0.987440 0.000000 19.080500 0.000000 0.000000 1.000000 0.000000
0.987052 -0.160399 0.000000 156.321097 0.160399 0.987052 0.000000 19.408980 0.000000 0.000000 1.000000 0.000000
0.986766 -0.162152 0.000000 158.424591 0.162152 0.986766 0.000000 19.782008 0.000000 0.000000 1.000000 0.000000
0.986486 -0.163844 0.000000 160.475484 0.163844 0.986486 0.000000 20.175501 0.000000 0.000000 1.000000 0.000000
0.986219 -0.165447 0.000000 162.474966 0.165447 0.986219 0.000000 20.532050 0.000000 0.000000 1.000000 0.000000
0.986099 -0.166161 0.000000 164.565290 0.166161 0.986099 0.000000 20.919557 0.000000 0.000000 1.000000 0.000000
