1.000000000000000000e+00 2.400000000000001077e-05 0.000000000000000000e+00 -1.589999999999999888e-04 -2.400000000000001077e-05 1.000000000000000888e+00 0.000000000000000000e+00 -4.000000000000001513e-06 0.000000000000000000e+00 0.000000000000000000e+00 1.000000000000000888e+00 0.000000000000000000e+00
1.000000000000000000e+00 4.800000000000002154e-05 0.000000000000000000e+00 -4.100000000000000047e-05 -4.800000000000002154e-05 1.000000000000000888e+00 0.000000000000000000e+00 -1.800000000000000927e-04 0.000000000000000000e+00 0.000000000000000000e+00 1.000000000000000888e+00 0.000000000000000000e+00
1.000000000000000000e+00 7.300000000000002613e-05 0.000000000000000000e+00 3.029999999999999924e-04 -7.300000000000002613e-05 1.000000000000000888e+00 0.000000000000000000e+00 6.500000000000002141e-05 0.000000000000000000e+00 0.000000000000000000e+00 1.000000000000000888e+00 0.000000000000000000e+00
1.000000000000000000e+00 1.550000000000000813e-04 0.000000000000000000e+00 9.759999999999999796e-04 -1.550000000000000813e-04 1.000000000000000888e+00 0.000000000000000000e+00 8.260000000000003451e-04 0.000000000000000000e+00 0.000000000000000000e+00 1.000000000000000888e+00 0.000000000000000000e+00
1.000000000000000000e+00 6.000000000000002863e-05 0.000000000000000000e+00 1.167999999999999984e-03 -6.000000000000002863e-05 1.000000000000000888e+00 0.000000000000000000e+00 8.220000000000003562e-04 0.000000000000000000e+00 0.000000000000000000e+00 1.000000000000000888e+00 0.000000000000000000e+00
1.000000000000000000e+00 0.000000000000000000e+00 0.000000000000000000e+00 1.196999999999999930e-03 0.000000000000000000e+00 1.000000000000000888e+00 0.000000000000000000e+00 1.264000000000000583e-03 0.000000000000000000e+00 0.000000000000000000e+00 1.000000000000000888e+00 0.000000000000000000e+00
1.000000000000000000e+00 -7.000000000000003283e-06 0.000000000000000000e+00 1.570999999999999914e-03 7.000000000000003283e-06 1.000000000000000888e+00 0.000000000000000000e+00 1.797000000000000854e-03 0.000000000000000000e+00 0.000000000000000000e+00 1.000000000000000888e+00 0.000000000000000000e+00
1.000000000000000000e+00 7.000000000000003283e-06 0.000000000000000000e+00 1.944999999999999897e-03 -7.000000000000003283e-06 1.000000000000000888e+00 0.000000000000000000e+00 1.613000000000000718e-03 0.000000000000000000e+00 0.000000000000000000e+00 1.000000000000000888e+00 0.000000000000000000e+00
1.000000000000000000e+00 6.200000000000002981e-05 0.000000000000000000e+00 2.138999999999999842e-03 -6.200000000000002981e-05 1.000000000000000888e+00 0.000000000000000000e+00 1.188000000000000471e-03 0.000000000000000000e+00 0.000000000000000000e+00 1.000000000000000888e+00 0.000000000000000000e+00
1.000000000000000000e+00 1.200000000000000539e-05 0.000000000000000000e+00 2.121000000000000055e-03 -1.200000000000000539e-05 1.000000000000000888e+00 0.000000000000000000e+00 1.176000000000000396e-03 0.000000000000000000e+00 0.000000000000000000e+00 1.000000000000000888e+00 0.000000000000000000e+00
1.000000000000000000e+00 -1.100000000000000480e-05 0.000000000000000000e+00 1.915000000000000036e-03 1.100000000000000480e-05 1.000000000000000888e+00 0.000000000000000000e+00 1.342000000000000744e-03 0.000000000000000000e+00 0.000000000000000000e+00 1.000000000000000888e+00 0.000000000000000000e+00
1.000000000000000000e+00 1.400000000000000657e-05 0.000000000000000000e+00 2.026000000000000023e-03 -1.400000000000000657e-05 1.000000000000000888e+00 0.000000000000000000e+00 1.323000000000000608e-03 0.000000000000000000e+00 0.000000000000000000e+00 1.000000000000000888e+00 0.000000000000000000e+00
1.000000000000000000e+00 4.700000000000001757e-05 0.000000000000000000e+00 1.667999999999999995e-03 -4.700000000000001757e-05 1.000000000000000888e+00 0.000000000000000000e+00 7.100000000000003444e-04 0.000000000000000000e+00 0.000000000000000000e+00 1.000000000000000888e+00 0.000000000000000000e+00
1.000000000000000000e+00 2.200000000000000959e-05 0.000000000000000000e+00 1.652999999999999955e-03 -2.200000000000000959e-05 1.000000000000000888e+00 0.000000000000000000e+00 1.410000000000000663e-03 0.000000000000000000e+00 0.000000000000000000e+00 1.000000000000000888e+00 0.000000000000000000e+00
1.000000000000000000e+00 -5.000000000000002950e-06 0.000000000000000000e+00 1.608999999999999970e-03 5.000000000000002950e-06 1.000000000000000888e+00 0.000000000000000000e+00 -4.830000000000001935e-04 0.000000000000000000e+00 0.000000000000000000e+00 1.000000000000000888e+00 0.000000000000000000e+00
1.000000000000000000e+00 -1.600000000000000605e-05 0.000000000000000000e+00 1.776000000000000018e-03 1.600000000000000605e-05 1.000000000000000888e+00 0.000000000000000000e+00 -8.440000000000003489e-04 0.000000000000000000e+00 0.000000000000000000e+00 1.000000000000000888e+00 0.000000000000000000e+00
1.000000000000000000e+00 -1.600000000000000605e-05 0.000000000000000000e+00 1.971999999999999795e-03 1.600000000000000605e-05 1.000000000000000888e+00 0.000000000000000000e+00 5.610000000000001921e-04 0.000000000000000000e+00 0.000000000000000000e+00 1.000000000000000888e+00 0.000000000000000000e+00
1.000000000000000000e+00 4.800000000000002154e-05 0.000000000000000000e+00 2.188999999999999974e-03 -4.800000000000002154e-05 1.000000000000000888e+00 0.000000000000000000e+00 2.720000000000001063e-04 0.000000000000000000e+00 0.000000000000000000e+00 1.000000000000000888e+00 0.000000000000000000e+00
1.000000000000000000e+00 5.200000000000001713e-05 0.000000000000000000e+00 2.174000000000000151e-03 -5.200000000000001713e-05 1.000000000000000888e+00 0.000000000000000000e+00 4.060000000000001650e-04 0.000000000000000000e+00 0.000000000000000000e+00 1.000000000000000888e+00 0.000000000000000000e+00
1.000000000000000000e+00 -9.000000000000003616e-06 0.000000000000000000e+00 2.003000000000000006e-03 9.000000000000003616e-06 1.000000000000000888e+00 0.000000000000000000e+00 1.403000000000000601e-03 0.000000000000000000e+00 0.000000000000000000e+00 1.000000000000000888e+00 0.000000000000000000e+00
1.000000000000000000e+00 -2.900000000000001372e-05 0.000000000000000000e+00 1.405999999999999915e-03 2.900000000000001372e-05 1.000000000000000888e+00 0.000000000000000000e+00 9.880000000000003797e-04 0.000000000000000000e+00 0.000000000000000000e+00 1.000000000000000888e+00 0.000000000000000000e+00
1.000000000000000000e+00 4.000000000000001513e-06 0.000000000000000000e+00 7.969999999999999654e-04 -4.000000000000001513e-06 1.000000000000000888e+00 0.000000000000000000e+00 -6.810000000000002900e-04 0.000000000000000000e+00 0.000000000000000000e+00 1.000000000000000888e+00 0.000000000000000000e+00
1.000000000000000000e+00 5.000000000000002950e-06 0.000000000000000000e+00 4.310000000000000137e-04 -5.000000000000002950e-06 1.000000000000000888e+00 0.000000000000000000e+00 -1.302000000000000639e-03 0.000000000000000000e+00 0.000000000000000000e+00 1.000000000000000888e+00 0.000000000000000000e+00
1.000000000000000000e+00 -9.000000000000003616e-06 0.000000000000000000e+00 1.859999999999999945e-04 9.000000000000003616e-06 1.000000000000000888e+00 0.000000000000000000e+00 -1.326000000000000572e-03 0.000000000000000000e+00 0.000000000000000000e+00 1.000000000000000888e+00 0.000000000000000000e+00
1.000000000000000000e+00 -3.000000000000001347e-06 0.000000000000000000e+00 2.290000000000000098e-04 3.000000000000001347e-06 1.000000000000000888e+00 0.000000000000000000e+00 -5.940000000000002353e-04 0.000000000000000000e+00 0.000000000000000000e+00 1.000000000000000888e+00 0.000000000000000000e+00
1.000000000000000000e+00 2.800000000000001313e-05 0.000000000000000000e+00 2.190000000000000106e-04 -2.800000000000001313e-05 1.000000000000000888e+00 0.000000000000000000e+00 3.900000000000001962e-05 0.000000000000000000e+00 0.000000000000000000e+00 1.000000000000000888e+00 0.000000000000000000e+00
1.000000000000000000e+00 8.800000000000003837e-05 0.000000000000000000e+00 1.289999999999999914e-04 -8.800000000000003837e-05 1.000000000000000888e+00 0.000000000000000000e+00 4.370000000000002138e-04 0.000000000000000000e+00 0.000000000000000000e+00 1.000000000000000888e+00 0.000000000000000000e+00
1.000000000000000000e+00 1.530000000000000869e-04 0.000000000000000000e+00 4.420000000000000101e-04 -1.530000000000000869e-04 1.000000000000000888e+00 0.000000000000000000e+00 4.200000000000001800e-04 0.000000000000000000e+00 0.000000000000000000e+00 1.000000000000000888e+00 0.000000000000000000e+00
1.000000000000000000e+00 6.900000000000002377e-05 0.000000000000000000e+00 3.099999999999999999e-04 -6.900000000000002377e-05 1.000000000000000888e+00 0.000000000000000000e+00 -7.000000000000003181e-04 0.000000000000000000e+00 0.000000000000000000e+00 1.000000000000000888e+00 0.000000000000000000e+00
1.000000000000000000e+00 4.000000000000002360e-05 0.000000000000000000e+00 1.910000000000000077e-04 -4.000000000000002360e-05 1.000000000000000888e+00 0.000000000000000000e+00 -4.140000000000001426e-04 0.000000000000000000e+00 0.000000000000000000e+00 1.000000000000000888e+00 0.000000000000000000e+00
1.000000000000000000e+00 2.400000000000001077e-05 0.000000000000000000e+00 3.809999999999999910e-04 -2.400000000000001077e-05 1.000000000000000888e+00 0.000000000000000000e+00 -2.820000000000001325e-04 0.000000000000000000e+00 0.000000000000000000e+00 1.000000000000000888e+00 0.000000000000000000e+00
1.000000000000000000e+00 2.100000000000000900e-05 0.000000000000000000e+00 3.469999999999999777e-04 -2.100000000000000900e-05 1.000000000000000888e+00 0.000000000000000000e+00 -3.980000000000001874e-04 0.000000000000000000e+00 0.000000000000000000e+00 1.000000000000000888e+00 0.000000000000000000e+00
1.000000000000000000e+00 2.500000000000001136e-05 0.000000000000000000e+00 2.849999999999999886e-04 -2.500000000000001136e-05 1.000000000000000888e+00 0.000000000000000000e+00 -8.200000000000004161e-05 0.000000000000000000e+00 0.000000000000000000e+00 1.000000000000000888e+00 0.000000000000000000e+00
1.000000000000000000e+00 4.200000000000001800e-05 0.000000000000000000e+00 6.380000000000000037e-04 -4.200000000000001800e-05 1.000000000000000888e+00 0.000000000000000000e+00 -1.860000000000000759e-04 0.000000000000000000e+00 0.000000000000000000e+00 1.000000000000000888e+00 0.000000000000000000e+00
1.000000000000000000e+00 8.300000000000003881e-05 0.000000000000000000e+00 1.237000000000000035e-03 -8.300000000000003881e-05 1.000000000000000888e+00 0.000000000000000000e+00 7.090000000000003201e-04 0.000000000000000000e+00 0.000000000000000000e+00 1.000000000000000888e+00 0.000000000000000000e+00
1.000000000000000000e+00 1.060000000000000422e-04 0.000000000000000000e+00 1.688000000000000047e-03 -1.060000000000000422e-04 1.000000000000000888e+00 0.000000000000000000e+00 6.460000000000003066e-04 0.000000000000000000e+00 0.000000000000000000e+00 1.000000000000000888e+00 0.000000000000000000e+00
1.000000000000000000e+00 8.400000000000003601e-05 0.000000000000000000e+00 1.657000000000000053e-03 -8.400000000000003601e-05 1.000000000000000888e+00 0.000000000000000000e+00 -6.450000000000002823e-04 0.000000000000000000e+00 0.000000000000000000e+00 1.000000000000000888e+00 0.000000000000000000e+00
1.000000000000000000e+00 4.400000000000001918e-05 0.000000000000000000e+00 1.281000000000000021e-03 -4.400000000000001918e-05 1.000000000000000888e+00 0.000000000000000000e+00 -1.240000000000000650e-03 0.000000000000000000e+00 0.000000000000000000e+00 1.000000000000000888e+00 0.000000000000000000e+00
1.000000000000000000e+00 3.800000000000001564e-05 0.000000000000000000e+00 1.250000000000000026e-03 -3.800000000000001564e-05 1.000000000000000888e+00 0.000000000000000000e+00 -9.970000000000004900e-04 0.000000000000000000e+00 0.000000000000000000e+00 1.000000000000000888e+00 0.000000000000000000e+00
1.000000000000000000e+00 5.400000000000002508e-05 0.000000000000000000e+00 1.448999999999999984e-03 -5.400000000000002508e-05 1.000000000000000888e+00 0.000000000000000000e+00 2.020000000000000853e-04 0.000000000000000000e+00 0.000000000000000000e+00 1.000000000000000888e+00 0.000000000000000000e+00
1.000000000000000000e+00 8.800000000000003837e-05 0.000000000000000000e+00 1.729000000000000068e-03 -8.800000000000003837e-05 1.000000000000000888e+00 0.000000000000000000e+00 1.996000000000000812e-03 0.000000000000000000e+00 0.000000000000000000e+00 1.000000000000000888e+00 0.000000000000000000e+00
1.000000000000000000e+00 9.100000000000004353e-05 0.000000000000000000e+00 2.259999999999999856e-03 -9.100000000000004353e-05 1.000000000000000888e+00 0.000000000000000000e+00 3.667000000000001855e-03 0.000000000000000000e+00 0.000000000000000000e+00 1.000000000000000888e+00 0.000000000000000000e+00
1.000000000000000000e+00 -1.400000000000000657e-05 0.000000000000000000e+00 1.985999999999999918e-03 1.400000000000000657e-05 1.000000000000000888e+00 0.000000000000000000e+00 3.910000000000002016e-03 0.000000000000000000e+00 0.000000000000000000e+00 1.000000000000000888e+00 0.000000000000000000e+00
1.000000000000000000e+00 -1.000000000000000378e-06 0.000000000000000000e+00 1.418999999999999906e-03 1.000000000000000378e-06 1.000000000000000888e+00 0.000000000000000000e+00 1.344000000000000576e-03 0.000000000000000000e+00 0.000000000000000000e+00 1.000000000000000888e+00 0.000000000000000000e+00
1.000000000000000000e+00 5.000000000000002272e-05 0.000000000000000000e+00 1.069999999999999988e-03 -5.000000000000002272e-05 1.000000000000000888e+00 0.000000000000000000e+00 -2.480000000000001192e-04 0.000000000000000000e+00 0.000000000000000000e+00 1.000000000000000888e+00 0.000000000000000000e+00
1.000000000000000000e+00 1.030000000000000371e-04 0.000000000000000000e+00 7.450000000000000025e-04 -1.030000000000000371e-04 1.000000000000000888e+00 0.000000000000000000e+00 -4.470000000000002400e-04 0.000000000000000000e+00 0.000000000000000000e+00 1.000000000000000888e+00 0.000000000000000000e+00
1.000000000000000000e+00 1.310000000000000671e-04 0.000000000000000000e+00 6.070000000000000092e-04 -1.310000000000000671e-04 1.000000000000000888e+00 0.000000000000000000e+00 -1.240000000000000596e-04 0.000000000000000000e+00 0.000000000000000000e+00 1.000000000000000888e+00 0.000000000000000000e+00
1.000000000000000000e+00 9.800000000000003749e-05 0.000000000000000000e+00 1.840000000000000001e-04 -9.800000000000003749e-05 1.000000000000000888e+00 0.000000000000000000e+00 -7.380000000000003745e-04 0.000000000000000000e+00 0.000000000000000000e+00 1.000000000000000888e+00 0.000000000000000000e+00
1.000000000000000000e+00 2.200000000000000959e-05 0.000000000000000000e+00 3.249999999999999851e-04 -2.200000000000000959e-05 1.000000000000000888e+00 0.000000000000000000e+00 -7.080000000000002958e-04 0.000000000000000000e+00 0.000000000000000000e+00 1.000000000000000888e+00 0.000000000000000000e+00
1.000000000000000000e+00 -9.000000000000003616e-06 0.000000000000000000e+00 -9.500000000000000523e-05 9.000000000000003616e-06 1.000000000000000888e+00 0.000000000000000000e+00 -2.750000000000001250e-04 0.000000000000000000e+00 0.000000000000000000e+00 1.000000000000000888e+00 0.000000000000000000e+00
1.000000000000000000e+00 -1.500000000000000716e-05 0.000000000000000000e+00 -6.299999999999999990e-05 1.500000000000000716e-05 1.000000000000000888e+00 0.000000000000000000e+00 -1.300000000000000428e-05 0.000000000000000000e+00 0.000000000000000000e+00 1.000000000000000888e+00 0.000000000000000000e+00
1.000000000000000000e+00 1.500000000000000716e-05 0.000000000000000000e+00 -1.000000000000000082e-05 -1.500000000000000716e-05 1.000000000000000888e+00 0.000000000000000000e+00 -1.300000000000000428e-05 0.000000000000000000e+00 0.000000000000000000e+00 1.000000000000000888e+00 0.000000000000000000e+00
1.000000000000000000e+00 4.700000000000001757e-05 0.000000000000000000e+00 5.270000000000000162e-04 -4.700000000000001757e-05 1.000000000000000888e+00 0.000000000000000000e+00 1.270000000000000512e-04 0.000000000000000000e+00 0.000000000000000000e+00 1.000000000000000888e+00 0.000000000000000000e+00
1.000000000000000000e+00 -6.000000000000002693e-06 0.000000000000000000e+00 1.150999999999999896e-03 6.000000000000002693e-06 1.000000000000000888e+00 0.000000000000000000e+00 -7.050000000000003313e-04 0.000000000000000000e+00 0.000000000000000000e+00 1.000000000000000888e+00 0.000000000000000000e+00
1.000000000000000000e+00 -1.600000000000000605e-05 0.000000000000000000e+00 1.810999999999999893e-03 1.600000000000000605e-05 1.000000000000000888e+00 0.000000000000000000e+00 5.290000000000001732e-04 0.000000000000000000e+00 0.000000000000000000e+00 1.000000000000000888e+00 0.000000000000000000e+00
1.000000000000000000e+00 3.500000000000001049e-05 0.000000000000000000e+00 2.151999999999999833e-03 -3.500000000000001049e-05 1.000000000000000888e+00 0.000000000000000000e+00 1.801000000000000951e-03 0.000000000000000000e+00 0.000000000000000000e+00 1.000000000000000888e+00 0.000000000000000000e+00
1.000000000000000000e+00 1.000000000000000454e-04 0.000000000000000000e+00 2.413000000000000214e-03 -1.000000000000000454e-04 1.000000000000000888e+00 0.000000000000000000e+00 1.650000000000000642e-03 0.000000000000000000e+00 0.000000000000000000e+00 1.000000000000000888e+00 0.000000000000000000e+00
1.000000000000000000e+00 7.700000000000004204e-05 0.000000000000000000e+00 2.556000000000000112e-03 -7.700000000000004204e-05 1.000000000000000888e+00 0.000000000000000000e+00 1.800000000000000723e-05 0.000000000000000000e+00 0.000000000000000000e+00 1.000000000000000888e+00 0.000000000000000000e+00
1.000000000000000000e+00 6.000000000000002863e-05 0.000000000000000000e+00 2.801999999999999803e-03 -6.000000000000002863e-05 1.000000000000000888e+00 0.000000000000000000e+00 5.740000000000001828e-04 0.000000000000000000e+00 0.000000000000000000e+00 1.000000000000000888e+00 0.000000000000000000e+00
1.000000000000000000e+00 1.800000000000000723e-05 0.000000000000000000e+00 3.199000000000000021e-03 -1.800000000000000723e-05 1.000000000000000888e+00 0.000000000000000000e+00 1.363000000000000713e-03 0.000000000000000000e+00 0.000000000000000000e+00 1.000000000000000888e+00 0.000000000000000000e+00
1.000000000000000000e+00 1.900000000000000782e-05 0.000000000000000000e+00 3.752999999999999826e-03 -1.900000000000000782e-05 1.000000000000000888e+00 0.000000000000000000e+00 1.354000000000000602e-03 0.000000000000000000e+00 0.000000000000000000e+00 1.000000000000000888e+00 0.000000000000000000e+00
1.000000000000000000e+00 7.700000000000004204e-05 0.000000000000000000e+00 4.271999999999999756e-03 -7.700000000000004204e-05 1.000000000000000888e+00 0.000000000000000000e+00 1.065000000000000408e-03 0.000000000000000000e+00 0.000000000000000000e+00 1.000000000000000888e+00 0.000000000000000000e+00
1.000000000000000000e+00 1.050000000000000450e-04 0.000000000000000000e+00 4.623999999999999638e-03 -1.050000000000000450e-04 1.000000000000000888e+00 0.000000000000000000e+00 2.870000000000001456e-03 0.000000000000000000e+00 0.000000000000000000e+00 1.000000000000000888e+00 0.000000000000000000e+00
1.000000000000000000e+00 7.200000000000002893e-05 0.000000000000000000e+00 4.242000000000000111e-03 -7.200000000000002893e-05 1.000000000000000888e+00 0.000000000000000000e+00 4.560000000000002419e-04 0.000000000000000000e+00 0.000000000000000000e+00 1.000000000000000888e+00 0.000000000000000000e+00
1.000000000000000000e+00 4.000000000000002360e-05 0.000000000000000000e+00 3.956999999999999580e-03 -4.000000000000002360e-05 1.000000000000000888e+00 0.000000000000000000e+00 9.220000000000004017e-04 0.000000000000000000e+00 0.000000000000000000e+00 1.000000000000000888e+00 0.000000000000000000e+00
1.000000000000000000e+00 6.600000000000003217e-05 0.000000000000000000e+00 3.880999999999999901e-03 -6.600000000000003217e-05 1.000000000000000888e+00 0.000000000000000000e+00 1.999000000000000776e-03 0.000000000000000000e+00 0.000000000000000000e+00 1.000000000000000888e+00 0.000000000000000000e+00
1.000000000000000000e+00 1.170000000000000521e-04 0.000000000000000000e+00 3.749000000000000162e-03 -1.170000000000000521e-04 1.000000000000000888e+00 0.000000000000000000e+00 2.214000000000000690e-03 0.000000000000000000e+00 0.000000000000000000e+00 1.000000000000000888e+00 0.000000000000000000e+00
1.000000000000000000e+00 2.100000000000000900e-05 0.000000000000000000e+00 3.380999999999999891e-03 -2.100000000000000900e-05 1.000000000000000888e+00 0.000000000000000000e+00 1.805000000000000831e-03 0.000000000000000000e+00 0.000000000000000000e+00 1.000000000000000888e+00 0.000000000000000000e+00
1.000000000000000000e+00 1.100000000000000480e-05 0.000000000000000000e+00 2.856000000000000032e-03 -1.100000000000000480e-05 1.000000000000000888e+00 0.000000000000000000e+00 -2.310000000000001126e-04 0.000000000000000000e+00 0.000000000000000000e+00 1.000000000000000888e+00 0.000000000000000000e+00
1.000000000000000000e+00 1.900000000000000782e-05 0.000000000000000000e+00 2.592000000000000120e-03 -1.900000000000000782e-05 1.000000000000000888e+00 0.000000000000000000e+00 -1.030000000000000371e-04 0.000000000000000000e+00 0.000000000000000000e+00 1.000000000000000888e+00 0.000000000000000000e+00
1.000000000000000000e+00 6.100000000000002583e-05 0.000000000000000000e+00 2.601000000000000013e-03 -6.100000000000002583e-05 1.000000000000000888e+00 0.000000000000000000e+00 9.830000000000003665e-04 0.000000000000000000e+00 0.000000000000000000e+00 1.000000000000000888e+00 0.000000000000000000e+00
1.000000000000000000e+00 1.270000000000000512e-04 0.000000000000000000e+00 2.468000000000000142e-03 -1.270000000000000512e-04 1.000000000000000888e+00 0.000000000000000000e+00 1.736000000000000780e-03 0.000000000000000000e+00 0.000000000000000000e+00 1.000000000000000888e+00 0.000000000000000000e+00
1.000000000000000000e+00 9.800000000000003749e-05 0.000000000000000000e+00 2.272999999999999847e-03 -9.800000000000003749e-05 1.000000000000000888e+00 0.000000000000000000e+00 9.080000000000003867e-04 0.000000000000000000e+00 0.000000000000000000e+00 1.000000000000000888e+00 0.000000000000000000e+00
1.000000000000000000e+00 3.800000000000001564e-05 0.000000000000000000e+00 1.938000000000000052e-03 -3.800000000000001564e-05 1.000000000000000888e+00 0.000000000000000000e+00 -3.360000000000001440e-04 0.000000000000000000e+00 0.000000000000000000e+00 1.000000000000000888e+00 0.000000000000000000e+00
1.000000000000000000e+00 1.700000000000000664e-05 0.000000000000000000e+00 1.744000000000000107e-03 -1.700000000000000664e-05 1.000000000000000888e+00 0.000000000000000000e+00 1.920000000000000862e-04 0.000000000000000000e+00 0.000000000000000000e+00 1.000000000000000888e+00 0.000000000000000000e+00
1.000000000000000000e+00 1.000000000000000590e-05 0.000000000000000000e+00 1.840999999999999972e-03 -1.000000000000000590e-05 1.000000000000000888e+00 0.000000000000000000e+00 1.235000000000000637e-03 0.000000000000000000e+00 0.000000000000000000e+00 1.000000000000000888e+00 0.000000000000000000e+00
1.000000000000000000e+00 5.500000000000002906e-05 0.000000000000000000e+00 1.858000000000000059e-03 -5.500000000000002906e-05 1.000000000000000888e+00 0.000000000000000000e+00 1.218000000000000332e-03 0.000000000000000000e+00 0.000000000000000000e+00 1.000000000000000888e+00 0.000000000000000000e+00
1.000000000000000000e+00 5.100000000000001993e-05 0.000000000000000000e+00 1.124999999999999915e-03 -5.100000000000001993e-05 1.000000000000000888e+00 0.000000000000000000e+00 -1.756000000000000833e-03 0.000000000000000000e+00 0.000000000000000000e+00 1.000000000000000888e+00 0.000000000000000000e+00
1.000000000000000000e+00 2.300000000000001018e-05 0.000000000000000000e+00 8.919999999999999978e-04 -2.300000000000001018e-05 1.000000000000000888e+00 0.000000000000000000e+00 5.540000000000002388e-04 0.000000000000000000e+00 0.000000000000000000e+00 1.000000000000000888e+00 0.000000000000000000e+00
1.000000000000000000e+00 3.000000000000001347e-06 0.000000000000000000e+00 6.220000000000000485e-04 -3.000000000000001347e-06 1.000000000000000888e+00 0.000000000000000000e+00 1.716000000000000945e-03 0.000000000000000000e+00 0.000000000000000000e+00 1.000000000000000888e+00 0.000000000000000000e+00
1.000000000000000000e+00 -1.800000000000000723e-05 0.000000000000000000e+00 -1.169999999999999979e-04 1.800000000000000723e-05 1.000000000000000888e+00 0.000000000000000000e+00 1.101000000000000416e-03 0.000000000000000000e+00 0.000000000000000000e+00 1.000000000000000888e+00 0.000000000000000000e+00
1.000000000000000000e+00 -3.400000000000001328e-05 0.000000000000000000e+00 -3.750000000000000078e-04 3.400000000000001328e-05 1.000000000000000888e+00 0.000000000000000000e+00 -6.180000000000002765e-04 0.000000000000000000e+00 0.000000000000000000e+00 1.000000000000000888e+00 0.000000000000000000e+00
1.000000000000000000e+00 -8.000000000000004720e-05 0.000000000000000000e+00 -6.780000000000000002e-04 8.000000000000004720e-05 1.000000000000000888e+00 0.000000000000000000e+00 -6.860000000000003031e-04 0.000000000000000000e+00 0.000000000000000000e+00 1.000000000000000888e+00 0.000000000000000000e+00
1.000000000000000000e+00 -9.200000000000004073e-05 0.000000000000000000e+00 -7.290000000000000473e-04 9.200000000000004073e-05 1.000000000000000888e+00 0.000000000000000000e+00 -2.532000000000001264e-03 0.000000000000000000e+00 0.000000000000000000e+00 1.000000000000000888e+00 0.000000000000000000e+00
1.000000000000000000e+00 -6.400000000000002421e-05 0.000000000000000000e+00 -6.920000000000000153e-04 6.400000000000002421e-05 1.000000000000000888e+00 0.000000000000000000e+00 -1.775000000000000969e-03 0.000000000000000000e+00 0.000000000000000000e+00 1.000000000000000888e+00 0.000000000000000000e+00
1.000000000000000000e+00 -2.500000000000001136e-05 0.000000000000000000e+00 -9.629999999999999888e-04 2.500000000000001136e-05 1.000000000000000888e+00 0.000000000000000000e+00 -1.400000000000000657e-05 0.000000000000000000e+00 0.000000000000000000e+00 1.000000000000000888e+00 0.000000000000000000e+00
1.000000000000000000e+00 1.600000000000000605e-05 0.000000000000000000e+00 -9.070000000000000371e-04 -1.600000000000000605e-05 1.000000000000000888e+00 0.000000000000000000e+00 1.086000000000000376e-03 0.000000000000000000e+00 0.000000000000000000e+00 1.000000000000000888e+00 0.000000000000000000e+00
1.000000000000000000e+00 6.600000000000003217e-05 0.000000000000000000e+00 -9.979999999999999722e-04 -6.600000000000003217e-05 1.000000000000000888e+00 0.000000000000000000e+00 4.960000000000002384e-04 0.000000000000000000e+00 0.000000000000000000e+00 1.000000000000000888e+00 0.000000000000000000e+00
1.000000000000000000e+00 6.100000000000002583e-05 0.000000000000000000e+00 -1.067999999999999939e-03 -6.100000000000002583e-05 1.000000000000000888e+00 0.000000000000000000e+00 -4.320000000000002007e-04 0.000000000000000000e+00 0.000000000000000000e+00 1.000000000000000888e+00 0.000000000000000000e+00
1.000000000000000000e+00 2.600000000000000856e-05 0.000000000000000000e+00 -9.399999999999999719e-04 -2.600000000000000856e-05 1.000000000000000888e+00 0.000000000000000000e+00 1.880000000000000703e-04 0.000000000000000000e+00 0.000000000000000000e+00 1.000000000000000888e+00 0.000000000000000000e+00
1.000000000000000000e+00 4.100000000000002080e-05 0.000000000000000000e+00 -6.700000000000000226e-04 -4.100000000000002080e-05 1.000000000000000888e+00 0.000000000000000000e+00 1.036000000000000462e-03 0.000000000000000000e+00 0.000000000000000000e+00 1.000000000000000888e+00 0.000000000000000000e+00
1.000000000000000000e+00 1.030000000000000371e-04 0.000000000000000000e+00 -5.569999999999999864e-04 -1.030000000000000371e-04 1.000000000000000888e+00 0.000000000000000000e+00 1.096000000000000403e-03 0.000000000000000000e+00 0.000000000000000000e+00 1.000000000000000888e+00 0.000000000000000000e+00
1.000000000000000000e+00 6.200000000000002981e-05 0.000000000000000000e+00 -5.320000000000000293e-04 -6.200000000000002981e-05 1.000000000000000888e+00 0.000000000000000000e+00 7.240000000000003594e-04 0.000000000000000000e+00 0.000000000000000000e+00 1.000000000000000888e+00 0.000000000000000000e+00
1.000000000000000000e+00 5.000000000000002272e-05 0.000000000000000000e+00 -3.869999999999999742e-04 -5.000000000000002272e-05 1.000000000000000888e+00 0.000000000000000000e+00 1.011000000000000397e-03 0.000000000000000000e+00 0.000000000000000000e+00 1.000000000000000888e+00 0.000000000000000000e+00
1.000000000000000000e+00 3.200000000000001210e-05 0.000000000000000000e+00 -7.600000000000000418e-05 -3.200000000000001210e-05 1.000000000000000888e+00 0.000000000000000000e+00 6.350000000000003645e-04 0.000000000000000000e+00 0.000000000000000000e+00 1.000000000000000888e+00 0.000000000000000000e+00
1.000000000000000000e+00 1.600000000000000605e-05 0.000000000000000000e+00 3.759999999999999779e-04 -1.600000000000000605e-05 1.000000000000000888e+00 0.000000000000000000e+00 1.720000000000000879e-04 0.000000000000000000e+00 0.000000000000000000e+00 1.000000000000000888e+00 0.000000000000000000e+00
1.000000000000000000e+00 7.000000000000003283e-06 0.000000000000000000e+00 8.419999999999999750e-04 -7.000000000000003283e-06 1.000000000000000888e+00 0.000000000000000000e+00 -2.460000000000001248e-04 0.000000000000000000e+00 0.000000000000000000e+00 1.000000000000000888e+00 0.000000000000000000e+00
1.000000000000000000e+00 -2.400000000000001077e-05 0.000000000000000000e+00 1.508999999999999925e-03 2.400000000000001077e-05 1.000000000000000888e+00 0.000000000000000000e+00 -1.147000000000000450e-03 0.000000000000000000e+00 0.000000000000000000e+00 1.000000000000000888e+00 0.000000000000000000e+00
1.000000000000000000e+00 2.000000000000000757e-06 0.000000000000000000e+00 2.471000000000000106e-03 -2.000000000000000757e-06 1.000000000000000888e+00 0.000000000000000000e+00 1.233000000000000589e-03 0.000000000000000000e+00 0.000000000000000000e+00 1.000000000000000888e+00 0.000000000000000000e+00
1.000000000000000000e+00 5.900000000000002465e-05 0.000000000000000000e+00 3.295999999999999885e-03 -5.900000000000002465e-05 1.000000000000000888e+00 0.000000000000000000e+00 1.887000000000000873e-03 0.000000000000000000e+00 0.000000000000000000e+00 1.000000000000000888e+00 0.000000000000000000e+00
1.000000000000000000e+00 1.180000000000000493e-04 0.000000000000000000e+00 4.106000000000000275e-03 -1.180000000000000493e-04 1.000000000000000888e+00 0.000000000000000000e+00 1.258000000000000654e-03 0.000000000000000000e+00 0.000000000000000000e+00 1.000000000000000888e+00 0.000000000000000000e+00
1.000000000000000000e+00 1.050000000000000450e-04 0.000000000000000000e+00 5.246999999999999928e-03 -1.050000000000000450e-04 1.000000000000000888e+00 0.000000000000000000e+00 4.830000000000001935e-04 0.000000000000000000e+00 0.000000000000000000e+00 1.000000000000000888e+00 0.000000000000000000e+00
1.000000000000000000e+00 -1.000000000000000590e-05 0.000000000000000000e+00 6.624999999999999813e-03 1.000000000000000590e-05 1.000000000000000888e+00 0.000000000000000000e+00 -3.710000000000001816e-04 0.000000000000000000e+00 0.000000000000000000e+00 1.000000000000000888e+00 0.000000000000000000e+00
1.000000000000000000e+00 -3.500000000000001049e-05 0.000000000000000000e+00 8.390999999999999154e-03 3.500000000000001049e-05 1.000000000000000888e+00 0.000000000000000000e+00 2.300000000000001154e-04 0.000000000000000000e+00 0.000000000000000000e+00 1.000000000000000888e+00 0.000000000000000000e+00
1.000000000000000000e+00 -9.400000000000003513e-05 0.000000000000000000e+00 1.077299999999999959e-02 9.400000000000003513e-05 1.000000000000000888e+00 0.000000000000000000e+00 -1.840000000000000815e-04 0.000000000000000000e+00 0.000000000000000000e+00 1.000000000000000888e+00 0.000000000000000000e+00
1.000000000000000000e+00 -1.690000000000000692e-04 0.000000000000000000e+00 1.339399999999999966e-02 1.690000000000000692e-04 1.000000000000000888e+00 0.000000000000000000e+00 -1.092000000000000522e-03 0.000000000000000000e+00 0.000000000000000000e+00 1.000000000000000888e+00 0.000000000000000000e+00
1.000000000000000000e+00 -1.260000000000000540e-04 0.000000000000000000e+00 1.677000000000000018e-02 1.260000000000000540e-04 1.000000000000000888e+00 0.000000000000000000e+00 -2.042000000000000846e-03 0.000000000000000000e+00 0.000000000000000000e+00 1.000000000000000888e+00 0.000000000000000000e+00
1.000000000000000000e+00 3.090000000000001383e-04 0.000000000000000000e+00 2.298299999999999996e-02 -3.090000000000001383e-04 1.000000000000000888e+00 0.000000000000000000e+00 -2.403000000000001055e-03 0.000000000000000000e+00 0.000000000000000000e+00 1.000000000000000888e+00 0.000000000000000000e+00
1.000000000000000000e+00 5.520000000000001902e-04 0.000000000000000000e+00 2.899099999999999941e-02 -5.520000000000001902e-04 1.000000000000000888e+00 0.000000000000000000e+00 -2.162000000000000727e-03 0.000000000000000000e+00 0.000000000000000000e+00 1.000000000000000888e+00 0.000000000000000000e+00
9.999989999999999712e-01 1.069000000000000505e-03 0.000000000000000000e+00 3.523199999999999943e-02 -1.069000000000000505e-03 9.999990000000008594e-01 0.000000000000000000e+00 -1.426000000000000618e-03 0.000000000000000000e+00 0.000000000000000000e+00 1.000000000000000888e+00 0.000000000000000000e+00
9.999970000000000248e-01 2.633000000000001225e-03 0.000000000000000000e+00 7.066500000000000559e-02 -2.633000000000001225e-03 9.999970000000009129e-01 0.000000000000000000e+00 -4.590000000000002064e-03 0.000000000000000000e+00 0.000000000000000000e+00 1.000000000000000888e+00 0.000000000000000000e+00
9.999799999999999800e-01 6.401000000000002174e-03 0.000000000000000000e+00 1.197479999999999933e-01 -6.401000000000002174e-03 9.999800000000008682e-01 0.000000000000000000e+00 -5.415000000000002277e-03 0.000000000000000000e+00 0.000000000000000000e+00 1.000000000000000888e+00 0.000000000000000000e+00
9.999339999999999895e-01 1.152600000000000499e-02 0.000000000000000000e+00 2.209009999999999863e-01 -1.152600000000000499e-02 9.999340000000008777e-01 0.000000000000000000e+00 -1.452900000000000719e-02 0.000000000000000000e+00 0.000000000000000000e+00 1.000000000000000888e+00 0.000000000000000000e+00
9.998070000000000013e-01 1.965300000000001074e-02 0.000000000000000000e+00 3.796530000000000182e-01 -1.965300000000001074e-02 9.998070000000008895e-01 0.000000000000000000e+00 -1.997200000000001058e-02 0.000000000000000000e+00 0.000000000000000000e+00 1.000000000000000888e+00 0.000000000000000000e+00
9.995619999999999505e-01 2.960900000000001378e-02 0.000000000000000000e+00 6.072680000000000300e-01 -2.960900000000001378e-02 9.995620000000008387e-01 0.000000000000000000e+00 -2.913200000000001552e-02 0.000000000000000000e+00 0.000000000000000000e+00 1.000000000000000888e+00 0.000000000000000000e+00
9.991179999999999506e-01 4.198500000000002230e-02 0.000000000000000000e+00 8.910919999999999952e-01 -4.198500000000002230e-02 9.991180000000008388e-01 0.000000000000000000e+00 -4.743600000000001982e-02 0.000000000000000000e+00 0.000000000000000000e+00 1.000000000000000888e+00 0.000000000000000000e+00
9.983349999999999724e-01 5.767800000000002786e-02 0.000000000000000000e+00 1.235910000000000064e+00 -5.767800000000002786e-02 9.983350000000008606e-01 0.000000000000000000e+00 -7.293600000000002859e-02 0.000000000000000000e+00 0.000000000000000000e+00 1.000000000000000888e+00 0.000000000000000000e+00
9.970210000000000461e-01 7.713000000000003187e-02 0.000000000000000000e+00 1.637758999999999965e+00 -7.713000000000003187e-02 9.970210000000009343e-01 0.000000000000000000e+00 -1.093140000000000361e-01 0.000000000000000000e+00 0.000000000000000000e+00 1.000000000000000888e+00 0.000000000000000000e+00
9.952520000000000255e-01 9.733000000000004148e-02 0.000000000000000000e+00 2.107158000000000087e+00 -9.733000000000004148e-02 9.952520000000009137e-01 0.000000000000000000e+00 -1.672600000000000753e-01 0.000000000000000000e+00 0.000000000000000000e+00 1.000000000000000888e+00 0.000000000000000000e+00
9.926369999999999916e-01 1.211250000000000521e-01 0.000000000000000000e+00 2.632080000000000197e+00 -1.211250000000000521e-01 9.926370000000008798e-01 0.000000000000000000e+00 -2.421430000000001082e-01 0.000000000000000000e+00 0.000000000000000000e+00 1.000000000000000888e+00 0.000000000000000000e+00
9.890719999999999512e-01 1.474350000000000660e-01 0.000000000000000000e+00 3.218008000000000202e+00 -1.474350000000000660e-01 9.890720000000008394e-01 0.000000000000000000e+00 -3.390300000000001646e-01 0.000000000000000000e+00 0.000000000000000000e+00 1.000000000000000888e+00 0.000000000000000000e+00
9.848679999999999657e-01 1.733080000000000731e-01 0.000000000000000000e+00 3.875150999999999790e+00 -1.733080000000000731e-01 9.848680000000008539e-01 0.000000000000000000e+00 -4.607220000000002424e-01 0.000000000000000000e+00 0.000000000000000000e+00 1.000000000000000888e+00 0.000000000000000000e+00
9.811729999999999619e-01 1.931300000000000794e-01 0.000000000000000000e+00 4.598558999999999841e+00 -1.931300000000000794e-01 9.811730000000008500e-01 0.000000000000000000e+00 -6.031550000000002187e-01 0.000000000000000000e+00 0.000000000000000000e+00 1.000000000000000888e+00 0.000000000000000000e+00
9.792199999999999793e-01 2.027990000000000903e-01 0.000000000000000000e+00 5.386364000000000374e+00 -2.027990000000000903e-01 9.792200000000008675e-01 0.000000000000000000e+00 -7.658640000000003223e-01 0.000000000000000000e+00 0.000000000000000000e+00 1.000000000000000888e+00 0.000000000000000000e+00
9.792180000000000328e-01 2.028090000000000725e-01 0.000000000000000000e+00 6.245832000000000050e+00 -2.028090000000000725e-01 9.792180000000009210e-01 0.000000000000000000e+00 -9.370540000000004976e-01 0.000000000000000000e+00 0.000000000000000000e+00 1.000000000000000888e+00 0.000000000000000000e+00
9.804890000000000549e-01 1.965730000000000810e-01 0.000000000000000000e+00 7.174246000000000123e+00 -1.965730000000000810e-01 9.804890000000009431e-01 0.000000000000000000e+00 -1.106528000000000400e+00 0.000000000000000000e+00 0.000000000000000000e+00 1.000000000000000888e+00 0.000000000000000000e+00
9.824869999999999992e-01 1.863300000000000789e-01 0.000000000000000000e+00 8.171915000000000262e+00 -1.863300000000000789e-01 9.824870000000008874e-01 0.000000000000000000e+00 -1.276546000000000625e+00 0.000000000000000000e+00 0.000000000000000000e+00 1.000000000000000888e+00 0.000000000000000000e+00
9.844659999999999522e-01 1.755770000000000941e-01 0.000000000000000000e+00 9.237116999999999578e+00 -1.755770000000000941e-01 9.844660000000008404e-01 0.000000000000000000e+00 -1.452574000000000698e+00 0.000000000000000000e+00 0.000000000000000000e+00 1.000000000000000888e+00 0.000000000000000000e+00
9.869210000000000482e-01 1.612060000000000715e-01 0.000000000000000000e+00 1.035829200000000050e+01 -1.612060000000000715e-01 9.869210000000009364e-01 0.000000000000000000e+00 -1.624225000000000696e+00 0.000000000000000000e+00 0.000000000000000000e+00 1.000000000000000888e+00 0.000000000000000000e+00
9.892999999999999572e-01 1.458930000000000504e-01 0.000000000000000000e+00 1.155437700000000056e+01 -1.458930000000000504e-01 9.893000000000008454e-01 0.000000000000000000e+00 -1.779900000000000926e+00 0.000000000000000000e+00 0.000000000000000000e+00 1.000000000000000888e+00 0.000000000000000000e+00
9.917259999999999964e-01 1.283710000000000684e-01 0.000000000000000000e+00 1.281211000000000055e+01 -1.283710000000000684e-01 9.917260000000008846e-01 0.000000000000000000e+00 -1.928496000000000876e+00 0.000000000000000000e+00 0.000000000000000000e+00 1.000000000000000888e+00 0.000000000000000000e+00
9.938379999999999992e-01 1.108430000000000526e-01 0.000000000000000000e+00 1.411454900000000023e+01 -1.108430000000000526e-01 9.938380000000008874e-01 0.000000000000000000e+00 -2.061147000000000951e+00 0.000000000000000000e+00 0.000000000000000000e+00 1.000000000000000888e+00 0.000000000000000000e+00
