1.000000 -0.000026 0.000000 0.004944 0.000026 1.000000 0.000000 -0.001690 0.000000 0.000000 1.000000 0.000000
1.000000 -0.000107 0.000000 0.007961 0.000107 1.000000 0.000000 -0.003469 0.000000 0.000000 1.000000 0.000000
1.000000 -0.000146 0.000000 0.010086 0.000146 1.000000 0.000000 -0.003615 0.000000 0.000000 1.000000 0.000000
1.000000 -0.000180 0.000000 0.011482 0.000180 1.000000 0.000000 -0.003688 0.000000 0.000000 1.000000 0.000000
1.000000 -0.000178 0.000000 0.012958 0.000178 1.000000 0.000000 -0.004494 0.000000 0.000000 1.000000 0.000000
1.000000 -0.000041 0.000000 0.015272 0.000041 1.000000 0.000000 -0.007075 0.000000 0.000000 1.000000 0.000000
1.000000 -0.000067 0.000000 0.017963 0.000067 1.000000 0.000000 -0.007868 0.000000 0.000000 1.000000 0.000000
1.000000 -0.000116 0.000000 0.021774 0.000116 1.000000 0.000000 -0.009365 0.000000 0.000000 1.000000 0.000000
1.000000 -0.000182 0.000000 0.023580 0.000182 1.000000 0.000000 -0.009404 0.000000 0.000000 1.000000 0.000000
1.000000 -0.000205 0.000000 0.025736 0.000205 1.000000 0.000000 -0.010638 0.000000 0.000000 1.000000 0.000000
1.000000 -0.000223 0.000000 0.028121 0.000223 1.000000 0.000000 -0.011257 0.000000 0.000000 1.000000 0.000000
1.000000 -0.000365 0.000000 0.029064 0.000365 1.000000 0.000000 -0.014815 0.000000 0.000000 1.000000 0.000000
1.000000 -0.000436 0.000000 0.033043 0.000436 1.000000 0.000000 -0.015941 0.000000 0.000000 1.000000 0.000000
1.000000 -0.000470 0.000000 0.036361 0.000470 1.000000 0.000000 -0.016031 0.000000 0.000000 1.000000 0.000000
1.000000 -0.000484 0.000000 0.038935 0.000484 1.000000 0.000000 -0.017122 0.000000 0.000000 1.000000 0.000000
1.000000 -0.000512 0.000000 0.043819 0.000512 1.000000 0.000000 -0.018129 0.000000 0.000000 1.000000 0.000000
1.000000 -0.000534 0.000000 0.047947 0.000534 1.000000 0.000000 -0.019241 0.000000 0.000000 1.000000 0.000000
1.000000 -0.000579 0.000000 0.053026 0.000579 1.000000 0.000000 -0.019479 0.000000 0.000000 1.000000 0.000000
1.000000 -0.000603 0.000000 0.057768 0.000603 1.000000 0.000000 -0.020410 0.000000 0.000000 1.000000 0.000000
1.000000 -0.000628 0.000000 0.063790 0.000628 1.000000 0.000000 -0.021448 0.000000 0.000000 1.000000 0.000000
1.000000 -0.000686 0.000000 0.069405 0.000686 1.000000 0.000000 -0.022502 0.000000 0.000000 1.000000 0.000000
1.000000 -0.000731 0.000000 0.074868 0.000731 1.000000 0.000000 -0.023225 0.000000 0.000000 1.000000 0.000000
1.000000 -0.000771 0.000000 0.078804 0.000771 1.000000 0.000000 -0.024800 0.000000 0.000000 1.000000 0.000000
1.000000 -0.000806 0.000000 0.083219 0.000806 1.000000 0.000000 -0.025553 0.000000 0.000000 1.000000 0.000000
1.000000 -0.000934 0.000000 0.088333 0.000934 1.000000 0.000000 -0.028532 0.000000 0.000000 1.000000 0.000000
1.000000 -0.000945 0.000000 0.094105 0.000945 1.000000 0.000000 -0.029753 0.000000 0.000000 1.000000 0.000000
0.999999 -0.001072 0.000000 0.096976 0.001072 0.999999 0.000000 -0.031266 0.000000 0.000000 1.000000 0.000000
0.999999 -0.001111 0.000000 0.102453 0.001111 0.999999 0.000000 -0.033190 0.000000 0.000000 1.000000 0.000000
0.999999 -0.001148 0.000000 0.107857 0.001148 0.999999 0.000000 -0.033504 0.000000 0.000000 1.000000 0.000000
0.999999 -0.001206 0.000000 0.110267 0.001206 0.999999 0.000000 -0.035268 0.000000 0.000000 1.000000 0.000000
0.999999 -0.001243 0.000000 0.114279 0.001243 0.999999 0.000000 -0.035177 0.000000 0.000000 1.000000 0.000000
0.999999 -0.001284 0.000000 0.116922 0.001284 0.999999 0.000000 -0.035541 0.000000 0.000000 1.000000 0.000000
0.999999 -0.001314 0.000000 0.120181 0.001314 0.999999 0.000000 -0.036625 0.000000 0.000000 1.000000 0.000000
0.999999 -0.001384 0.000000 0.123972 0.001384 0.999999 0.000000 -0.039716 0.000000 0.000000 1.000000 0.000000
0.999999 -0.001414 0.000000 0.125133 0.001414 0.999999 0.000000 -0.040186 0.000000 0.000000 1.000000 0.000000
0.999999 -0.001491 0.000000 0.127341 0.001491 0.999999 0.000000 -0.042442 0.000000 0.000000 1.000000 0.000000
0.999999 -0.001618 0.000000 0.130345 0.001618 0.999999 0.000000 -0.046001 0.000000 0.000000 1.000000 0.000000
0.999999 -0.001654 0.000000 0.130623 0.001654 0.999999 0.000000 -0.046002 0.000000 0.000000 1.000000 0.000000
0.999998 -0.001755 0.000000 0.133225 0.001755 0.999998 0.000000 -0.049332 0.000000 0.000000 1.000000 0.000000
0.999998 -0.001748 0.000000 0.134409 0.001748 0.999998 0.000000 -0.049815 0.000000 0.000000 1.000000 0.000000
0.999998 -0.001737 0.000000 0.134968 0.001737 0.999998 0.000000 -0.050993 0.000000 0.000000 1.000000 0.000000
0.999998 -0.001804 0.000000 0.136132 0.001804 0.999998 0.000000 -0.051633 0.000000 0.000000 1.000000 0.000000
0.999998 -0.001757 0.000000 0.138528 0.001757 0.999998 0.000000 -0.054305 0.000000 0.000000 1.000000 0.000000
0.999998 -0.001828 0.000000 0.141169 0.001828 0.999998 0.000000 -0.056128 0.000000 0.000000 1.000000 0.000000
0.999998 -0.001860 0.000000 0.143241 0.001860 0.999998 0.000000 -0.057128 0.000000 0.000000 1.000000 0.000000
0.999998 -0.001931 0.000000 0.146541 0.001931 0.999998 0.000000 -0.059144 0.000000 0.000000 1.000000 0.000000
0.999998 -0.001982 0.000000 0.149906 0.001982 0.999998 0.000000 -0.059187 0.000000 0.000000 1.000000 0.000000
0.999998 -0.002029 0.000000 0.153890 0.002029 0.999998 0.000000 -0.060132 0.000000 0.000000 1.000000 0.000000
0.999998 -0.002016 0.000000 0.156445 0.002016 0.999998 0.000000 -0.060762 0.000000 0.000000 1.000000 0.000000
0.999998 -0.002089 0.000000 0.160172 0.002089 0.999998 0.000000 -0.062918 0.000000 0.000000 1.000000 0.000000
0.999998 -0.002179 0.000000 0.164300 0.002179 0.999998 0.000000 -0.063208 0.000000 0.000000 1.000000 0.000000
0.999998 -0.002229 0.000000 0.169299 0.002229 0.999998 0.000000 -0.064078 0.000000 0.000000 1.000000 0.000000
0.999997 -0.002283 0.000000 0.173622 0.002283 0.999997 0.000000 -0.063877 0.000000 0.000000 1.000000 0.000000
0.999997 -0.002328 0.000000 0.177948 0.002328 0.999997 0.000000 -0.062726 0.000000 0.000000 1.000000 0.000000
0.999997 -0.002389 0.000000 0.185548 0.002389 0.999997 0.000000 -0.063404 0.000000 0.000000 1.000000 0.000000
0.999997 -0.002482 0.000000 0.190476 0.002482 0.999997 0.000000 -0.064152 0.000000 0.000000 1.000000 0.000000
0.999997 -0.002551 0.000000 0.194911 0.002551 0.999997 0.000000 -0.066007 0.000000 0.000000 1.000000 0.000000
0.999996 -0.002716 0.000000 0.203121 0.002716 0.999996 0.000000 -0.068428 0.000000 0.000000 1.000000 0.000000
0.999996 -0.002890 0.000000 0.209415 0.002890 0.999996 0.000000 -0.069697 0.000000 0.000000 1.000000 0.000000
0.999995 -0.003032 0.000000 0.215756 0.003032 0.999995 0.000000 -0.069143 0.000000 0.000000 1.000000 0.000000
0.999995 -0.003097 0.000000 0.221299 0.003097 0.999995 0.000000 -0.069770 0.000000 0.000000 1.000000 0.000000
0.999995 -0.003148 0.000000 0.227184 0.003148 0.999995 0.000000 -0.070728 0.000000 0.000000 1.000000 0.000000
0.999995 -0.003230 0.000000 0.234488 0.003230 0.999995 0.000000 -0.071385 0.000000 0.000000 1.000000 0.000000
0.999995 -0.003224 0.000000 0.239440 0.003224 0.999995 0.000000 -0.071086 0.000000 0.000000 1.000000 0.000000
0.999995 -0.003267 0.000000 0.242587 0.003267 0.999995 0.000000 -0.070922 0.000000 0.000000 1.000000 0.000000
0.999995 -0.003311 0.000000 0.245632 0.003311 0.999995 0.000000 -0.069538 0.000000 0.000000 1.000000 0.000000
0.999995 -0.003305 0.000000 0.247367 0.003305 0.999995 0.000000 -0.069906 0.000000 0.000000 1.000000 0.000000
0.999995 -0.003241 0.000000 0.250924 0.003241 0.999995 0.000000 -0.069372 0.000000 0.000000 1.000000 0.000000
0.999995 -0.003222 0.000000 0.256477 0.003222 0.999995 0.000000 -0.070276 0.000000 0.000000 1.000000 0.000000
0.999995 -0.003203 0.000000 0.259547 0.003203 0.999995 0.000000 -0.070550 0.000000 0.000000 1.000000 0.000000
0.999995 -0.003103 0.000000 0.261223 0.003103 0.999995 0.000000 -0.069558 0.000000 0.000000 1.000000 0.000000
0.999995 -0.003055 0.000000 0.264511 0.003055 0.999995 0.000000 -0.067869 0.000000 0.000000 1.000000 0.000000
0.999995 -0.003067 0.000000 0.268184 0.003067 0.999995 0.000000 -0.067132 0.000000 0.000000 1.000000 0.000000
0.999995 -0.003039 0.000000 0.269439 0.003039 0.999995 0.000000 -0.066556 0.000000 0.000000 1.000000 0.000000
0.999996 -0.002965 0.000000 0.271154 0.002965 0.999996 0.000000 -0.064898 0.000000 0.000000 1.000000 0.000000
0.999996 -0.002858 0.000000 0.270225 0.002858 0.999996 0.000000 -0.064791 0.000000 0.000000 1.000000 0.000000
0.999996 -0.002817 0.000000 0.269113 0.002817 0.999996 0.000000 -0.063438 0.000000 0.000000 1.000000 0.000000
0.999996 -0.002783 0.000000 0.269999 0.002783 0.999996 0.000000 -0.061281 0.000000 0.000000 1.000000 0.000000
0.999996 -0.002775 0.000000 0.272586 0.002775 0.999996 0.000000 -0.059811 0.000000 0.000000 1.000000 0.000000
0.999996 -0.002680 0.000000 0.275604 0.002680 0.999996 0.000000 -0.058588 0.000000 0.000000 1.000000 0.000000
0.999996 -0.002665 0.000000 0.278623 0.002665 0.999996 0.000000 -0.058361 0.000000 0.000000 1.000000 0.000000
0.999997 -0.002634 0.000000 0.280887 0.002634 0.999997 0.000000 -0.058702 0.000000 0.000000 1.000000 0.000000
0.999997 -0.002632 0.000000 0.283389 0.002632 0.999997 0.000000 -0.059033 0.000000 0.000000 1.000000 0.000000
0.999997 -0.002587 0.000000 0.284732 0.002587 0.999997 0.000000 -0.059257 0.000000 0.000000 1.000000 0.000000
0.999997 -0.002583 0.000000 0.286769 0.002583 0.999997 0.000000 -0.058522 0.000000 0.000000 1.000000 0.000000
0.999997 -0.002589 0.000000 0.289021 0.002589 0.999997 0.000000 -0.058793 0.000000 0.000000 1.000000 0.000000
0.999997 -0.002534 0.000000 0.293576 0.002534 0.999997 0.000000 -0.058927 0.000000 0.000000 1.000000 0.000000
0.999997 -0.002506 0.000000 0.296792 0.002506 0.999997 0.000000 -0.058272 0.000000 0.000000 1.000000 0.000000
0.999997 -0.002475 0.000000 0.298205 0.002475 0.999997 0.000000 -0.058093 0.000000 0.000000 1.000000 0.000000
0.999997 -0.002436 0.000000 0.301583 0.002436 0.999997 0.000000 -0.057236 0.000000 0.000000 1.000000 0.000000
0.999997 -0.002381 0.000000 0.299993 0.002381 0.999997 0.000000 -0.056303 0.000000 0.000000 1.000000 0.000000
0.999997 -0.002356 0.000000 0.298904 0.002356 0.999997 0.000000 -0.056147 0.000000 0.000000 1.000000 0.000000
0.999997 -0.002334 0.000000 0.301240 0.002334 0.999997 0.000000 -0.055725 0.000000 0.000000 1.000000 0.000000
0.999997 -0.002298 0.000000 0.301760 0.002298 0.999997 0.000000 -0.054800 0.000000 0.000000 1.000000 0.000000
0.999998 -0.002228 0.000000 0.302615 0.002228 0.999998 0.000000 -0.053447 0.000000 0.000000 1.000000 0.000000
0.999998 -0.002217 0.000000 0.303652 0.002217 0.999998 0.000000 -0.052611 0.000000 0.000000 1.000000 0.000000
0.999998 -0.002110 0.000000 0.302760 0.002110 0.999998 0.000000 -0.054823 0.000000 0.000000 1.000000 0.000000
0.999998 -0.002138 0.000000 0.304217 0.002138 0.999998 0.000000 -0.053546 0.000000 0.000000 1.000000 0.000000
0.999998 -0.002129 0.000000 0.307503 0.002129 0.999998 0.000000 -0.052664 0.000000 0.000000 1.000000 0.000000
0.999998 -0.002047 0.000000 0.309010 0.002047 0.999998 0.000000 -0.053555 0.000000 0.000000 1.000000 0.000000
0.999998 -0.002074 0.000000 0.311679 0.002074 0.999998 0.000000 -0.053659 0.000000 0.000000 1.000000 0.000000
0.999998 -0.002041 0.000000 0.314159 0.002041 0.999998 0.000000 -0.053770 0.000000 0.000000 1.000000 0.000000
0.999998 -0.002039 0.000000 0.316122 0.002039 0.999998 0.000000 -0.053636 0.000000 0.000000 1.000000 0.000000
0.999998 -0.002036 0.000000 0.319679 0.002036 0.999998 0.000000 -0.053769 0.000000 0.000000 1.000000 0.000000
0.999998 -0.002050 0.000000 0.322521 0.002050 0.999998 0.000000 -0.053876 0.000000 0.000000 1.000000 0.000000
0.999998 -0.002175 0.000000 0.321468 0.002175 0.999998 0.000000 -0.053927 0.000000 0.000000 1.000000 0.000000
0.999997 -0.002315 0.000000 0.322714 0.002315 0.999997 0.000000 -0.055769 0.000000 0.000000 1.000000 0.000000
0.999997 -0.002329 0.000000 0.325958 0.002329 0.999997 0.000000 -0.054927 0.000000 0.000000 1.000000 0.000000
0.999997 -0.002338 0.000000 0.331277 0.002338 0.999997 0.000000 -0.055773 0.000000 0.000000 1.000000 0.000000
0.999996 -0.002782 0.000000 0.345247 0.002782 0.999996 0.000000 -0.060233 0.000000 0.000000 1.000000 0.000000
0.999992 -0.003996 0.000000 0.402173 0.003996 0.999992 0.000000 -0.065007 0.000000 0.000000 1.000000 0.000000
0.999968 -0.008019 0.000000 0.506064 0.008019 0.999968 0.000000 -0.060866 0.000000 0.000000 1.000000 0.000000
0.999916 -0.012997 0.000000 0.670261 0.012997 0.999916 0.000000 -0.047093 0.000000 0.000000 1.000000 0.000000
0.999781 -0.020940 0.000000 0.873830 0.020940 0.999781 0.000000 -0.052760 0.000000 0.000000 1.000000 0.000000
0.999423 -0.033976 0.000000 1.149073 0.033976 0.999423 0.000000 -0.016714 0.000000 0.000000 1.000000 0.000000
0.998873 -0.047473 0.000000 1.496483 0.047473 0.998873 0.000000 0.020284 0.000000 0.000000 1.000000 0.000000
0.997867 -0.065280 0.000000 1.887479 0.065280 0.997867 0.000000 0.047055 0.000000 0.000000 1.000000 0.000000
0.996595 -0.082457 0.000000 2.322252 0.082457 0.996595 0.000000 0.119711 0.000000 0.000000 1.000000 0.000000
0.994827 -0.101588 0.000000 2.830732 0.101588 0.994827 0.000000 0.219190 0.000000 0.000000 1.000000 0.000000
0.992131 -0.125206 0.000000 3.401356 0.125206 0.992131 0.000000 0.312969 0.000000 0.000000 1.000000 0.000000
0.988756 -0.149536 0.000000 4.032916 0.149536 0.988756 0.000000 0.425200 0.000000 0.000000 1.000000 0.000000
0.985519 -0.169568 0.000000 4.666324 0.169568 0.985519 0.000000 0.546259 0.000000 0.000000 1.000000 0.000000
0.983976 -0.178300 0.000000 5.382196 0.178300 0.983976 0.000000 0.684705 0.000000 0.000000 1.000000 0.000000
0.983944 -0.178478 0.000000 6.184146 0.178478 0.983944 0.000000 0.847441 0.000000 0.000000 1.000000 0.000000
0.984900 -0.173127 0.000000 7.051136 0.173127 0.984900 0.000000 0.993830 0.000000 0.000000 1.000000 0.000000
0.986335 -0.164750 0.000000 7.994806 0.164750 0.986335 0.000000 1.115752 0.000000 0.000000 1.000000 0.000000
0.987778 -0.155869 0.000000 9.060301 0.155869 0.987778 0.000000 1.268950 0.000000 0.000000 1.000000 0.000000
0.989653 -0.143484 0.000000 10.143706 0.143484 0.989653 0.000000 1.413072 0.000000 0.000000 1.000000 0.000000
0.991589 -0.129426 0.000000 11.281116 0.129426 0.991589 0.000000 1.535250 0.000000 0.000000 1.000000 0.000000
0.993421 -0.114521 0.000000 12.506263 0.114521 0.993421 0.000000 1.650329 0.000000 0.000000 1.000000 0.000000
0.995111 -0.098759 0.000000 13.782177 0.098759 0.995111 0.000000 1.724020 0.000000 0.000000 1.000000 0.000000
0.996822 -0.079664 0.000000 15.029969 0.079664 0.996822 0.000000 1.784853 0.000000 0.000000 1.000000 0.000000
0.998141 -0.060940 0.000000 16.362858 0.060940 0.998141 0.000000 1.876186 0.000000 0.000000 1.000000 0.000000
0.998985 -0.045045 0.000000 17.646148 0.045045 0.998985 0.000000 1.916130 0.000000 0.000000 1.000000 0.000000
0.999353 -0.035980 0.000000 18.921429 0.035980 0.999353 0.000000 1.934781 0.000000 0.000000 1.000000 0.000000
0.999546 -0.030134 0.000000 20.288059 0.030134 0.999546 0.000000 1.950472 0.000000 0.000000 1.000000 0.000000
0.999621 -0.027541 0.000000 21.621321 0.027541 0.999621 0.000000 2.006996 0.000000 0.000000 1.000000 0.000000
0.999699 -0.024545 0.000000 22.934568 0.024545 0.999699 0.000000 2.037390 0.000000 0.000000 1.000000 0.000000
0.999771 -0.021413 0.000000 24.287563 0.021413 0.999771 0.000000 2.061854 0.000000 0.000000 1.000000 0.000000
0.999815 -0.019248 0.000000 25.712516 0.019248 0.999815 0.000000 2.074184 0.000000 0.000000 1.000000 0.000000
0.999882 -0.015394 0.000000 27.054296 0.015394 0.999882 0.000000 2.069493 0.000000 0.000000 1.000000 0.000000
0.999935 -0.011410 0.000000 28.479535 0.011410 0.999935 0.000000 2.084188 0.000000 0.000000 1.000000 0.000000
0.999967 -0.008137 0.000000 29.816260 0.008137 0.999967 0.000000 2.064074 0.000000 0.000000 1.000000 0.000000
0.999985 -0.005512 0.000000 31.271057 0.005512 0.999985 0.000000 2.082331 0.000000 0.000000 1.000000 0.000000
0.999986 -0.005266 0.000000 32.758277 0.005266 0.999986 0.000000 2.076631 0.000000 0.000000 1.000000 0.000000
0.999989 -0.004794 0.000000 34.235890 0.004794 0.999989 0.000000 2.075415 0.000000 0.000000 1.000000 0.000000
0.999988 -0.004882 0.000000 35.819396 0.004882 0.999988 0.000000 2.079980 0.000000 0.000000 1.000000 0.000000
0.999990 -0.004475 0.000000 37.420049 0.004475 0.999990 0.000000 2.068157 0.000000 0.000000 1.000000 0.000000
0.999983 -0.005827 0.000000 39.050545 0.005827 0.999983 0.000000 2.059883 0.000000 0.000000 1.000000 0.000000
0.999982 -0.005918 0.000000 40.671258 0.005918 0.999982 0.000000 2.055928 0.000000 0.000000 1.000000 0.000000
0.999983 -0.005793 0.000000 42.368559 0.005793 0.999983 0.000000 2.056427 0.000000 0.000000 1.000000 0.000000
0.999980 -0.006262 0.000000 44.076510 0.006262 0.999980 0.000000 2.073306 0.000000 0.000000 1.000000 0.000000
0.999968 -0.007978 0.000000 45.800412 0.007978 0.999968 0.000000 2.069320 0.000000 0.000000 1.000000 0.000000
0.999942 -0.010798 0.000000 47.576784 0.010798 0.999942 0.000000 2.113701 0.000000 0.000000 1.000000 0.000000
0.999923 -0.012435 0.000000 49.328819 0.012435 0.999923 0.000000 2.128845 0.000000 0.000000 1.000000 0.000000
0.999897 -0.014348 0.000000 51.045363 0.014348 0.999897 0.000000 2.141767 0.000000 0.000000 1.000000 0.000000
0.999843 -0.017736 0.000000 52.796957 0.017736 0.999843 0.000000 2.201643 0.000000 0.000000 1.000000 0.000000
0.999816 -0.019165 0.000000 54.525982 0.019165 0.999816 0.000000 2.240207 0.000000 0.000000 1.000000 0.000000
0.999810 -0.019509 0.000000 56.278797 0.019509 0.999810 0.000000 2.259439 0.000000 0.000000 1.000000 0.000000
0.999778 -0.021054 0.000000 58.048035 0.021054 0.999778 0.000000 2.323273 0.000000 0.000000 1.000000 0.000000
0.999777 -0.021136 0.000000 59.831148 0.021136 0.999777 0.000000 2.378192 0.000000 0.000000 1.000000 0.000000
0.999787 -0.020650 0.000000 61.677129 0.020650 0.999787 0.000000 2.441035 0.000000 0.000000 1.000000 0.000000
0.999804 -0.019819 0.000000 63.470843 0.019819 0.999804 0.000000 2.493996 0.000000 0.000000 1.000000 0.000000
0.999791 -0.020451 0.000000 65.299054 0.020451 0.999791 0.000000 2.556588 0.000000 0.000000 1.000000 0.000000
0.999779 -0.021030 0.000000 67.190275 0.021030 0.999779 0.000000 2.625124 0.000000 0.000000 1.000000 0.000000
0.999758 -0.021998 0.000000 69.083016 0.021998 0.999758 0.000000 2.681658 0.000000 0.000000 1.000000 0.000000
0.999755 -0.022132 0.000000 70.999901 0.022132 0.999755 0.000000 2.727155 0.000000 0.000000 1.000000 0.000000
0.999759 -0.021951 0.000000 72.884023 0.021951 0.999759 0.000000 2.767537 0.000000 0.000000 1.000000 0.000000
0.999753 -0.022212 0.000000 74.691626 0.022212 0.999753 0.000000 2.850667 0.000000 0.000000 1.000000 0.000000
0.999741 -0.022754 0.000000 76.543881 0.022754 0.999741 0.000000 2.917307 0.000000 0.000000 1.000000 0.000000
0.999723 -0.023522 0.000000 78.365348 0.023522 0.999723 0.000000 2.976906 0.000000 0.000000 1.000000 0.000000
0.999713 -0.023948 0.000000 80.171897 0.023948 0.999713 0.000000 3.053480 0.000000 0.000000 1.000000 0.000000
0.999713 -0.023951 0.000000 82.011473 0.023951 0.999713 0.000000 3.121058 0.000000 0.000000 1.000000 0.000000
0.999717 -0.023801 0.000000 83.866241 0.023801 0.999717 0.000000 3.174609 0.000000 0.000000 1.000000 0.000000
0.999761 -0.021874 0.000000 85.662807 0.021874 0.999761 0.000000 3.226210 0.000000 0.000000 1.000000 0.000000
0.999768 -0.021531 0.000000 87.481069 0.021531 0.999768 0.000000 3.247728 0.000000 0.000000 1.000000 0.000000
0.999784 -0.020777 0.000000 89.271782 0.020777 0.999784 0.000000 3.294933 0.000000 0.000000 1.000000 0.000000
0.999757 -0.022041 0.000000 91.068757 0.022041 0.999757 0.000000 3.309970 0.000000 0.000000 1.000000 0.000000
0.999721 -0.023611 0.000000 92.870721 0.023611 0.999721 0.000000 3.333397 0.000000 0.000000 1.000000 0.000000
0.999684 -0.025141 0.000000 94.633630 0.025141 0.999684 0.000000 3.373698 0.000000 0.000000 1.000000 0.000000
0.999567 -0.029420 0.000000 96.369313 0.029420 0.999567 0.000000 3.398208 0.000000 0.000000 1.000000 0.000000
0.999464 -0.032726 0.000000 98.105539 0.032726 0.999464 0.000000 3.448809 0.000000 0.000000 1.000000 0.000000
0.999255 -0.038595 0.000000 99.784201 0.038595 0.999255 0.000000 3.495460 0.000000 0.000000 1.000000 0.000000
0.999052 -0.043540 0.000000 101.496664 0.043540 0.999052 0.000000 3.579689 0.000000 0.000000 1.000000 0.000000
0.998825 -0.048458 0.000000 103.225578 0.048458 0.998825 0.000000 3.663058 0.000000 0.000000 1.000000 0.000000
0.998508 -0.054612 0.000000 104.902508 0.054612 0.998508 0.000000 3.732726 0.000000 0.000000 1.000000 0.000000
0.998101 -0.061606 0.000000 106.585380 0.061606 0.998101 0.000000 3.821892 0.000000 0.000000 1.000000 0.000000
0.997773 -0.066698 0.000000 108.306274 0.066698 0.997773 0.000000 3.925543 0.000000 0.000000 1.000000 0.000000
0.997523 -0.070340 0.000000 109.962602 0.070340 0.997523 0.000000 4.024206 0.000000 0.000000 1.000000 0.000000
0.997312 -0.073276 0.000000 111.634266 0.073276 0.997312 0.000000 4.133784 0.000000 0.000000 1.000000 0.000000
0.997118 -0.075860 0.000000 113.210648 0.075860 0.997118 0.000000 4.255479 0.000000 0.000000 1.000000 0.000000
0.996862 -0.079161 0.000000 114.735110 0.079161 0.996862 0.000000 4.363349 0.000000 0.000000 1.000000 0.000000
0.996575 -0.082689 0.000000 116.252639 0.082689 0.996575 0.000000 4.508659 0.000000 0.000000 1.000000 0.000000
0.996277 -0.086215 0.000000 117.771652 0.086215 0.996277 0.000000 4.676338 0.000000 0.000000 1.000000 0.000000
0.996136 -0.087820 0.000000 119.271124 0.087820 0.996136 0.000000 4.800983 0.000000 0.000000 1.000000 0.000000
0.996003 -0.089321 0.000000 120.811492 0.089321 0.996003 0.000000 4.944975 0.000000 0.000000 1.000000 0.000000
0.995976 -0.089620 0.000000 122.299787 0.089620 0.995976 0.000000 5.075055 0.000000 0.000000 1.000000 0.000000
0.996288 -0.086078 0.000000 123.775536 0.086078 0.996288 0.000000 5.187226 0.000000 0.000000 1.000000 0.000000
0.996685 -0.081357 0.000000 125.250615 0.081357 0.996685 0.000000 5.305574 0.000000 0.000000 1.000000 0.000000
0.997060 -0.076619 0.000000 126.726726 0.076619 0.997060 0.000000 5.373680 0.000000 0.000000 1.000000 0.000000
0.997385 -0.072275 0.000000 128.198027 0.072275 0.997385 0.000000 5.475089 0.000000 0.000000 1.000000 0.000000
0.997675 -0.068158 0.000000 129.605605 0.068158 0.997675 0.000000 5.545391 0.000000 0.000000 1.000000 0.000000
0.998021 -0.062884 0.000000 131.059815 0.062884 0.998021 0.000000 5.626804 0.000000 0.000000 1.000000 0.000000
0.998359 -0.057273 0.000000 132.505195 0.057273 0.998359 0.000000 5.687754 0.000000 0.000000 1.000000 0.000000
0.998614 -0.052635 0.000000 133.959643 0.052635 0.998614 0.000000 5.760474 0.000000 0.000000 1.000000 0.000000
0.998912 -0.046627 0.000000 135.431325 0.046627 0.998912 0.000000 5.837029 0.000000 0.000000 1.000000 0.000000
0.999038 -0.043845 0.000000 136.967359 0.043845 0.999038 0.000000 5.896642 0.000000 0.000000 1.000000 0.000000
0.999105 -0.042307 0.000000 138.447949 0.042307 0.999105 0.000000 5.957739 0.000000 0.000000 1.000000 0.000000
0.999109 -0.042193 0.000000 139.995442 0.042193 0.999109 0.000000 6.039036 0.000000 0.000000 1.000000 0.000000
0.999101 -0.042390 0.000000 141.567335 0.042390 0.999101 0.000000 6.099717 0.000000 0.000000 1.000000 0.000000
0.999056 -0.043433 0.000000 143.164205 0.043433 0.999056 0.000000 6.167387 0.000000 0.000000 1.000000 0.000000
0.998978 -0.045195 0.000000 144.747809 0.045195 0.998978 0.000000 6.216968 0.000000 0.000000 1.000000 0.000000
0.998911 -0.046656 0.000000 146.242447 0.046656 0.998911 0.000000 6.276439 0.000000 0.000000 1.000000 0.000000
0.998922 -0.046410 0.000000 147.662020 0.046410 0.998922 0.000000 6.380511 0.000000 0.000000 1.000000 0.000000
0.998945 -0.045919 0.000000 149.090946 0.045919 0.998945 0.000000 6.427809 0.000000 0.000000 1.000000 0.000000
0.998884 -0.047238 0.000000 150.515512 0.047238 0.998884 0.000000 6.480064 0.000000 0.000000 1.000000 0.000000
0.998845 -0.048041 0.000000 151.896873 0.048041 0.998845 0.000000 6.549590 0.000000 0.000000 1.000000 0.000000
0.998836 -0.048240 0.000000 153.278203 0.048240 0.998836 0.000000 6.604685 0.000000 0.000000 1.000000 0.000000
0.998760 -0.049790 0.000000 154.801488 0.049790 0.998760 0.000000 6.671623 0.000000 0.000000 1.000000 0.000000
0.998789 -0.049195 0.000000 156.194378 0.049195 0.998789 0.000000 6.742620 0.000000 0.000000 1.000000 0.000000
0.998775 -0.049482 0.000000 157.625613 0.049482 0.998775 0.000000 6.804891 0.000000 0.000000 1.000000 0.000000
0.998752 -0.049950 0.000000 159.153086 0.049950 0.998752 0.000000 6.870130 0.000000 0.000000 1.000000 0.000000
0.998720 -0.050579 0.000000 160.729091 0.050579 0.998720 0.000000 6.941001 0.000000 0.000000 1.000000 0.000000
0.998688 -0.051217 0.000000 162.256941 0.051217 0.998688 0.000000 6.993509 0.000000 0.000000 1.000000 0.000000
0.998584 -0.053205 0.000000 163.848949 0.053205 0.998584 0.000000 7.078846 0.000000 0.000000 1.000000 0.000000
0.998525 -0.054286 0.000000 165.440878 0.054286 0.998525 0.000000 7.148323 0.000000 0.000000 1.000000 0.000000
0.998509 -0.054593 0.000000 167.046512 0.054593 0.998509 0.000000 7.223015 0.000000 0.000000 1.000000 0.000000
0.998445 -0.055739 0.000000 168.672188 0.055739 0.998445 0.000000 7.284979 0.000000 0.000000 1.000000 0.000000
0.998394 -0.056646 0.000000 170.299599 0.056646 0.998394 0.000000 7.348215 0.000000 0.000000 1.000000 0.000000
0.998317 -0.057993 0.000000 171.951360 0.057993 0.998317 0.000000 7.411727 0.000000 0.000000 1.000000 0.000000
0.998237 -0.059353 0.000000 173.585227 0.059353 0.998237 0.000000 7.481193 0.000000 0.000000 1.000000 0.000000
0.998122 -0.061260 0.000000 175.366609 0.061260 0.998122 0.000000 7.570416 0.000000 0.000000 1.000000 0.000000
0.998057 -0.062307 0.000000 177.086052 0.062307 0.998057 0.000000 7.660657 0.000000 0.000000 1.000000 0.000000
0.998046 -0.062488 0.000000 178.831486 0.062488 0.998046 0.000000 7.746995 0.000000 0.000000 1.000000 0.000000
0.998023 -0.062856 0.000000 180.596203 0.062856 0.998023 0.000000 7.820652 0.000000 0.000000 1.000000 0.000000
0.997918 -0.064490 0.000000 182.354918 0.064490 0.997918 0.000000 7.914815 0.000000 0.000000 1.000000 0.000000
0.997798 -0.066321 0.000000 184.132651 0.066321 0.997798 0.000000 8.005693 0.000000 0.000000 1.000000 0.000000
0.997684 -0.068022 0.000000 185.863612 0.068022 0.997684 0.000000 8.130663 0.000000 0.000000 1.000000 0.000000
0.997628 -0.068837 0.000000 187.655401 0.068837 0.997628 0.000000 8.259414 0.000000 0.000000 1.000000 0.000000
0.997528 -0.070270 0.000000 189.416389 0.070270 0.997528 0.000000 8.375953 0.000000 0.000000 1.000000 0.000000
0.997535 -0.070172 0.000000 191.177227 0.070172 0.997535 0.000000 8.474285 0.000000 0.000000 1.000000 0.000000
0.997505 -0.070591 0.000000 192.895654 0.070591 0.997505 0.000000 8.583495 0.000000 0.000000 1.000000 0.000000
0.997451 -0.071361 0.000000 194.673509 0.071361 0.997451 0.000000 8.692168 0.000000 0.000000 1.000000 0.000000
0.997363 -0.072568 0.000000 196.424896 0.072568 0.997363 0.000000 8.807328 0.000000 0.000000 1.000000 0.000000
0.997279 -0.073713 0.000000 198.173132 0.073713 0.997279 0.000000 8.920340 0.000000 0.000000 1.000000 0.000000
0.997190 -0.074915 0.000000 199.841068 0.074915 0.997190 0.000000 9.033729 0.000000 0.000000 1.000000 0.000000
0.997130 -0.075714 0.000000 201.460432 0.075714 0.997130 0.000000 9.141698 0.000000 0.000000 1.000000 0.000000
0.997026 -0.077066 0.000000 203.057063 0.077066 0.997026 0.000000 9.259385 0.000000 0.000000 1.000000 0.000000
0.996894 -0.078759 0.000000 204.567218 0.078759 0.996894 0.000000 9.366475 0.000000 0.000000 1.000000 0.000000
0.996760 -0.080427 0.000000 206.071601 0.080427 0.996760 0.000000 9.481467 0.000000 0.000000 1.000000 0.000000
0.996573 -0.082715 0.000000 207.533475 0.082715 0.996573 0.000000 9.602033 0.000000 0.000000 1.000000 0.000000
0.996484 -0.083784 0.000000 208.973741 0.083784 0.996484 0.000000 9.720768 0.000000 0.000000 1.000000 0.000000
0.996427 -0.084454 0.000000 210.475558 0.084454 0.996427 0.000000 9.862712 0.000000 0.000000 1.000000 0.000000
0.996469 -0.083957 0.000000 211.944156 0.083957 0.996469 0.000000 10.004064 0.000000 0.000000 1.000000 0.000000
0.996575 -0.082696 0.000000 213.429292 0.082696 0.996575 0.000000 10.124470 0.000000 0.000000 1.000000 0.000000
0.996758 -0.080456 0.000000 214.953790 0.080456 0.996758 0.000000 10.237704 0.000000 0.000000 1.000000 0.000000
0.997187 -0.074949 0.000000 216.497309 0.074949 0.997187 0.000000 10.363421 0.000000 0.000000 1.000000 0.000000
0.997510 -0.070520 0.000000 218.098537 0.070520 0.997510 0.000000 10.450876 0.000000 0.000000 1.000000 0.000000
0.997961 -0.063819 0.000000 219.756170 0.063819 0.997961 0.000000 10.561744 0.000000 0.000000 1.000000 0.000000
0.998328 -0.057807 0.000000 221.437058 0.057807 0.998328 0.000000 10.639524 0.000000 0.000000 1.000000 0.000000
0.998460 -0.055474 0.000000 223.132956 0.055474 0.998460 0.000000 10.760058 0.000000 0.000000 1.000000 0.000000
0.998413 -0.056311 0.000000 224.828125 0.056311 0.998413 0.000000 10.866286 0.000000 0.000000 1.000000 0.000000
0.997967 -0.063734 0.000000 226.551462 0.063734 0.997967 0.000000 10.968050 0.000000 0.000000 1.000000 0.000000
0.997166 -0.075234 0.000000 228.202853 0.075234 0.997166 0.000000 11.048690 0.000000 0.000000 1.000000 0.000000
0.995462 -0.095163 0.000000 229.901039 0.095163 0.995462 0.000000 11.202504 0.000000 0.000000 1.000000 0.000000
0.993722 -0.111873 0.000000 231.579487 0.111873 0.993722 0.000000 11.382451 0.000000 0.000000 1.000000 0.000000
0.991719 -0.128430 0.000000 233.269700 0.128430 0.991719 0.000000 11.553663 0.000000 0.000000 1.000000 0.000000
0.990122 -0.140208 0.000000 234.960719 0.140208 0.990122 0.000000 11.779377 0.000000 0.000000 1.000000 0.000000
0.989226 -0.146395 0.000000 236.593192 0.146395 0.989226 0.000000 12.004367 0.000000 0.000000 1.000000 0.000000
0.988659 -0.150177 0.000000 238.276371 0.150177 0.988659 0.000000 12.247297 0.000000 0.000000 1.000000 0.000000
0.988248 -0.152857 0.000000 239.887205 0.152857 0.988248 0.000000 12.465236 0.000000 0.000000 1.000000 0.000000
0.987429 -0.158066 0.000000 241.479661 0.158066 0.987429 0.000000 12.712684 0.000000 0.000000 1.000000 0.000000
0.986824 -0.161799 0.000000 243.131968 0.161799 0.986824 0.000000 12.935227 0.000000 0.000000 1.000000 0.000000
0.986373 -0.164524 0.000000 244.814900 0.164524 0.986373 0.000000 13.175408 0.000000 0.000000 1.000000 0.000000
0.985855 -0.167599 0.000000 246.486642 0.167599 0.985855 0.000000 13.427356 0.000000 0.000000 1.000000 0.000000
0.985788 -0.167992 0.000000 248.219838 0.167992 0.985788 0.000000 13.709146 0.000000 0.000000 1.000000 0.000000
0.985917 -0.167236 0.000000 249.989732 0.167236 0.985917 0.000000 14.020539 0.000000 0.000000 1.000000 0.000000
0.985981 -0.166858 0.000000 251.768890 0.166858 0.985981 0.000000 14.302117 0.000000 0.000000 1.000000 0.000000
0.986168 -0.165746 0.000000 253.603987 0.165746 0.986168 0.000000 14.614320 0.000000 0.000000 1.000000 0.000000
0.986355 -0.164631 0.000000 255.401602 0.164631 0.986355 0.000000 14.902996 0.000000 0.000000 1.000000 0.000000
0.986417 -0.164263 0.000000 257.222232 0.164263 0.986417 0.000000 15.209479 0.000000 0.000000 1.000000 0.000000
0.986331 -0.164779 0.000000 259.075131 0.164779 0.986331 0.000000 15.517682 0.000000 0.000000 1.000000 0.000000
0.986413 -0.164286 0.000000 260.965099 0.164286 0.986413 0.000000 15.836943 0.000000 0.000000 1.000000 0.000000
0.986354 -0.164641 0.000000 262.850772 0.164641 0.986354 0.000000 16.159633 0.000000 0.000000 1.000000 0.000000
0.986115 -0.166063 0.000000 264.763612 0.166063 0.986115 0.000000 16.505041 0.000000 0.000000 1.000000 0.000000
0.986073 -0.166313 0.000000 266.618723 0.166313 0.986073 0.000000 16.833702 0.000000 0.000000 1.000000 0.000000
0.986109 -0.166102 0.000000 268.480719 0.166102 0.986109 0.000000 17.146638 0.000000 0.000000 1.000000 0.000000
0.986125 -0.166004 0.000000 270.376736 0.166004 0.986125 0.000000 17.478573 0.000000 0.000000 1.000000 0.000000
0.986150 -0.165855 0.000000 272.283117 0.165855 0.986150 0.000000 17.799824 0.000000 0.000000 1.000000 0.000000
0.985871 -0.167506 0.000000 274.202372 0.167506 0.985871 0.000000 18.103696 0.000000 0.000000 1.000000 0.000000
0.985551 -0.169377 0.000000 276.065006 0.169377 0.985551 0.000000 18.413340 0.000000 0.000000 1.000000 0.000000
0.985385 -0.170342 0.000000 277.961898 0.170342 0.985385 0.000000 18.737236 0.000000 0.000000 1.000000 0.000000
0.985194 -0.171445 0.000000 279.915376 0.171445 0.985194 0.000000 19.065087 0.000000 0.000000 1.000000 0.000000
0.984955 -0.172809 0.000000 281.873408 0.172809 0.984955 0.000000 19.409253 0.000000 0.000000 1.000000 0.000000
0.984717 -0.174164 0.000000 283.839570 0.174164 0.984717 0.000000 19.766714 0.000000 0.000000 1.000000 0.000000
0.984688 -0.174328 0.000000 285.781477 0.174328 0.984688 0.000000 20.125597 0.000000 0.000000 1.000000 0.000000
0.984770 -0.173864 0.000000 287.725610 0.173864 0.984770 0.000000 20.470154 0.000000 0.000000 1.000000 0.000000
0.984623 -0.174691 0.000000 289.675564 0.174691 0.984623 0.000000 20.799773 0.000000 0.000000 1.000000 0.000000
0.984606 -0.174787 0.000000 291.658601 0.174787 0.984606 0.000000 21.132578 0.000000 0.000000 1.000000 0.000000
0.984721 -0.174139 0.000000 293.665784 0.174139 0.984721 0.000000 21.467048 0.000000 0.000000 1.000000 0.000000
0.984875 -0.173268 0.000000 295.617562 0.173268 0.984875 0.000000 21.772554 0.000000 0.000000 1.000000 0.000000
0.985230 -0.171235 0.000000 297.640828 0.171235 0.985230 0.000000 22.067675 0.000000 0.000000 1.000000 0.000000
0.985343 -0.170586 0.000000 299.707676 0.170586 0.985343 0.000000 22.389126 0.000000 0.000000 1.000000 0.000000
0.985618 -0.168992 0.000000 301.818924 0.168992 0.985618 0.000000 22.729071 0.000000 0.000000 1.000000 0.000000
0.986086 -0.166236 0.000000 303.925155 0.166236 0.986086 0.000000 23.045836 0.000000 0.000000 1.000000 0.000000
0.986424 -0.164219 0.000000 305.949277 0.164219 0.986424 0.000000 23.357257 0.000000 0.000000 1.000000 0.000000
0.986559 -0.163408 0.000000 308.008163 0.163408 0.986559 0.000000 23.662883 0.000000 0.000000 1.000000 0.000000
0.986847 -0.161658 0.000000 310.045596 0.161658 0.986847 0.000000 23.965824 0.000000 0.000000 1.000000 0.000000
0.986882 -0.161441 0.000000 312.094730 0.161441 0.986882 0.000000 24.283110 0.000000 0.000000 1.000000 0.000000
0.986918 -0.161225 0.000000 314.150750 0.161225 0.986918 0.000000 24.592409 0.000000 0.000000 1.000000 0.000000
0.986927 -0.161167 0.000000 316.212507 0.161167 0.986927 0.000000 24.916139 0.000000 0.000000 1.000000 0.000000
0.987054 -0.160391 0.000000 318.293568 0.160391 0.987054 0.000000 25.245490 0.000000 0.000000 1.000000 0.000000
0.986793 -0.161986 0.000000 320.350271 0.161986 0.986793 0.000000 25.548728 0.000000 0.000000 1.000000 0.000000
0.986661 -0.162786 0.000000 322.379171 0.162786 0.986661 0.000000 25.859752 0.000000 0.000000 1.000000 0.000000
0.986993 -0.160762 0.000000 324.439181 0.160762 0.986993 0.000000 26.176583 0.000000 0.000000 1.000000 0.000000
0.987226 -0.159325 0.000000 326.519409 0.159325 0.987226 0.000000 26.492297 0.000000 0.000000 1.000000 0.000000
0.987355 -0.158524 0.000000 328.554231 0.158524 0.987355 0.000000 26.800779 0.000000 0.000000 1.000000 0.000000
0.987200 -0.159486 0.000000 330.580323 0.159486 0.987200 0.000000 27.102305 0.000000 0.000000 1.000000 0.000000
0.987414 -0.158156 0.000000 332.612030 0.158156 0.987414 0.000000 27.419709 0.000000 0.000000 1.000000 0.000000
0.987224 -0.159340 0.000000 334.592748 0.159340 0.987224 0.000000 27.747323 0.000000 0.000000 1.000000 0.000000
0.986981 -0.160837 0.000000 336.684507 0.160837 0.986981 0.000000 28.086901 0.000000 0.000000 1.000000 0.000000
0.986741 -0.162300 0.000000 338.765684 0.162300 0.986741 0.000000 28.412192 0.000000 0.000000 1.000000 0.000000
0.986356 -0.164626 0.000000 340.811621 0.164626 0.986356 0.000000 28.728156 0.000000 0.000000 1.000000 0.000000
0.986025 -0.166598 0.000000 342.915149 0.166598 0.986025 0.000000 29.062316 0.000000 0.000000 1.000000 0.000000
0.986059 -0.166393 0.000000 345.009094 0.166393 0.986059 0.000000 29.386167 0.000000 0.000000 1.000000 0.000000
0.986345 -0.164693 0.000000 347.112724 0.164693 0.986345 0.000000 29.709571 0.000000 0.000000 1.000000 0.000000
0.986785 -0.162036 0.000000 349.180485 0.162036 0.986785 0.000000 30.035461 0.000000 0.000000 1.000000 0.000000
0.988127 -0.153639 0.000000 351.247027 0.153639 0.988127 0.000000 30.299807 0.000000 0.000000 1.000000 0.000000
0.989409 -0.145156 0.000000 353.347969 0.145156 0.989409 0.000000 30.599583 0.000000 0.000000 1.000000 0.000000
0.991238 -0.132090 0.000000 355.386181 0.132090 0.991238 0.000000 30.873310 0.000000 0.000000 1.000000 0.000000
0.993020 -0.117948 0.000000 357.464629 0.117948 0.993020 0.000000 31.112223 0.000000 0.000000 1.000000 0.000000
0.994472 -0.105004 0.000000 359.602498 0.105004 0.994472 0.000000 31.251082 0.000000 0.000000 1.000000 0.000000
0.995837 -0.091157 0.000000 361.831479 0.091157 0.995837 0.000000 31.401552 0.000000 0.000000 1.000000 0.000000
0.996618 -0.082177 0.000000 363.986327 0.082177 0.996618 0.000000 31.528941 0.000000 0.000000 1.000000 0.000000
0.997293 -0.073528 0.000000 366.109249 0.073528 0.997293 0.000000 31.654560 0.000000 0.000000 1.000000 0.000000
0.997651 -0.068506 0.000000 368.255533 0.068506 0.997651 0.000000 31.791305 0.000000 0.000000 1.000000 0.000000
0.997884 -0.065016 0.000000 370.391870 0.065016 0.997884 0.000000 31.936020 0.000000 0.000000 1.000000 0.000000
0.997945 -0.064073 0.000000 372.570199 0.064073 0.997945 0.000000 32.079507 0.000000 0.000000 1.000000 0.000000
0.997834 -0.065776 0.000000 374.735622 0.065776 0.997834 0.000000 32.230032 0.000000 0.000000 1.000000 0.000000
0.997684 -0.068024 0.000000 376.910623 0.068024 0.997684 0.000000 32.381835 0.000000 0.000000 1.000000 0.000000
0.997327 -0.073067 0.000000 379.081974 0.073067 0.997327 0.000000 32.555228 0.000000 0.000000 1.000000 0.000000
0.996954 -0.077986 0.000000 381.237490 0.077986 0.996954 0.000000 32.768931 0.000000 0.000000 1.000000 0.000000
0.996438 -0.084324 0.000000 383.359891 0.084324 0.996438 0.000000 32.935575 0.000000 0.000000 1.000000 0.000000
0.995936 -0.090063 0.000000 385.532871 0.090063 0.995936 0.000000 33.149875 0.000000 0.000000 1.000000 0.000000
0.995434 -0.095451 0.000000 387.647532 0.095451 0.995434 0.000000 33.336159 0.000000 0.000000 1.000000 0.000000
0.995109 -0.098780 0.000000 389.748235 0.098780 0.995109 0.000000 33.570990 0.000000 0.000000 1.000000 0.000000
0.994752 -0.102311 0.000000 391.854637 0.102311 0.994752 0.000000 33.796202 0.000000 0.000000 1.000000 0.000000
0.994269 -0.106908 0.000000 393.922328 0.106908 0.994269 0.000000 34.012524 0.000000 0.000000 1.000000 0.000000
0.993932 -0.109998 0.000000 396.032462 0.109998 0.993932 0.000000 34.251320 0.000000 0.000000 1.000000 0.000000
0.993622 -0.112759 0.000000 398.120418 0.112759 0.993622 0.000000 34.461012 0.000000 0.000000 1.000000 0.000000
0.993382 -0.114861 0.000000 400.220829 0.114861 0.993382 0.000000 34.739881 0.000000 0.000000 1.000000 0.000000
0.993117 -0.117127 0.000000 402.285743 0.117127 0.993117 0.000000 35.006677 0.000000 0.000000 1.000000 0.000000
0.992849 -0.119380 0.000000 404.342906 0.119380 0.992849 0.000000 35.257838 0.000000 0.000000 1.000000 0.000000
0.992825 -0.119572 0.000000 406.377740 0.119572 0.992825 0.000000 35.494811 0.000000 0.000000 1.000000 0.000000
0.992631 -0.121173 0.000000 408.396409 0.121173 0.992631 0.000000 35.729996 0.000000 0.000000 1.000000 0.000000
0.992490 -0.122328 0.000000 410.427456 0.122328 0.992490 0.000000 36.010087 0.000000 0.000000 1.000000 0.000000
0.992448 -0.122664 0.000000 412.481892 0.122664 0.992448 0.000000 36.248919 0.000000 0.000000 1.000000 0.000000
0.992305 -0.123814 0.000000 414.580638 0.123814 0.992305 0.000000 36.452516 0.000000 0.000000 1.000000 0.000000
0.992169 -0.124905 0.000000 416.604893 0.124905 0.992169 0.000000 36.687462 0.000000 0.000000 1.000000 0.000000
0.991975 -0.126437 0.000000 418.673271 0.126437 0.991975 0.000000 36.927669 0.000000 0.000000 1.000000 0.000000
0.991771 -0.128028 0.000000 420.663640 0.128028 0.991771 0.000000 37.157632 0.000000 0.000000 1.000000 0.000000
