1.000000 -0.000054 0.000000 0.001796 0.000054 1.000000 0.000000 -0.000842 0.000000 0.000000 1.000000 0.000000
1.000000 -0.000212 0.000000 0.003349 0.000212 1.000000 0.000000 -0.002446 0.000000 0.000000 1.000000 0.000000
1.000000 -0.000377 0.000000 0.005695 0.000377 1.000000 0.000000 -0.002748 0.000000 0.000000 1.000000 0.000000
1.000000 -0.000456 0.000000 0.007872 0.000456 1.000000 0.000000 -0.003534 0.000000 0.000000 1.000000 0.000000
1.000000 -0.000490 0.000000 0.009535 0.000490 1.000000 0.000000 -0.003344 0.000000 0.000000 1.000000 0.000000
1.000000 -0.000532 0.000000 0.012485 0.000532 1.000000 0.000000 -0.003268 0.000000 0.000000 1.000000 0.000000
1.000000 -0.000561 0.000000 0.015255 0.000561 1.000000 0.000000 -0.002854 0.000000 0.000000 1.000000 0.000000
1.000000 -0.000590 0.000000 0.017825 0.000590 1.000000 0.000000 -0.002458 0.000000 0.000000 1.000000 0.000000
1.000000 -0.000629 0.000000 0.019131 0.000629 1.000000 0.000000 -0.001868 0.000000 0.000000 1.000000 0.000000
1.000000 -0.000653 0.000000 0.021947 0.000653 1.000000 0.000000 -0.002144 0.000000 0.000000 1.000000 0.000000
1.000000 -0.000660 0.000000 0.024220 0.000660 1.000000 0.000000 -0.001682 0.000000 0.000000 1.000000 0.000000
1.000000 -0.000746 0.000000 0.025615 0.000746 1.000000 0.000000 -0.003170 0.000000 0.000000 1.000000 0.000000
1.000000 -0.000824 0.000000 0.028849 0.000824 1.000000 0.000000 -0.003766 0.000000 0.000000 1.000000 0.000000
1.000000 -0.000914 0.000000 0.031369 0.000914 1.000000 0.000000 -0.004976 0.000000 0.000000 1.000000 0.000000
1.000000 -0.000986 0.000000 0.033903 0.000986 1.000000 0.000000 -0.006162 0.000000 0.000000 1.000000 0.000000
0.999999 -0.001013 0.000000 0.036291 0.001013 0.999999 0.000000 -0.006544 0.000000 0.000000 1.000000 0.000000
0.999999 -0.001048 0.000000 0.038971 0.001048 0.999999 0.000000 -0.007072 0.000000 0.000000 1.000000 0.000000
0.999999 -0.001078 0.000000 0.041425 0.001078 0.999999 0.000000 -0.007901 0.000000 0.000000 1.000000 0.000000
0.999999 -0.001108 0.000000 0.044108 0.001108 0.999999 0.000000 -0.008135 0.000000 0.000000 1.000000 0.000000
0.999999 -0.001152 0.000000 0.047899 0.001152 0.999999 0.000000 -0.008312 0.000000 0.000000 1.000000 0.000000
0.999999 -0.001190 0.000000 0.050617 0.001190 0.999999 0.000000 -0.008637 0.000000 0.000000 1.000000 0.000000
0.999999 -0.001223 0.000000 0.052412 0.001223 0.999999 0.000000 -0.008571 0.000000 0.000000 1.000000 0.000000
0.999999 -0.001264 0.000000 0.055544 0.001264 0.999999 0.000000 -0.009601 0.000000 0.000000 1.000000 0.000000
0.999999 -0.001284 0.000000 0.057845 0.001284 0.999999 0.000000 -0.009738 0.000000 0.000000 1.000000 0.000000
0.999999 -0.001336 0.000000 0.060488 0.001336 0.999999 0.000000 -0.010484 0.000000 0.000000 1.000000 0.000000
0.999999 -0.001372 0.000000 0.063028 0.001372 0.999999 0.000000 -0.010891 0.000000 0.000000 1.000000 0.000000
0.999999 -0.001436 0.000000 0.064479 0.001436 0.999999 0.000000 -0.012190 0.000000 0.000000 1.000000 0.000000
0.999999 -0.001454 0.000000 0.066499 0.001454 0.999999 0.000000 -0.012797 0.000000 0.000000 1.000000 0.000000
0.999999 -0.001516 0.000000 0.068567 0.001516 0.999999 0.000000 -0.013912 0.000000 0.000000 1.000000 0.000000
0.999999 -0.001513 0.000000 0.068066 0.001513 0.999999 0.000000 -0.015337 0.000000 0.000000 1.000000 0.000000
0.999999 -0.001544 0.000000 0.069759 0.001544 0.999999 0.000000 -0.014831 0.000000 0.000000 1.000000 0.000000
0.999999 -0.001542 0.000000 0.070455 0.001542 0.999999 0.000000 -0.015285 0.000000 0.000000 1.000000 0.000000
0.999999 -0.001545 0.000000 0.071939 0.001545 0.999999 0.000000 -0.015564 0.000000 0.000000 1.000000 0.000000
0.999999 -0.001576 0.000000 0.071776 0.001576 0.999999 0.000000 -0.016711 0.000000 0.000000 1.000000 0.000000
0.999999 -0.001511 0.000000 0.068103 0.001511 0.999999 0.000000 -0.015150 0.000000 0.000000 1.000000 0.000000
0.999999 -0.001518 0.000000 0.067240 0.001518 0.999999 0.000000 -0.015392 0.000000 0.000000 1.000000 0.000000
0.999999 -0.001536 0.000000 0.066034 0.001536 0.999999 0.000000 -0.016153 0.000000 0.000000 1.000000 0.000000
0.999999 -0.001592 0.000000 0.065831 0.001592 0.999999 0.000000 -0.018289 0.000000 0.000000 1.000000 0.000000
0.999999 -0.001668 0.000000 0.066404 0.001668 0.999999 0.000000 -0.020445 0.000000 0.000000 1.000000 0.000000
0.999999 -0.001717 0.000000 0.067555 0.001717 0.999999 0.000000 -0.021626 0.000000 0.000000 1.000000 0.000000
0.999999 -0.001691 0.000000 0.067560 0.001691 0.999999 0.000000 -0.021149 0.000000 0.000000 1.000000 0.000000
0.999998 -0.001739 0.000000 0.068160 0.001739 0.999998 0.000000 -0.022865 0.000000 0.000000 1.000000 0.000000
0.999999 -0.001626 0.000000 0.070037 0.001626 0.999999 0.000000 -0.026188 0.000000 0.000000 1.000000 0.000000
0.999999 -0.001680 0.000000 0.071291 0.001680 0.999999 0.000000 -0.027803 0.000000 0.000000 1.000000 0.000000
0.999999 -0.001725 0.000000 0.071802 0.001725 0.999999 0.000000 -0.028452 0.000000 0.000000 1.000000 0.000000
0.999998 -0.001744 0.000000 0.073464 0.001744 0.999998 0.000000 -0.029414 0.000000 0.000000 1.000000 0.000000
0.999998 -0.001767 0.000000 0.073758 0.001767 0.999998 0.000000 -0.029964 0.000000 0.000000 1.000000 0.000000
0.999998 -0.001838 0.000000 0.074166 0.001838 0.999998 0.000000 -0.029918 0.000000 0.000000 1.000000 0.000000
0.999998 -0.001856 0.000000 0.074379 0.001856 0.999998 0.000000 -0.030389 0.000000 0.000000 1.000000 0.000000
0.999998 -0.001893 0.000000 0.076094 0.001893 0.999998 0.000000 -0.030982 0.000000 0.000000 1.000000 0.000000
0.999998 -0.001930 0.000000 0.076955 0.001930 0.999998 0.000000 -0.031026 0.000000 0.000000 1.000000 0.000000
0.999998 -0.001964 0.000000 0.079510 0.001964 0.999998 0.000000 -0.031860 0.000000 0.000000 1.000000 0.000000
0.999998 -0.001996 0.000000 0.080997 0.001996 0.999998 0.000000 -0.031982 0.000000 0.000000 1.000000 0.000000
0.999998 -0.002025 0.000000 0.083371 0.002025 0.999998 0.000000 -0.031924 0.000000 0.000000 1.000000 0.000000
0.999998 -0.002079 0.000000 0.089300 0.002079 0.999998 0.000000 -0.032076 0.000000 0.000000 1.000000 0.000000
0.999998 -0.002157 0.000000 0.092454 0.002157 0.999998 0.000000 -0.031847 0.000000 0.000000 1.000000 0.000000
0.999997 -0.002269 0.000000 0.099060 0.002269 0.999997 0.000000 -0.032888 0.000000 0.000000 1.000000 0.000000
0.999997 -0.002325 0.000000 0.104704 0.002325 0.999997 0.000000 -0.032928 0.000000 0.000000 1.000000 0.000000
0.999997 -0.002346 0.000000 0.107708 0.002346 0.999997 0.000000 -0.032681 0.000000 0.000000 1.000000 0.000000
0.999997 -0.002376 0.000000 0.110886 0.002376 0.999997 0.000000 -0.031929 0.000000 0.000000 1.000000 0.000000
0.999997 -0.002424 0.000000 0.114342 0.002424 0.999997 0.000000 -0.031889 0.000000 0.000000 1.000000 0.000000
0.999997 -0.002430 0.000000 0.116403 0.002430 0.999997 0.000000 -0.030861 0.000000 0.000000 1.000000 0.000000
0.999997 -0.002428 0.000000 0.120768 0.002428 0.999997 0.000000 -0.031206 0.000000 0.000000 1.000000 0.000000
0.999997 -0.002420 0.000000 0.122159 0.002420 0.999997 0.000000 -0.030799 0.000000 0.000000 1.000000 0.000000
0.999997 -0.002372 0.000000 0.123584 0.002372 0.999997 0.000000 -0.029483 0.000000 0.000000 1.000000 0.000000
0.999997 -0.002307 0.000000 0.123443 0.002307 0.999997 0.000000 -0.029002 0.000000 0.000000 1.000000 0.000000
0.999998 -0.002208 0.000000 0.121774 0.002208 0.999998 0.000000 -0.027638 0.000000 0.000000 1.000000 0.000000
0.999998 -0.002192 0.000000 0.122039 0.002192 0.999998 0.000000 -0.027226 0.000000 0.000000 1.000000 0.000000
0.999998 -0.002198 0.000000 0.123368 0.002198 0.999998 0.000000 -0.026980 0.000000 0.000000 1.000000 0.000000
0.999998 -0.002221 0.000000 0.124226 0.002221 0.999998 0.000000 -0.026918 0.000000 0.000000 1.000000 0.000000
0.999998 -0.002229 0.000000 0.124358 0.002229 0.999998 0.000000 -0.026215 0.000000 0.000000 1.000000 0.000000
0.999998 -0.002180 0.000000 0.124669 0.002180 0.999998 0.000000 -0.026229 0.000000 0.000000 1.000000 0.000000
0.999998 -0.002182 0.000000 0.127650 0.002182 0.999998 0.000000 -0.026227 0.000000 0.000000 1.000000 0.000000
0.999998 -0.002134 0.000000 0.125969 0.002134 0.999998 0.000000 -0.024398 0.000000 0.000000 1.000000 0.000000
0.999998 -0.002023 0.000000 0.126846 0.002023 0.999998 0.000000 -0.023457 0.000000 0.000000 1.000000 0.000000
0.999998 -0.001904 0.000000 0.126753 0.001904 0.999998 0.000000 -0.024483 0.000000 0.000000 1.000000 0.000000
0.999998 -0.001918 0.000000 0.125761 0.001918 0.999998 0.000000 -0.023164 0.000000 0.000000 1.000000 0.000000
0.999998 -0.001892 0.000000 0.125051 0.001892 0.999998 0.000000 -0.020743 0.000000 0.000000 1.000000 0.000000
0.999998 -0.001840 0.000000 0.122799 0.001840 0.999998 0.000000 -0.019509 0.000000 0.000000 1.000000 0.000000
0.999998 -0.001797 0.000000 0.123212 0.001797 0.999998 0.000000 -0.018074 0.000000 0.000000 1.000000 0.000000
0.999998 -0.001777 0.000000 0.123821 0.001777 0.999998 0.000000 -0.016811 0.000000 0.000000 1.000000 0.000000
0.999999 -0.001695 0.000000 0.122129 0.001695 0.999999 0.000000 -0.015987 0.000000 0.000000 1.000000 0.000000
0.999998 -0.001736 0.000000 0.122094 0.001736 0.999998 0.000000 -0.014382 0.000000 0.000000 1.000000 0.000000
0.999999 -0.001703 0.000000 0.121910 0.001703 0.999999 0.000000 -0.013455 0.000000 0.000000 1.000000 0.000000
0.999999 -0.001699 0.000000 0.121770 0.001699 0.999999 0.000000 -0.012060 0.000000 0.000000 1.000000 0.000000
0.999999 -0.001685 0.000000 0.122438 0.001685 0.999999 0.000000 -0.011188 0.000000 0.000000 1.000000 0.000000
0.999999 -0.001646 0.000000 0.123660 0.001646 0.999999 0.000000 -0.008599 0.000000 0.000000 1.000000 0.000000
0.999999 -0.001634 0.000000 0.125713 0.001634 0.999999 0.000000 -0.005982 0.000000 0.000000 1.000000 0.000000
0.999999 -0.001540 0.000000 0.125288 0.001540 0.999999 0.000000 -0.003490 0.000000 0.000000 1.000000 0.000000
0.999999 -0.001445 0.000000 0.124732 0.001445 0.999999 0.000000 -0.001541 0.000000 0.000000 1.000000 0.000000
0.999999 -0.001347 0.000000 0.118811 0.001347 0.999999 0.000000 0.000470 0.000000 0.000000 1.000000 0.000000
0.999999 -0.001206 0.000000 0.115043 0.001206 0.999999 0.000000 0.003613 0.000000 0.000000 1.000000 0.000000
0.999999 -0.001111 0.000000 0.111107 0.001111 0.999999 0.000000 0.005087 0.000000 0.000000 1.000000 0.000000
0.999999 -0.001222 0.000000 0.107955 0.001222 0.999999 0.000000 0.005874 0.000000 0.000000 1.000000 0.000000
0.999999 -0.001235 0.000000 0.106471 0.001235 0.999999 0.000000 0.008379 0.000000 0.000000 1.000000 0.000000
0.999999 -0.001286 0.000000 0.104682 0.001286 0.999999 0.000000 0.009683 0.000000 0.000000 1.000000 0.000000
0.999999 -0.001273 0.000000 0.102986 0.001273 0.999999 0.000000 0.012298 0.000000 0.000000 1.000000 0.000000
0.999999 -0.001377 0.000000 0.099987 0.001377 0.999999 0.000000 0.017233 0.000000 0.000000 1.000000 0.000000
0.999999 -0.001367 0.000000 0.096836 0.001367 0.999999 0.000000 0.018753 0.000000 0.000000 1.000000 0.000000
0.999999 -0.001332 0.000000 0.093491 0.001332 0.999999 0.000000 0.019544 0.000000 0.000000 1.000000 0.000000
0.999999 -0.001411 0.000000 0.087805 0.001411 0.999999 0.000000 0.020678 0.000000 0.000000 1.000000 0.000000
0.999999 -0.001394 0.000000 0.083772 0.001394 0.999999 0.000000 0.022140 0.000000 0.000000 1.000000 0.000000
0.999999 -0.001446 0.000000 0.081164 0.001446 0.999999 0.000000 0.023192 0.000000 0.000000 1.000000 0.000000
0.999999 -0.001538 0.000000 0.079055 0.001538 0.999999 0.000000 0.024849 0.000000 0.000000 1.000000 0.000000
0.999999 -0.001561 0.000000 0.078546 0.001561 0.999999 0.000000 0.026596 0.000000 0.000000 1.000000 0.000000
0.999999 -0.001623 0.000000 0.074102 0.001623 0.999999 0.000000 0.028408 0.000000 0.000000 1.000000 0.000000
0.999999 -0.001725 0.000000 0.069354 0.001725 0.999999 0.000000 0.027286 0.000000 0.000000 1.000000 0.000000
0.999999 -0.001661 0.000000 0.067618 0.001661 0.999999 0.000000 0.027686 0.000000 0.000000 1.000000 0.000000
0.999999 -0.001722 0.000000 0.066960 0.001722 0.999999 0.000000 0.028366 0.000000 0.000000 1.000000 0.000000
0.999998 -0.002147 0.000000 0.078301 0.002147 0.999998 0.000000 0.026552 0.000000 0.000000 1.000000 0.000000
0.999994 -0.003331 0.000000 0.150636 0.003331 0.999994 0.000000 0.050789 0.000000 0.000000 1.000000 0.000000
0.999978 -0.006574 0.000000 0.245977 0.006574 0.999978 0.000000 0.083080 0.000000 0.000000 1.000000 0.000000
0.999935 -0.011428 0.000000 0.438399 0.011428 0.999935 0.000000 0.103099 0.000000 0.000000 1.000000 0.000000
0.999812 -0.019368 0.000000 0.664697 0.019368 0.999812 0.000000 0.100278 0.000000 0.000000 1.000000 0.000000
0.999499 -0.031640 0.000000 0.933588 0.031640 0.999499 0.000000 0.134581 0.000000 0.000000 1.000000 0.000000
0.998914 -0.046593 0.000000 1.276024 0.046593 0.998914 0.000000 0.161631 0.000000 0.000000 1.000000 0.000000
0.997919 -0.064476 0.000000 1.644955 0.064476 0.997919 0.000000 0.158188 0.000000 0.000000 1.000000 0.000000
0.996532 -0.083215 0.000000 2.073446 0.083215 0.996532 0.000000 0.242438 0.000000 0.000000 1.000000 0.000000
0.994383 -0.105837 0.000000 2.599069 0.105837 0.994383 0.000000 0.328680 0.000000 0.000000 1.000000 0.000000
0.991400 -0.130870 0.000000 3.180255 0.130870 0.991400 0.000000 0.413388 0.000000 0.000000 1.000000 0.000000
0.987742 -0.156097 0.000000 3.809375 0.156097 0.987742 0.000000 0.496783 0.000000 0.000000 1.000000 0.000000
0.984252 -0.176771 0.000000 4.450400 0.176771 0.984252 0.000000 0.627309 0.000000 0.000000 1.000000 0.000000
0.982591 -0.185782 0.000000 5.179379 0.185782 0.982591 0.000000 0.740341 0.000000 0.000000 1.000000 0.000000
0.982429 -0.186636 0.000000 5.984951 0.186636 0.982429 0.000000 0.892506 0.000000 0.000000 1.000000 0.000000
0.983254 -0.182241 0.000000 6.880437 0.182241 0.983254 0.000000 1.029003 0.000000 0.000000 1.000000 0.000000
0.984703 -0.174242 0.000000 7.847018 0.174242 0.984703 0.000000 1.182203 0.000000 0.000000 1.000000 0.000000
0.986299 -0.164967 0.000000 8.939651 0.164967 0.986299 0.000000 1.375570 0.000000 0.000000 1.000000 0.000000
0.988347 -0.152219 0.000000 10.051776 0.152219 0.988347 0.000000 1.532651 0.000000 0.000000 1.000000 0.000000
0.990412 -0.138144 0.000000 11.252202 0.138144 0.990412 0.000000 1.666034 0.000000 0.000000 1.000000 0.000000
0.992460 -0.122565 0.000000 12.499125 0.122565 0.992460 0.000000 1.772062 0.000000 0.000000 1.000000 0.000000
0.994347 -0.106178 0.000000 13.813140 0.106178 0.994347 0.000000 1.879327 0.000000 0.000000 1.000000 0.000000
0.996219 -0.086873 0.000000 15.116115 0.086873 0.996219 0.000000 1.955259 0.000000 0.000000 1.000000 0.000000
0.997721 -0.067479 0.000000 16.521634 0.067479 0.997721 0.000000 2.047025 0.000000 0.000000 1.000000 0.000000
0.998682 -0.051318 0.000000 17.823057 0.051318 0.998682 0.000000 2.055123 0.000000 0.000000 1.000000 0.000000
0.999205 -0.039873 0.000000 19.164979 0.039873 0.999205 0.000000 2.037195 0.000000 0.000000 1.000000 0.000000
0.999437 -0.033560 0.000000 20.579432 0.033560 0.999437 0.000000 2.050065 0.000000 0.000000 1.000000 0.000000
0.999559 -0.029700 0.000000 21.957454 0.029700 0.999559 0.000000 2.116739 0.000000 0.000000 1.000000 0.000000
0.999668 -0.025763 0.000000 23.294336 0.025763 0.999668 0.000000 2.147800 0.000000 0.000000 1.000000 0.000000
0.999747 -0.022473 0.000000 24.694290 0.022473 0.999747 0.000000 2.187310 0.000000 0.000000 1.000000 0.000000
0.999788 -0.020572 0.000000 26.131087 0.020572 0.999788 0.000000 2.217157 0.000000 0.000000 1.000000 0.000000
0.999858 -0.016843 0.000000 27.534384 0.016843 0.999858 0.000000 2.220188 0.000000 0.000000 1.000000 0.000000
0.999915 -0.013035 0.000000 28.980848 0.013035 0.999915 0.000000 2.216096 0.000000 0.000000 1.000000 0.000000
0.999951 -0.009851 0.000000 30.396072 0.009851 0.999951 0.000000 2.208324 0.000000 0.000000 1.000000 0.000000
0.999973 -0.007343 0.000000 31.910628 0.007343 0.999973 0.000000 2.233058 0.000000 0.000000 1.000000 0.000000
0.999977 -0.006813 0.000000 33.428378 0.006813 0.999977 0.000000 2.224507 0.000000 0.000000 1.000000 0.000000
0.999980 -0.006274 0.000000 34.949239 0.006274 0.999980 0.000000 2.236701 0.000000 0.000000 1.000000 0.000000
0.999985 -0.005473 0.000000 36.538546 0.005473 0.999985 0.000000 2.251615 0.000000 0.000000 1.000000 0.000000
0.999989 -0.004640 0.000000 38.139510 0.004640 0.999989 0.000000 2.260452 0.000000 0.000000 1.000000 0.000000
0.999983 -0.005828 0.000000 39.716642 0.005828 0.999983 0.000000 2.262802 0.000000 0.000000 1.000000 0.000000
0.999981 -0.006180 0.000000 41.379683 0.006180 0.999981 0.000000 2.271922 0.000000 0.000000 1.000000 0.000000
0.999980 -0.006365 0.000000 43.065697 0.006365 0.999980 0.000000 2.309151 0.000000 0.000000 1.000000 0.000000
0.999979 -0.006466 0.000000 44.725044 0.006466 0.999979 0.000000 2.327849 0.000000 0.000000 1.000000 0.000000
0.999965 -0.008321 0.000000 46.505140 0.008321 0.999965 0.000000 2.353918 0.000000 0.000000 1.000000 0.000000
0.999939 -0.011055 0.000000 48.292601 0.011055 0.999939 0.000000 2.396159 0.000000 0.000000 1.000000 0.000000
0.999918 -0.012835 0.000000 50.038987 0.012835 0.999918 0.000000 2.426472 0.000000 0.000000 1.000000 0.000000
0.999889 -0.014873 0.000000 51.814175 0.014873 0.999889 0.000000 2.439335 0.000000 0.000000 1.000000 0.000000
0.999821 -0.018896 0.000000 53.628871 0.018896 0.999821 0.000000 2.509595 0.000000 0.000000 1.000000 0.000000
0.999787 -0.020661 0.000000 55.430398 0.020661 0.999787 0.000000 2.570411 0.000000 0.000000 1.000000 0.000000
0.999774 -0.021246 0.000000 57.209791 0.021246 0.999774 0.000000 2.592653 0.000000 0.000000 1.000000 0.000000
0.999761 -0.021855 0.000000 58.974922 0.021855 0.999761 0.000000 2.655480 0.000000 0.000000 1.000000 0.000000
0.999793 -0.020349 0.000000 60.770042 0.020349 0.999793 0.000000 2.701635 0.000000 0.000000 1.000000 0.000000
0.999814 -0.019307 0.000000 62.622296 0.019307 0.999814 0.000000 2.734164 0.000000 0.000000 1.000000 0.000000
0.999850 -0.017295 0.000000 64.446019 0.017295 0.999850 0.000000 2.757080 0.000000 0.000000 1.000000 0.000000
0.999845 -0.017580 0.000000 66.278232 0.017580 0.999845 0.000000 2.786179 0.000000 0.000000 1.000000 0.000000
0.999854 -0.017088 0.000000 68.148095 0.017088 0.999854 0.000000 2.809741 0.000000 0.000000 1.000000 0.000000
0.999830 -0.018417 0.000000 70.033756 0.018417 0.999830 0.000000 2.818762 0.000000 0.000000 1.000000 0.000000
0.999818 -0.019055 0.000000 71.920822 0.019055 0.999818 0.000000 2.813736 0.000000 0.000000 1.000000 0.000000
0.999807 -0.019642 0.000000 73.812795 0.019642 0.999807 0.000000 2.818675 0.000000 0.000000 1.000000 0.000000
0.999783 -0.020829 0.000000 75.655316 0.020829 0.999783 0.000000 2.870827 0.000000 0.000000 1.000000 0.000000
0.999762 -0.021837 0.000000 77.544686 0.021837 0.999762 0.000000 2.892119 0.000000 0.000000 1.000000 0.000000
0.999724 -0.023484 0.000000 79.416795 0.023484 0.999724 0.000000 2.921008 0.000000 0.000000 1.000000 0.000000
0.999690 -0.024918 0.000000 81.278444 0.024918 0.999690 0.000000 2.967164 0.000000 0.000000 1.000000 0.000000
0.999666 -0.025855 0.000000 83.147210 0.025855 0.999666 0.000000 3.008251 0.000000 0.000000 1.000000 0.000000
0.999657 -0.026179 0.000000 85.028220 0.026179 0.999657 0.000000 3.037612 0.000000 0.000000 1.000000 0.000000
0.999701 -0.024448 0.000000 86.835399 0.024448 0.999701 0.000000 3.080750 0.000000 0.000000 1.000000 0.000000
0.999670 -0.025705 0.000000 88.664328 0.025705 0.999670 0.000000 3.088466 0.000000 0.000000 1.000000 0.000000
0.999652 -0.026379 0.000000 90.489302 0.026379 0.999652 0.000000 3.123534 0.000000 0.000000 1.000000 0.000000
0.999598 -0.028352 0.000000 92.269228 0.028352 0.999598 0.000000 3.114288 0.000000 0.000000 1.000000 0.000000
0.999526 -0.030797 0.000000 94.093050 0.030797 0.999526 0.000000 3.124189 0.000000 0.000000 1.000000 0.000000
0.999457 -0.032953 0.000000 95.843085 0.032953 0.999457 0.000000 3.166603 0.000000 0.000000 1.000000 0.000000
0.999300 -0.037406 0.000000 97.595496 0.037406 0.999300 0.000000 3.202083 0.000000 0.000000 1.000000 0.000000
0.999125 -0.041817 0.000000 99.324645 0.041817 0.999125 0.000000 3.266802 0.000000 0.000000 1.000000 0.000000
0.998851 -0.047919 0.000000 101.026599 0.047919 0.998851 0.000000 3.314447 0.000000 0.000000 1.000000 0.000000
0.998576 -0.053344 0.000000 102.741789 0.053344 0.998576 0.000000 3.376857 0.000000 0.000000 1.000000 0.000000
0.998313 -0.058061 0.000000 104.486202 0.058061 0.998313 0.000000 3.457817 0.000000 0.000000 1.000000 0.000000
0.997927 -0.064353 0.000000 106.144543 0.064353 0.997927 0.000000 3.517704 0.000000 0.000000 1.000000 0.000000
0.997432 -0.071615 0.000000 107.822913 0.071615 0.997432 0.000000 3.602852 0.000000 0.000000 1.000000 0.000000
0.997002 -0.077380 0.000000 109.523169 0.077380 0.997002 0.000000 3.734264 0.000000 0.000000 1.000000 0.000000
0.996639 -0.081918 0.000000 111.158856 0.081918 0.996639 0.000000 3.853816 0.000000 0.000000 1.000000 0.000000
0.996312 -0.085809 0.000000 112.853715 0.085809 0.996312 0.000000 3.997853 0.000000 0.000000 1.000000 0.000000
0.995986 -0.089512 0.000000 114.450679 0.089512 0.995986 0.000000 4.147052 0.000000 0.000000 1.000000 0.000000
0.995645 -0.093222 0.000000 116.000181 0.093222 0.995645 0.000000 4.273745 0.000000 0.000000 1.000000 0.000000
0.995265 -0.097196 0.000000 117.537062 0.097196 0.995265 0.000000 4.444982 0.000000 0.000000 1.000000 0.000000
0.994854 -0.101320 0.000000 119.071619 0.101320 0.994854 0.000000 4.650161 0.000000 0.000000 1.000000 0.000000
0.994687 -0.102941 0.000000 120.541382 0.102941 0.994687 0.000000 4.784742 0.000000 0.000000 1.000000 0.000000
0.994620 -0.103593 0.000000 122.090999 0.103593 0.994620 0.000000 4.936011 0.000000 0.000000 1.000000 0.000000
0.994522 -0.104528 0.000000 123.610404 0.104528 0.994522 0.000000 5.106536 0.000000 0.000000 1.000000 0.000000
0.994939 -0.100481 0.000000 125.048179 0.100481 0.994939 0.000000 5.239519 0.000000 0.000000 1.000000 0.000000
0.995372 -0.096096 0.000000 126.501580 0.096096 0.995372 0.000000 5.393673 0.000000 0.000000 1.000000 0.000000
0.995790 -0.091662 0.000000 128.019299 0.091662 0.995790 0.000000 5.497264 0.000000 0.000000 1.000000 0.000000
0.996173 -0.087400 0.000000 129.513629 0.087400 0.996173 0.000000 5.624708 0.000000 0.000000 1.000000 0.000000
0.996526 -0.083288 0.000000 130.932405 0.083288 0.996526 0.000000 5.721243 0.000000 0.000000 1.000000 0.000000
0.996984 -0.077610 0.000000 132.373651 0.077610 0.996984 0.000000 5.834125 0.000000 0.000000 1.000000 0.000000
0.997407 -0.071966 0.000000 133.826493 0.071966 0.997407 0.000000 5.920753 0.000000 0.000000 1.000000 0.000000
0.997817 -0.066042 0.000000 135.268663 0.066042 0.997817 0.000000 6.028473 0.000000 0.000000 1.000000 0.000000
0.998137 -0.061015 0.000000 136.697688 0.061015 0.998137 0.000000 6.127068 0.000000 0.000000 1.000000 0.000000
0.998327 -0.057823 0.000000 138.180184 0.057823 0.998327 0.000000 6.205190 0.000000 0.000000 1.000000 0.000000
0.998418 -0.056226 0.000000 139.685755 0.056226 0.998418 0.000000 6.304368 0.000000 0.000000 1.000000 0.000000
0.998492 -0.054903 0.000000 141.135121 0.054903 0.998492 0.000000 6.400468 0.000000 0.000000 1.000000 0.000000
0.998503 -0.054695 0.000000 142.532250 0.054695 0.998503 0.000000 6.488287 0.000000 0.000000 1.000000 0.000000
0.998427 -0.056064 0.000000 144.076492 0.056064 0.998427 0.000000 6.571046 0.000000 0.000000 1.000000 0.000000
0.998277 -0.058676 0.000000 145.609916 0.058676 0.998277 0.000000 6.670803 0.000000 0.000000 1.000000 0.000000
0.998195 -0.060049 0.000000 147.151017 0.060049 0.998195 0.000000 6.758906 0.000000 0.000000 1.000000 0.000000
0.998193 -0.060087 0.000000 148.601153 0.060087 0.998193 0.000000 6.896234 0.000000 0.000000 1.000000 0.000000
0.998218 -0.059681 0.000000 150.005363 0.059681 0.998218 0.000000 6.983359 0.000000 0.000000 1.000000 0.000000
0.998052 -0.062380 0.000000 151.419082 0.062380 0.998052 0.000000 7.037306 0.000000 0.000000 1.000000 0.000000
0.997947 -0.064047 0.000000 152.850889 0.064047 0.997947 0.000000 7.127916 0.000000 0.000000 1.000000 0.000000
0.997884 -0.065014 0.000000 154.245294 0.065014 0.997884 0.000000 7.193595 0.000000 0.000000 1.000000 0.000000
0.997802 -0.066272 0.000000 155.785548 0.066272 0.997802 0.000000 7.295563 0.000000 0.000000 1.000000 0.000000
0.997819 -0.066008 0.000000 157.207240 0.066008 0.997819 0.000000 7.392164 0.000000 0.000000 1.000000 0.000000
0.997828 -0.065868 0.000000 158.643214 0.065868 0.997828 0.000000 7.495785 0.000000 0.000000 1.000000 0.000000
0.997823 -0.065943 0.000000 160.148034 0.065943 0.997823 0.000000 7.581240 0.000000 0.000000 1.000000 0.000000
0.997788 -0.066484 0.000000 161.720079 0.066484 0.997788 0.000000 7.676246 0.000000 0.000000 1.000000 0.000000
0.997744 -0.067139 0.000000 163.282986 0.067139 0.997744 0.000000 7.771846 0.000000 0.000000 1.000000 0.000000
0.997594 -0.069327 0.000000 164.863982 0.069327 0.997594 0.000000 7.904085 0.000000 0.000000 1.000000 0.000000
0.997556 -0.069873 0.000000 166.469835 0.069873 0.997556 0.000000 8.007461 0.000000 0.000000 1.000000 0.000000
0.997501 -0.070647 0.000000 168.140571 0.070647 0.997501 0.000000 8.121236 0.000000 0.000000 1.000000 0.000000
0.997392 -0.072172 0.000000 169.812252 0.072172 0.997392 0.000000 8.228115 0.000000 0.000000 1.000000 0.000000
0.997272 -0.073813 0.000000 171.464926 0.073813 0.997272 0.000000 8.337587 0.000000 0.000000 1.000000 0.000000
0.997125 -0.075769 0.000000 173.173711 0.075769 0.997125 0.000000 8.450627 0.000000 0.000000 1.000000 0.000000
0.997020 -0.077144 0.000000 174.837498 0.077144 0.997020 0.000000 8.541398 0.000000 0.000000 1.000000 0.000000
0.996892 -0.078778 0.000000 176.654181 0.078778 0.996892 0.000000 8.667605 0.000000 0.000000 1.000000 0.000000
0.996802 -0.079909 0.000000 178.388488 0.079909 0.996802 0.000000 8.798177 0.000000 0.000000 1.000000 0.000000
0.996763 -0.080390 0.000000 180.115096 0.080390 0.996763 0.000000 8.913615 0.000000 0.000000 1.000000 0.000000
0.996686 -0.081342 0.000000 181.891994 0.081342 0.996686 0.000000 9.024771 0.000000 0.000000 1.000000 0.000000
0.996589 -0.082520 0.000000 183.677675 0.082520 0.996589 0.000000 9.155265 0.000000 0.000000 1.000000 0.000000
0.996478 -0.083859 0.000000 185.476774 0.083859 0.996478 0.000000 9.264333 0.000000 0.000000 1.000000 0.000000
0.996389 -0.084910 0.000000 187.268337 0.084910 0.996389 0.000000 9.409950 0.000000 0.000000 1.000000 0.000000
0.996412 -0.084631 0.000000 189.042566 0.084631 0.996412 0.000000 9.549815 0.000000 0.000000 1.000000 0.000000
0.996299 -0.085950 0.000000 190.792786 0.085950 0.996299 0.000000 9.679155 0.000000 0.000000 1.000000 0.000000
0.996303 -0.085904 0.000000 192.552757 0.085904 0.996303 0.000000 9.799994 0.000000 0.000000 1.000000 0.000000
0.996377 -0.085051 0.000000 194.301155 0.085051 0.996377 0.000000 9.923699 0.000000 0.000000 1.000000 0.000000
0.996355 -0.085298 0.000000 196.087638 0.085298 0.996355 0.000000 10.064563 0.000000 0.000000 1.000000 0.000000
0.996319 -0.085721 0.000000 197.844837 0.085721 0.996319 0.000000 10.194907 0.000000 0.000000 1.000000 0.000000
0.996258 -0.086427 0.000000 199.621974 0.086427 0.996258 0.000000 10.337566 0.000000 0.000000 1.000000 0.000000
0.996172 -0.087415 0.000000 201.310591 0.087415 0.996172 0.000000 10.467561 0.000000 0.000000 1.000000 0.000000
0.996103 -0.088199 0.000000 202.923054 0.088199 0.996103 0.000000 10.584582 0.000000 0.000000 1.000000 0.000000
0.996033 -0.088988 0.000000 204.528860 0.088988 0.996033 0.000000 10.719736 0.000000 0.000000 1.000000 0.000000
0.995914 -0.090310 0.000000 206.049292 0.090310 0.995914 0.000000 10.857379 0.000000 0.000000 1.000000 0.000000
0.995727 -0.092342 0.000000 207.585781 0.092342 0.995727 0.000000 10.999442 0.000000 0.000000 1.000000 0.000000
0.995560 -0.094133 0.000000 209.092919 0.094133 0.995560 0.000000 11.147315 0.000000 0.000000 1.000000 0.000000
0.995460 -0.095178 0.000000 210.555713 0.095178 0.995460 0.000000 11.281937 0.000000 0.000000 1.000000 0.000000
0.995316 -0.096675 0.000000 212.117224 0.096675 0.995316 0.000000 11.429235 0.000000 0.000000 1.000000 0.000000
0.995371 -0.096110 0.000000 213.580294 0.096110 0.995371 0.000000 11.581894 0.000000 0.000000 1.000000 0.000000
0.995484 -0.094930 0.000000 215.066370 0.094930 0.995484 0.000000 11.716143 0.000000 0.000000 1.000000 0.000000
0.995756 -0.092038 0.000000 216.589285 0.092038 0.995756 0.000000 11.867400 0.000000 0.000000 1.000000 0.000000
0.996116 -0.088047 0.000000 218.129621 0.088047 0.996116 0.000000 12.017248 0.000000 0.000000 1.000000 0.000000
0.996433 -0.084393 0.000000 219.752624 0.084393 0.996433 0.000000 12.163551 0.000000 0.000000 1.000000 0.000000
0.996908 -0.078573 0.000000 221.395578 0.078573 0.996908 0.000000 12.282621 0.000000 0.000000 1.000000 0.000000
0.997308 -0.073330 0.000000 223.056496 0.073330 0.997308 0.000000 12.393522 0.000000 0.000000 1.000000 0.000000
0.997430 -0.071653 0.000000 224.735328 0.071653 0.997430 0.000000 12.494021 0.000000 0.000000 1.000000 0.000000
0.997328 -0.073060 0.000000 226.497723 0.073060 0.997328 0.000000 12.627612 0.000000 0.000000 1.000000 0.000000
0.996653 -0.081747 0.000000 228.226337 0.081747 0.996653 0.000000 12.759040 0.000000 0.000000 1.000000 0.000000
0.995256 -0.097294 0.000000 229.945222 0.097294 0.995256 0.000000 12.890147 0.000000 0.000000 1.000000 0.000000
0.993391 -0.114779 0.000000 231.659582 0.114779 0.993391 0.000000 13.059503 0.000000 0.000000 1.000000 0.000000
0.991320 -0.131470 0.000000 233.395811 0.131470 0.991320 0.000000 13.270775 0.000000 0.000000 1.000000 0.000000
0.989277 -0.146054 0.000000 235.148705 0.146054 0.989277 0.000000 13.502773 0.000000 0.000000 1.000000 0.000000
0.987449 -0.157938 0.000000 236.959746 0.157938 0.987449 0.000000 13.837668 0.000000 0.000000 1.000000 0.000000
0.986161 -0.165793 0.000000 238.713469 0.165793 0.986161 0.000000 14.102130 0.000000 0.000000 1.000000 0.000000
0.985462 -0.169896 0.000000 240.522389 0.169896 0.985462 0.000000 14.398411 0.000000 0.000000 1.000000 0.000000
0.985038 -0.172337 0.000000 242.182449 0.172337 0.985038 0.000000 14.674436 0.000000 0.000000 1.000000 0.000000
0.984334 -0.176314 0.000000 243.860519 0.176314 0.984334 0.000000 14.976166 0.000000 0.000000 1.000000 0.000000
0.983903 -0.178706 0.000000 245.633829 0.178706 0.983903 0.000000 15.261799 0.000000 0.000000 1.000000 0.000000
0.983404 -0.181427 0.000000 247.403852 0.181427 0.983404 0.000000 15.551785 0.000000 0.000000 1.000000 0.000000
0.983031 -0.183440 0.000000 249.189249 0.183440 0.983031 0.000000 15.846411 0.000000 0.000000 1.000000 0.000000
0.983083 -0.183160 0.000000 250.994876 0.183160 0.983083 0.000000 16.163093 0.000000 0.000000 1.000000 0.000000
0.983454 -0.181160 0.000000 252.838443 0.181160 0.983454 0.000000 16.509696 0.000000 0.000000 1.000000 0.000000
0.983621 -0.180251 0.000000 254.641105 0.180251 0.983621 0.000000 16.809587 0.000000 0.000000 1.000000 0.000000
0.984031 -0.177998 0.000000 256.490854 0.177998 0.984031 0.000000 17.134833 0.000000 0.000000 1.000000 0.000000
0.984221 -0.176942 0.000000 258.346211 0.176942 0.984221 0.000000 17.445961 0.000000 0.000000 1.000000 0.000000
0.984248 -0.176795 0.000000 260.276035 0.176795 0.984248 0.000000 17.761395 0.000000 0.000000 1.000000 0.000000
0.984096 -0.177635 0.000000 262.214736 0.177635 0.984096 0.000000 18.071605 0.000000 0.000000 1.000000 0.000000
0.984183 -0.177153 0.000000 264.157324 0.177153 0.984183 0.000000 18.404971 0.000000 0.000000 1.000000 0.000000
0.984265 -0.176697 0.000000 266.095464 0.176697 0.984265 0.000000 18.741731 0.000000 0.000000 1.000000 0.000000
0.984150 -0.177337 0.000000 268.106529 0.177337 0.984150 0.000000 19.103900 0.000000 0.000000 1.000000 0.000000
0.984188 -0.177126 0.000000 270.047721 0.177126 0.984188 0.000000 19.449527 0.000000 0.000000 1.000000 0.000000
0.984360 -0.176168 0.000000 272.012633 0.176168 0.984360 0.000000 19.794363 0.000000 0.000000 1.000000 0.000000
0.984558 -0.175060 0.000000 273.899495 0.175060 0.984558 0.000000 20.121515 0.000000 0.000000 1.000000 0.000000
0.984662 -0.174474 0.000000 275.794232 0.174474 0.984662 0.000000 20.443869 0.000000 0.000000 1.000000 0.000000
0.984323 -0.176374 0.000000 277.737028 0.176374 0.984323 0.000000 20.745234 0.000000 0.000000 1.000000 0.000000
0.984122 -0.177492 0.000000 279.643004 0.177492 0.984122 0.000000 21.047238 0.000000 0.000000 1.000000 0.000000
0.984049 -0.177898 0.000000 281.562756 0.177898 0.984049 0.000000 21.382649 0.000000 0.000000 1.000000 0.000000
0.983904 -0.178695 0.000000 283.515513 0.178695 0.983904 0.000000 21.704580 0.000000 0.000000 1.000000 0.000000
0.983599 -0.180368 0.000000 285.455444 0.180368 0.983599 0.000000 22.020750 0.000000 0.000000 1.000000 0.000000
0.983415 -0.181369 0.000000 287.391217 0.181369 0.983415 0.000000 22.353475 0.000000 0.000000 1.000000 0.000000
0.983405 -0.181424 0.000000 289.351813 0.181424 0.983405 0.000000 22.684960 0.000000 0.000000 1.000000 0.000000
0.983508 -0.180867 0.000000 291.345041 0.180867 0.983508 0.000000 23.014230 0.000000 0.000000 1.000000 0.000000
0.983486 -0.180982 0.000000 293.370865 0.180982 0.983486 0.000000 23.342505 0.000000 0.000000 1.000000 0.000000
0.983626 -0.180223 0.000000 295.411112 0.180223 0.983626 0.000000 23.672095 0.000000 0.000000 1.000000 0.000000
0.983696 -0.179838 0.000000 297.427266 0.179838 0.983696 0.000000 24.004022 0.000000 0.000000 1.000000 0.000000
0.983825 -0.179134 0.000000 299.471366 0.179134 0.983825 0.000000 24.352023 0.000000 0.000000 1.000000 0.000000
0.984197 -0.177075 0.000000 301.513648 0.177075 0.984197 0.000000 24.677604 0.000000 0.000000 1.000000 0.000000
0.984480 -0.175496 0.000000 303.608566 0.175496 0.984480 0.000000 25.032056 0.000000 0.000000 1.000000 0.000000
0.984737 -0.174050 0.000000 305.643590 0.174050 0.984737 0.000000 25.360483 0.000000 0.000000 1.000000 0.000000
0.985014 -0.172472 0.000000 307.732221 0.172472 0.985014 0.000000 25.696154 0.000000 0.000000 1.000000 0.000000
0.985395 -0.170285 0.000000 309.832060 0.170285 0.985395 0.000000 26.018255 0.000000 0.000000 1.000000 0.000000
0.985430 -0.170082 0.000000 311.915798 0.170082 0.985430 0.000000 26.336976 0.000000 0.000000 1.000000 0.000000
0.985774 -0.168074 0.000000 313.990168 0.168074 0.985774 0.000000 26.648595 0.000000 0.000000 1.000000 0.000000
0.985979 -0.166868 0.000000 316.061921 0.166868 0.985979 0.000000 26.948994 0.000000 0.000000 1.000000 0.000000
0.986092 -0.166199 0.000000 318.158408 0.166199 0.986092 0.000000 27.246228 0.000000 0.000000 1.000000 0.000000
0.986165 -0.165764 0.000000 320.231813 0.165764 0.986165 0.000000 27.557218 0.000000 0.000000 1.000000 0.000000
0.986420 -0.164241 0.000000 322.330223 0.164241 0.986420 0.000000 27.881020 0.000000 0.000000 1.000000 0.000000
0.986391 -0.164416 0.000000 324.419983 0.164416 0.986391 0.000000 28.184326 0.000000 0.000000 1.000000 0.000000
0.986310 -0.164903 0.000000 326.499578 0.164903 0.986310 0.000000 28.510206 0.000000 0.000000 1.000000 0.000000
0.986743 -0.162292 0.000000 328.587450 0.162292 0.986743 0.000000 28.822364 0.000000 0.000000 1.000000 0.000000
0.987083 -0.160209 0.000000 330.701087 0.160209 0.987083 0.000000 29.150346 0.000000 0.000000 1.000000 0.000000
0.987259 -0.159123 0.000000 332.763819 0.159123 0.987259 0.000000 29.477207 0.000000 0.000000 1.000000 0.000000
0.987053 -0.160392 0.000000 334.837413 0.160392 0.987053 0.000000 29.791374 0.000000 0.000000 1.000000 0.000000
0.987182 -0.159596 0.000000 336.913530 0.159596 0.987182 0.000000 30.126188 0.000000 0.000000 1.000000 0.000000
0.987092 -0.160152 0.000000 338.975783 0.160152 0.987092 0.000000 30.458518 0.000000 0.000000 1.000000 0.000000
0.987077 -0.160247 0.000000 341.035244 0.160247 0.987077 0.000000 30.761476 0.000000 0.000000 1.000000 0.000000
0.986949 -0.161036 0.000000 343.164654 0.161036 0.986949 0.000000 31.100655 0.000000 0.000000 1.000000 0.000000
0.986841 -0.161692 0.000000 345.281995 0.161692 0.986841 0.000000 31.420319 0.000000 0.000000 1.000000 0.000000
0.986563 -0.163384 0.000000 347.365651 0.163384 0.986563 0.000000 31.735842 0.000000 0.000000 1.000000 0.000000
0.986645 -0.162888 0.000000 349.452692 0.162888 0.986645 0.000000 32.050891 0.000000 0.000000 1.000000 0.000000
0.986633 -0.162958 0.000000 351.534650 0.162958 0.986633 0.000000 32.359101 0.000000 0.000000 1.000000 0.000000
0.986959 -0.160973 0.000000 353.572597 0.160973 0.986959 0.000000 32.686057 0.000000 0.000000 1.000000 0.000000
0.988370 -0.152067 0.000000 355.643594 0.152067 0.988370 0.000000 32.929652 0.000000 0.000000 1.000000 0.000000
0.989412 -0.145133 0.000000 357.756542 0.145133 0.989412 0.000000 33.215679 0.000000 0.000000 1.000000 0.000000
0.991213 -0.132275 0.000000 359.792028 0.132275 0.991213 0.000000 33.453074 0.000000 0.000000 1.000000 0.000000
0.992711 -0.120520 0.000000 361.898184 0.120520 0.992711 0.000000 33.688866 0.000000 0.000000 1.000000 0.000000
0.994019 -0.109204 0.000000 364.015384 0.109204 0.994019 0.000000 33.855910 0.000000 0.000000 1.000000 0.000000
0.995611 -0.093587 0.000000 366.158235 0.093587 0.995611 0.000000 34.018301 0.000000 0.000000 1.000000 0.000000
0.996339 -0.085495 0.000000 368.288930 0.085495 0.996339 0.000000 34.141310 0.000000 0.000000 1.000000 0.000000
0.997062 -0.076597 0.000000 370.432147 0.076597 0.997062 0.000000 34.301637 0.000000 0.000000 1.000000 0.000000
0.997467 -0.071132 0.000000 372.561043 0.071132 0.997467 0.000000 34.434954 0.000000 0.000000 1.000000 0.000000
0.997700 -0.067788 0.000000 374.734561 0.067788 0.997700 0.000000 34.588125 0.000000 0.000000 1.000000 0.000000
0.997785 -0.066517 0.000000 376.900418 0.066517 0.997785 0.000000 34.729792 0.000000 0.000000 1.000000 0.000000
0.997701 -0.067771 0.000000 379.088366 0.067771 0.997701 0.000000 34.840487 0.000000 0.000000 1.000000 0.000000
0.997513 -0.070484 0.000000 381.271481 0.070484 0.997513 0.000000 34.958491 0.000000 0.000000 1.000000 0.000000
0.997157 -0.075345 0.000000 383.408327 0.075345 0.997157 0.000000 35.116546 0.000000 0.000000 1.000000 0.000000
0.996771 -0.080299 0.000000 385.560131 0.080299 0.996771 0.000000 35.276984 0.000000 0.000000 1.000000 0.000000
0.996109 -0.088135 0.000000 387.692302 0.088135 0.996109 0.000000 35.447081 0.000000 0.000000 1.000000 0.000000
0.995488 -0.094884 0.000000 389.906076 0.094884 0.995488 0.000000 35.627545 0.000000 0.000000 1.000000 0.000000
0.994923 -0.100642 0.000000 392.039942 0.100642 0.994923 0.000000 35.801867 0.000000 0.000000 1.000000 0.000000
0.994419 -0.105501 0.000000 394.172332 0.105501 0.994419 0.000000 36.038714 0.000000 0.000000 1.000000 0.000000
0.993972 -0.109634 0.000000 396.325443 0.109634 0.993972 0.000000 36.257065 0.000000 0.000000 1.000000 0.000000
0.993546 -0.113433 0.000000 398.417655 0.113433 0.993546 0.000000 36.476803 0.000000 0.000000 1.000000 0.000000
0.993228 -0.116178 0.000000 400.501952 0.116178 0.993228 0.000000 36.696334 0.000000 0.000000 1.000000 0.000000
0.992842 -0.119434 0.000000 402.612790 0.119434 0.992842 0.000000 36.923980 0.000000 0.000000 1.000000 0.000000
0.992519 -0.122089 0.000000 404.702257 0.122089 0.992519 0.000000 37.198174 0.000000 0.000000 1.000000 0.000000
0.992243 -0.124312 0.000000 406.758435 0.124312 0.992243 0.000000 37.460347 0.000000 0.000000 1.000000 0.000000
0.992000 -0.126236 0.000000 408.820271 0.126236 0.992000 0.000000 37.702629 0.000000 0.000000 1.000000 0.000000
0.991852 -0.127392 0.000000 410.903834 0.127392 0.991852 0.000000 37.977020 0.000000 0.000000 1.000000 0.000000
0.991739 -0.128271 0.000000 412.944172 0.128271 0.991739 0.000000 38.175533 0.000000 0.000000 1.000000 0.000000
0.991586 -0.129447 0.000000 414.998341 0.129447 0.991586 0.000000 38.451870 0.000000 0.000000 1.000000 0.000000
0.991392 -0.130923 0.000000 417.062216 0.130923 0.991392 0.000000 38.705647 0.000000 0.000000 1.000000 0.000000
0.991134 -0.132867 0.000000 419.177595 0.132867 0.991134 0.000000 38.901961 0.000000 0.000000 1.000000 0.000000
0.990985 -0.133971 0.000000 421.225044 0.133971 0.990985 0.000000 39.142445 0.000000 0.000000 1.000000 0.000000
0.990725 -0.135884 0.000000 423.272496 0.135884 0.990725 0.000000 39.411593 0.000000 0.000000 1.000000 0.000000
0.990412 -0.138147 0.000000 425.279331 0.138147 0.990412 0.000000 39.647537 0.000000 0.000000 1.000000 0.000000
