1.000000 -0.000051 0.000000 0.006366 0.000051 1.000000 0.000000 0.000403 0.000000 0.000000 1.000000 0.000000
1.000000 -0.000172 0.000000 0.009814 0.000172 1.000000 0.000000 0.000223 0.000000 0.000000 1.000000 0.000000
1.000000 -0.000339 0.000000 0.015465 0.000339 1.000000 0.000000 0.000897 0.000000 0.000000 1.000000 0.000000
1.000000 -0.000413 0.000000 0.020490 0.000413 1.000000 0.000000 -0.000164 0.000000 0.000000 1.000000 0.000000
1.000000 -0.000458 0.000000 0.024718 0.000458 1.000000 0.000000 0.000375 0.000000 0.000000 1.000000 0.000000
1.000000 -0.000504 0.000000 0.030163 0.000504 1.000000 0.000000 0.000155 0.000000 0.000000 1.000000 0.000000
1.000000 -0.000546 0.000000 0.035665 0.000546 1.000000 0.000000 0.000259 0.000000 0.000000 1.000000 0.000000
1.000000 -0.000609 0.000000 0.041674 0.000609 1.000000 0.000000 0.000216 0.000000 0.000000 1.000000 0.000000
1.000000 -0.000676 0.000000 0.045133 0.000676 1.000000 0.000000 0.000965 0.000000 0.000000 1.000000 0.000000
1.000000 -0.000718 0.000000 0.051015 0.000718 1.000000 0.000000 -0.000289 0.000000 0.000000 1.000000 0.000000
1.000000 -0.000745 0.000000 0.056010 0.000745 1.000000 0.000000 0.000089 0.000000 0.000000 1.000000 0.000000
1.000000 -0.000867 0.000000 0.061569 0.000867 1.000000 0.000000 -0.001275 0.000000 0.000000 1.000000 0.000000
1.000000 -0.000967 0.000000 0.068998 0.000967 1.000000 0.000000 -0.001682 0.000000 0.000000 1.000000 0.000000
0.999999 -0.001073 0.000000 0.074701 0.001073 0.999999 0.000000 -0.003031 0.000000 0.000000 1.000000 0.000000
0.999999 -0.001158 0.000000 0.079538 0.001158 0.999999 0.000000 -0.004799 0.000000 0.000000 1.000000 0.000000
0.999999 -0.001204 0.000000 0.084547 0.001204 0.999999 0.000000 -0.005375 0.000000 0.000000 1.000000 0.000000
0.999999 -0.001247 0.000000 0.089689 0.001247 0.999999 0.000000 -0.006078 0.000000 0.000000 1.000000 0.000000
0.999999 -0.001294 0.000000 0.094724 0.001294 0.999999 0.000000 -0.007548 0.000000 0.000000 1.000000 0.000000
0.999999 -0.001322 0.000000 0.100228 0.001322 0.999999 0.000000 -0.007492 0.000000 0.000000 1.000000 0.000000
0.999999 -0.001377 0.000000 0.107666 0.001377 0.999999 0.000000 -0.008033 0.000000 0.000000 1.000000 0.000000
0.999999 -0.001436 0.000000 0.113580 0.001436 0.999999 0.000000 -0.008729 0.000000 0.000000 1.000000 0.000000
0.999999 -0.001487 0.000000 0.118776 0.001487 0.999999 0.000000 -0.008993 0.000000 0.000000 1.000000 0.000000
0.999999 -0.001541 0.000000 0.124536 0.001541 0.999999 0.000000 -0.010949 0.000000 0.000000 1.000000 0.000000
0.999999 -0.001575 0.000000 0.129897 0.001575 0.999999 0.000000 -0.011474 0.000000 0.000000 1.000000 0.000000
0.999999 -0.001638 0.000000 0.135049 0.001638 0.999999 0.000000 -0.013066 0.000000 0.000000 1.000000 0.000000
0.999999 -0.001655 0.000000 0.139620 0.001655 0.999999 0.000000 -0.013791 0.000000 0.000000 1.000000 0.000000
0.999998 -0.001753 0.000000 0.143856 0.001753 0.999998 0.000000 -0.015579 0.000000 0.000000 1.000000 0.000000
0.999998 -0.001738 0.000000 0.148958 0.001738 0.999998 0.000000 -0.016789 0.000000 0.000000 1.000000 0.000000
0.999998 -0.001812 0.000000 0.154695 0.001812 0.999998 0.000000 -0.018322 0.000000 0.000000 1.000000 0.000000
0.999998 -0.001767 0.000000 0.155499 0.001767 0.999998 0.000000 -0.020685 0.000000 0.000000 1.000000 0.000000
0.999998 -0.001802 0.000000 0.160679 0.001802 0.999998 0.000000 -0.020837 0.000000 0.000000 1.000000 0.000000
0.999998 -0.001780 0.000000 0.163157 0.001780 0.999998 0.000000 -0.022101 0.000000 0.000000 1.000000 0.000000
0.999998 -0.001775 0.000000 0.167387 0.001775 0.999998 0.000000 -0.023321 0.000000 0.000000 1.000000 0.000000
0.999998 -0.001804 0.000000 0.168492 0.001804 0.999998 0.000000 -0.025122 0.000000 0.000000 1.000000 0.000000
0.999999 -0.001680 0.000000 0.167001 0.001680 0.999999 0.000000 -0.022959 0.000000 0.000000 1.000000 0.000000
0.999999 -0.001656 0.000000 0.167184 0.001656 0.999999 0.000000 -0.024302 0.000000 0.000000 1.000000 0.000000
0.999999 -0.001642 0.000000 0.167453 0.001642 0.999999 0.000000 -0.025845 0.000000 0.000000 1.000000 0.000000
0.999999 -0.001719 0.000000 0.168878 0.001719 0.999999 0.000000 -0.029272 0.000000 0.000000 1.000000 0.000000
0.999998 -0.001790 0.000000 0.172152 0.001790 0.999998 0.000000 -0.031903 0.000000 0.000000 1.000000 0.000000
0.999998 -0.001845 0.000000 0.176244 0.001845 0.999998 0.000000 -0.033680 0.000000 0.000000 1.000000 0.000000
0.999998 -0.001795 0.000000 0.178237 0.001795 0.999998 0.000000 -0.033416 0.000000 0.000000 1.000000 0.000000
0.999998 -0.001838 0.000000 0.179877 0.001838 0.999998 0.000000 -0.035233 0.000000 0.000000 1.000000 0.000000
0.999999 -0.001689 0.000000 0.183584 0.001689 0.999999 0.000000 -0.039583 0.000000 0.000000 1.000000 0.000000
0.999998 -0.001750 0.000000 0.187531 0.001750 0.999998 0.000000 -0.042725 0.000000 0.000000 1.000000 0.000000
0.999998 -0.001812 0.000000 0.189739 0.001812 0.999998 0.000000 -0.044524 0.000000 0.000000 1.000000 0.000000
0.999998 -0.001851 0.000000 0.193034 0.001851 0.999998 0.000000 -0.046386 0.000000 0.000000 1.000000 0.000000
0.999998 -0.001882 0.000000 0.195026 0.001882 0.999998 0.000000 -0.047838 0.000000 0.000000 1.000000 0.000000
0.999998 -0.001985 0.000000 0.197519 0.001985 0.999998 0.000000 -0.048824 0.000000 0.000000 1.000000 0.000000
0.999998 -0.002022 0.000000 0.199454 0.002022 0.999998 0.000000 -0.049821 0.000000 0.000000 1.000000 0.000000
0.999998 -0.002082 0.000000 0.204064 0.002082 0.999998 0.000000 -0.051102 0.000000 0.000000 1.000000 0.000000
0.999998 -0.002129 0.000000 0.206710 0.002129 0.999998 0.000000 -0.051622 0.000000 0.000000 1.000000 0.000000
0.999998 -0.002166 0.000000 0.213029 0.002166 0.999998 0.000000 -0.053219 0.000000 0.000000 1.000000 0.000000
0.999998 -0.002199 0.000000 0.216686 0.002199 0.999998 0.000000 -0.053571 0.000000 0.000000 1.000000 0.000000
0.999998 -0.002230 0.000000 0.222800 0.002230 0.999998 0.000000 -0.053433 0.000000 0.000000 1.000000 0.000000
0.999997 -0.002259 0.000000 0.228950 0.002259 0.999997 0.000000 -0.053565 0.000000 0.000000 1.000000 0.000000
0.999997 -0.002361 0.000000 0.235908 0.002361 0.999997 0.000000 -0.052817 0.000000 0.000000 1.000000 0.000000
0.999997 -0.002490 0.000000 0.246098 0.002490 0.999997 0.000000 -0.054251 0.000000 0.000000 1.000000 0.000000
0.999997 -0.002577 0.000000 0.255142 0.002577 0.999997 0.000000 -0.054834 0.000000 0.000000 1.000000 0.000000
0.999997 -0.002644 0.000000 0.262283 0.002644 0.999997 0.000000 -0.055341 0.000000 0.000000 1.000000 0.000000
0.999996 -0.002680 0.000000 0.268750 0.002680 0.999996 0.000000 -0.054617 0.000000 0.000000 1.000000 0.000000
0.999996 -0.002750 0.000000 0.275303 0.002750 0.999996 0.000000 -0.054651 0.000000 0.000000 1.000000 0.000000
0.999996 -0.002751 0.000000 0.279751 0.002751 0.999996 0.000000 -0.053456 0.000000 0.000000 1.000000 0.000000
0.999996 -0.002786 0.000000 0.288991 0.002786 0.999996 0.000000 -0.054225 0.000000 0.000000 1.000000 0.000000
0.999996 -0.002773 0.000000 0.293946 0.002773 0.999996 0.000000 -0.054061 0.000000 0.000000 1.000000 0.000000
0.999996 -0.002702 0.000000 0.298243 0.002702 0.999996 0.000000 -0.052726 0.000000 0.000000 1.000000 0.000000
0.999997 -0.002601 0.000000 0.298500 0.002601 0.999997 0.000000 -0.052193 0.000000 0.000000 1.000000 0.000000
0.999997 -0.002448 0.000000 0.297484 0.002448 0.999997 0.000000 -0.050896 0.000000 0.000000 1.000000 0.000000
0.999997 -0.002393 0.000000 0.298584 0.002393 0.999997 0.000000 -0.050406 0.000000 0.000000 1.000000 0.000000
0.999997 -0.002389 0.000000 0.302586 0.002389 0.999997 0.000000 -0.050715 0.000000 0.000000 1.000000 0.000000
0.999997 -0.002416 0.000000 0.305250 0.002416 0.999997 0.000000 -0.051049 0.000000 0.000000 1.000000 0.000000
0.999997 -0.002396 0.000000 0.305759 0.002396 0.999997 0.000000 -0.049970 0.000000 0.000000 1.000000 0.000000
0.999997 -0.002363 0.000000 0.307608 0.002363 0.999997 0.000000 -0.049895 0.000000 0.000000 1.000000 0.000000
0.999997 -0.002392 0.000000 0.313774 0.002392 0.999997 0.000000 -0.050574 0.000000 0.000000 1.000000 0.000000
0.999997 -0.002327 0.000000 0.312440 0.002327 0.999997 0.000000 -0.048413 0.000000 0.000000 1.000000 0.000000
0.999998 -0.002225 0.000000 0.315703 0.002225 0.999998 0.000000 -0.047047 0.000000 0.000000 1.000000 0.000000
0.999998 -0.002085 0.000000 0.319716 0.002085 0.999998 0.000000 -0.048203 0.000000 0.000000 1.000000 0.000000
0.999998 -0.002082 0.000000 0.321898 0.002082 0.999998 0.000000 -0.046793 0.000000 0.000000 1.000000 0.000000
0.999998 -0.002010 0.000000 0.322480 0.002010 0.999998 0.000000 -0.043589 0.000000 0.000000 1.000000 0.000000
0.999998 -0.001938 0.000000 0.321520 0.001938 0.999998 0.000000 -0.041814 0.000000 0.000000 1.000000 0.000000
0.999998 -0.001838 0.000000 0.321780 0.001838 0.999998 0.000000 -0.040637 0.000000 0.000000 1.000000 0.000000
0.999998 -0.001796 0.000000 0.323020 0.001796 0.999998 0.000000 -0.038863 0.000000 0.000000 1.000000 0.000000
0.999999 -0.001691 0.000000 0.324034 0.001691 0.999999 0.000000 -0.037384 0.000000 0.000000 1.000000 0.000000
0.999999 -0.001677 0.000000 0.325437 0.001677 0.999999 0.000000 -0.034911 0.000000 0.000000 1.000000 0.000000
0.999999 -0.001612 0.000000 0.327067 0.001612 0.999999 0.000000 -0.032722 0.000000 0.000000 1.000000 0.000000
0.999999 -0.001577 0.000000 0.329678 0.001577 0.999999 0.000000 -0.030251 0.000000 0.000000 1.000000 0.000000
0.999999 -0.001544 0.000000 0.332909 0.001544 0.999999 0.000000 -0.028492 0.000000 0.000000 1.000000 0.000000
0.999999 -0.001491 0.000000 0.338528 0.001491 0.999999 0.000000 -0.024183 0.000000 0.000000 1.000000 0.000000
0.999999 -0.001457 0.000000 0.346954 0.001457 0.999999 0.000000 -0.019899 0.000000 0.000000 1.000000 0.000000
0.999999 -0.001305 0.000000 0.349195 0.001305 0.999999 0.000000 -0.015501 0.000000 0.000000 1.000000 0.000000
0.999999 -0.001159 0.000000 0.348321 0.001159 0.999999 0.000000 -0.012583 0.000000 0.000000 1.000000 0.000000
0.999999 -0.001003 0.000000 0.343736 0.001003 0.999999 0.000000 -0.008914 0.000000 0.000000 1.000000 0.000000
1.000000 -0.000810 0.000000 0.341572 0.000810 1.000000 0.000000 -0.004088 0.000000 0.000000 1.000000 0.000000
1.000000 -0.000632 0.000000 0.339213 0.000632 1.000000 0.000000 -0.000860 0.000000 0.000000 1.000000 0.000000
1.000000 -0.000647 0.000000 0.338580 0.000647 1.000000 0.000000 0.001791 0.000000 0.000000 1.000000 0.000000
1.000000 -0.000612 0.000000 0.338958 0.000612 1.000000 0.000000 0.006031 0.000000 0.000000 1.000000 0.000000
1.000000 -0.000660 0.000000 0.340354 0.000660 1.000000 0.000000 0.008216 0.000000 0.000000 1.000000 0.000000
1.000000 -0.000657 0.000000 0.342820 0.000657 1.000000 0.000000 0.011300 0.000000 0.000000 1.000000 0.000000
1.000000 -0.000816 0.000000 0.341245 0.000816 1.000000 0.000000 0.017194 0.000000 0.000000 1.000000 0.000000
1.000000 -0.000742 0.000000 0.340191 0.000742 1.000000 0.000000 0.018410 0.000000 0.000000 1.000000 0.000000
1.000000 -0.000745 0.000000 0.338442 0.000745 1.000000 0.000000 0.018979 0.000000 0.000000 1.000000 0.000000
1.000000 -0.000812 0.000000 0.333309 0.000812 1.000000 0.000000 0.020612 0.000000 0.000000 1.000000 0.000000
1.000000 -0.000779 0.000000 0.331584 0.000779 1.000000 0.000000 0.022653 0.000000 0.000000 1.000000 0.000000
1.000000 -0.000753 0.000000 0.331090 0.000753 1.000000 0.000000 0.024441 0.000000 0.000000 1.000000 0.000000
1.000000 -0.000769 0.000000 0.330418 0.000769 1.000000 0.000000 0.026436 0.000000 0.000000 1.000000 0.000000
1.000000 -0.000793 0.000000 0.330440 0.000793 1.000000 0.000000 0.027602 0.000000 0.000000 1.000000 0.000000
1.000000 -0.000798 0.000000 0.326563 0.000798 1.000000 0.000000 0.029754 0.000000 0.000000 1.000000 0.000000
1.000000 -0.000846 0.000000 0.323060 0.000846 1.000000 0.000000 0.028491 0.000000 0.000000 1.000000 0.000000
1.000000 -0.000707 0.000000 0.323215 0.000707 1.000000 0.000000 0.029338 0.000000 0.000000 1.000000 0.000000
1.000000 -0.000706 0.000000 0.326089 0.000706 1.000000 0.000000 0.031163 0.000000 0.000000 1.000000 0.000000
0.999999 -0.001176 0.000000 0.356033 0.001176 0.999999 0.000000 0.033483 0.000000 0.000000 1.000000 0.000000
0.999997 -0.002508 0.000000 0.460756 0.002508 0.999997 0.000000 0.062138 0.000000 0.000000 1.000000 0.000000
0.999983 -0.005844 0.000000 0.588254 0.005844 0.999983 0.000000 0.095562 0.000000 0.000000 1.000000 0.000000
0.999941 -0.010861 0.000000 0.807107 0.010861 0.999941 0.000000 0.113019 0.000000 0.000000 1.000000 0.000000
0.999826 -0.018679 0.000000 1.064655 0.018679 0.999826 0.000000 0.114560 0.000000 0.000000 1.000000 0.000000
0.999522 -0.030910 0.000000 1.362379 0.030910 0.999522 0.000000 0.153523 0.000000 0.000000 1.000000 0.000000
0.998963 -0.045526 0.000000 1.724351 0.045526 0.998963 0.000000 0.183343 0.000000 0.000000 1.000000 0.000000
0.998046 -0.062483 0.000000 2.107687 0.062483 0.998046 0.000000 0.186737 0.000000 0.000000 1.000000 0.000000
0.996759 -0.080446 0.000000 2.561307 0.080446 0.996759 0.000000 0.276595 0.000000 0.000000 1.000000 0.000000
0.994703 -0.102792 0.000000 3.115894 0.102792 0.994703 0.000000 0.365409 0.000000 0.000000 1.000000 0.000000
0.991729 -0.128350 0.000000 3.708833 0.128350 0.991729 0.000000 0.440761 0.000000 0.000000 1.000000 0.000000
0.988170 -0.153365 0.000000 4.367389 0.153365 0.988170 0.000000 0.533820 0.000000 0.000000 1.000000 0.000000
0.984767 -0.173879 0.000000 5.024857 0.173879 0.984767 0.000000 0.661691 0.000000 0.000000 1.000000 0.000000
0.983133 -0.182894 0.000000 5.771987 0.182894 0.983133 0.000000 0.771091 0.000000 0.000000 1.000000 0.000000
0.982882 -0.184236 0.000000 6.588931 0.184236 0.982882 0.000000 0.927300 0.000000 0.000000 1.000000 0.000000
0.983658 -0.180048 0.000000 7.489981 0.180048 0.983658 0.000000 1.056925 0.000000 0.000000 1.000000 0.000000
0.985089 -0.172047 0.000000 8.470959 0.172047 0.985089 0.000000 1.198005 0.000000 0.000000 1.000000 0.000000
0.986483 -0.163862 0.000000 9.574674 0.163862 0.986483 0.000000 1.367643 0.000000 0.000000 1.000000 0.000000
0.988523 -0.151067 0.000000 10.675486 0.151067 0.988523 0.000000 1.517981 0.000000 0.000000 1.000000 0.000000
0.990529 -0.137302 0.000000 11.869331 0.137302 0.990529 0.000000 1.643255 0.000000 0.000000 1.000000 0.000000
0.992567 -0.121700 0.000000 13.094740 0.121700 0.992567 0.000000 1.738575 0.000000 0.000000 1.000000 0.000000
0.994357 -0.106083 0.000000 14.385686 0.106083 0.994357 0.000000 1.841933 0.000000 0.000000 1.000000 0.000000
0.996248 -0.086547 0.000000 15.665738 0.086547 0.996248 0.000000 1.897263 0.000000 0.000000 1.000000 0.000000
0.997745 -0.067125 0.000000 17.043203 0.067125 0.997745 0.000000 1.969358 0.000000 0.000000 1.000000 0.000000
0.998704 -0.050896 0.000000 18.319360 0.050896 0.998704 0.000000 1.974517 0.000000 0.000000 1.000000 0.000000
0.999232 -0.039175 0.000000 19.625867 0.039175 0.999232 0.000000 1.942812 0.000000 0.000000 1.000000 0.000000
0.999447 -0.033261 0.000000 21.014669 0.033261 0.999447 0.000000 1.956766 0.000000 0.000000 1.000000 0.000000
0.999559 -0.029695 0.000000 22.364056 0.029695 0.999559 0.000000 2.022558 0.000000 0.000000 1.000000 0.000000
0.999668 -0.025767 0.000000 23.686253 0.025767 0.999668 0.000000 2.052583 0.000000 0.000000 1.000000 0.000000
0.999748 -0.022453 0.000000 25.061900 0.022453 0.999748 0.000000 2.106046 0.000000 0.000000 1.000000 0.000000
0.999788 -0.020610 0.000000 26.479040 0.020610 0.999788 0.000000 2.138521 0.000000 0.000000 1.000000 0.000000
0.999855 -0.017036 0.000000 27.855914 0.017036 0.999855 0.000000 2.141886 0.000000 0.000000 1.000000 0.000000
0.999911 -0.013340 0.000000 29.277044 0.013340 0.999911 0.000000 2.138266 0.000000 0.000000 1.000000 0.000000
0.999948 -0.010228 0.000000 30.661872 0.010228 0.999948 0.000000 2.154120 0.000000 0.000000 1.000000 0.000000
0.999970 -0.007775 0.000000 32.161422 0.007775 0.999970 0.000000 2.178519 0.000000 0.000000 1.000000 0.000000
0.999974 -0.007255 0.000000 33.654551 0.007255 0.999974 0.000000 2.177471 0.000000 0.000000 1.000000 0.000000
0.999978 -0.006702 0.000000 35.152746 0.006702 0.999978 0.000000 2.196844 0.000000 0.000000 1.000000 0.000000
0.999982 -0.005930 0.000000 36.711239 0.005930 0.999982 0.000000 2.215703 0.000000 0.000000 1.000000 0.000000
0.999987 -0.005091 0.000000 38.282143 0.005091 0.999987 0.000000 2.230894 0.000000 0.000000 1.000000 0.000000
0.999980 -0.006257 0.000000 39.825674 0.006257 0.999980 0.000000 2.246989 0.000000 0.000000 1.000000 0.000000
0.999978 -0.006656 0.000000 41.461789 0.006656 0.999978 0.000000 2.269200 0.000000 0.000000 1.000000 0.000000
0.999978 -0.006643 0.000000 43.118292 0.006643 0.999978 0.000000 2.313746 0.000000 0.000000 1.000000 0.000000
0.999977 -0.006741 0.000000 44.757956 0.006741 0.999977 0.000000 2.338943 0.000000 0.000000 1.000000 0.000000
0.999963 -0.008604 0.000000 46.520751 0.008604 0.999963 0.000000 2.373481 0.000000 0.000000 1.000000 0.000000
0.999939 -0.011053 0.000000 48.285665 0.011053 0.999939 0.000000 2.421730 0.000000 0.000000 1.000000 0.000000
0.999909 -0.013487 0.000000 50.017071 0.013487 0.999909 0.000000 2.469644 0.000000 0.000000 1.000000 0.000000
0.999880 -0.015472 0.000000 51.771995 0.015472 0.999880 0.000000 2.496066 0.000000 0.000000 1.000000 0.000000
0.999810 -0.019491 0.000000 53.570270 0.019491 0.999810 0.000000 2.577200 0.000000 0.000000 1.000000 0.000000
0.999776 -0.021179 0.000000 55.343247 0.021179 0.999776 0.000000 2.645479 0.000000 0.000000 1.000000 0.000000
0.999765 -0.021675 0.000000 57.097865 0.021675 0.999765 0.000000 2.677654 0.000000 0.000000 1.000000 0.000000
0.999752 -0.022270 0.000000 58.842471 0.022270 0.999752 0.000000 2.749459 0.000000 0.000000 1.000000 0.000000
0.999787 -0.020648 0.000000 60.618404 0.020648 0.999787 0.000000 2.799619 0.000000 0.000000 1.000000 0.000000
0.999809 -0.019568 0.000000 62.457297 0.019568 0.999809 0.000000 2.841630 0.000000 0.000000 1.000000 0.000000
0.999843 -0.017741 0.000000 64.265528 0.017741 0.999843 0.000000 2.872153 0.000000 0.000000 1.000000 0.000000
0.999837 -0.018034 0.000000 66.080674 0.018034 0.999837 0.000000 2.910485 0.000000 0.000000 1.000000 0.000000
0.999849 -0.017375 0.000000 67.935586 0.017375 0.999849 0.000000 2.937558 0.000000 0.000000 1.000000 0.000000
0.999824 -0.018758 0.000000 69.809514 0.018758 0.999824 0.000000 2.959107 0.000000 0.000000 1.000000 0.000000
0.999808 -0.019576 0.000000 71.689711 0.019576 0.999808 0.000000 2.970601 0.000000 0.000000 1.000000 0.000000
0.999798 -0.020101 0.000000 73.572078 0.020101 0.999798 0.000000 2.987352 0.000000 0.000000 1.000000 0.000000
0.999778 -0.021090 0.000000 75.396750 0.021090 0.999778 0.000000 3.048836 0.000000 0.000000 1.000000 0.000000
0.999757 -0.022048 0.000000 77.275508 0.022048 0.999757 0.000000 3.082741 0.000000 0.000000 1.000000 0.000000
0.999719 -0.023708 0.000000 79.126584 0.023708 0.999719 0.000000 3.123770 0.000000 0.000000 1.000000 0.000000
0.999689 -0.024939 0.000000 80.964626 0.024939 0.999689 0.000000 3.179143 0.000000 0.000000 1.000000 0.000000
0.999670 -0.025687 0.000000 82.818721 0.025687 0.999670 0.000000 3.226416 0.000000 0.000000 1.000000 0.000000
0.999663 -0.025964 0.000000 84.683674 0.025964 0.999663 0.000000 3.264099 0.000000 0.000000 1.000000 0.000000
0.999706 -0.024255 0.000000 86.476205 0.024255 0.999706 0.000000 3.315958 0.000000 0.000000 1.000000 0.000000
0.999678 -0.025376 0.000000 88.290605 0.025376 0.999678 0.000000 3.334878 0.000000 0.000000 1.000000 0.000000
0.999665 -0.025884 0.000000 90.098353 0.025884 0.999665 0.000000 3.378421 0.000000 0.000000 1.000000 0.000000
0.999616 -0.027702 0.000000 91.861148 0.027702 0.999616 0.000000 3.378358 0.000000 0.000000 1.000000 0.000000
0.999553 -0.029895 0.000000 93.667222 0.029895 0.999553 0.000000 3.395353 0.000000 0.000000 1.000000 0.000000
0.999491 -0.031897 0.000000 95.399416 0.031897 0.999491 0.000000 3.442823 0.000000 0.000000 1.000000 0.000000
0.999333 -0.036527 0.000000 97.136192 0.036527 0.999333 0.000000 3.476441 0.000000 0.000000 1.000000 0.000000
0.999171 -0.040713 0.000000 98.841380 0.040713 0.999171 0.000000 3.547221 0.000000 0.000000 1.000000 0.000000
0.998906 -0.046755 0.000000 100.525535 0.046755 0.998906 0.000000 3.598293 0.000000 0.000000 1.000000 0.000000
0.998649 -0.051957 0.000000 102.220666 0.051957 0.998649 0.000000 3.669054 0.000000 0.000000 1.000000 0.000000
0.998410 -0.056365 0.000000 103.946280 0.056365 0.998410 0.000000 3.765642 0.000000 0.000000 1.000000 0.000000
0.998071 -0.062082 0.000000 105.582628 0.062082 0.998071 0.000000 3.842490 0.000000 0.000000 1.000000 0.000000
0.997609 -0.069106 0.000000 107.236699 0.069106 0.997609 0.000000 3.938868 0.000000 0.000000 1.000000 0.000000
0.997214 -0.074600 0.000000 108.926526 0.074600 0.997214 0.000000 4.075323 0.000000 0.000000 1.000000 0.000000
0.996805 -0.079874 0.000000 110.556123 0.079874 0.996805 0.000000 4.190585 0.000000 0.000000 1.000000 0.000000
0.996489 -0.083726 0.000000 112.237076 0.083726 0.996489 0.000000 4.332596 0.000000 0.000000 1.000000 0.000000
0.996205 -0.087040 0.000000 113.821645 0.087040 0.996205 0.000000 4.484816 0.000000 0.000000 1.000000 0.000000
0.995909 -0.090358 0.000000 115.361458 0.090358 0.995909 0.000000 4.610651 0.000000 0.000000 1.000000 0.000000
0.995583 -0.093882 0.000000 116.884878 0.093882 0.995583 0.000000 4.778558 0.000000 0.000000 1.000000 0.000000
0.995239 -0.097462 0.000000 118.408102 0.097462 0.995239 0.000000 4.981179 0.000000 0.000000 1.000000 0.000000
0.995119 -0.098685 0.000000 119.864008 0.098685 0.995119 0.000000 5.112120 0.000000 0.000000 1.000000 0.000000
0.995087 -0.099005 0.000000 121.390891 0.099005 0.995087 0.000000 5.256983 0.000000 0.000000 1.000000 0.000000
0.995068 -0.099197 0.000000 122.887577 0.099197 0.995068 0.000000 5.413085 0.000000 0.000000 1.000000 0.000000
0.995476 -0.095016 0.000000 124.306376 0.095016 0.995476 0.000000 5.532755 0.000000 0.000000 1.000000 0.000000
0.995894 -0.090531 0.000000 125.746518 0.090531 0.995894 0.000000 5.676106 0.000000 0.000000 1.000000 0.000000
0.996292 -0.086033 0.000000 127.248662 0.086033 0.996292 0.000000 5.768552 0.000000 0.000000 1.000000 0.000000
0.996666 -0.081594 0.000000 128.733635 0.081594 0.996666 0.000000 5.887307 0.000000 0.000000 1.000000 0.000000
0.997006 -0.077325 0.000000 130.151005 0.077325 0.997006 0.000000 5.976601 0.000000 0.000000 1.000000 0.000000
0.997475 -0.071017 0.000000 131.587587 0.071017 0.997475 0.000000 6.081932 0.000000 0.000000 1.000000 0.000000
0.997891 -0.064908 0.000000 133.031244 0.064908 0.997891 0.000000 6.156818 0.000000 0.000000 1.000000 0.000000
0.998238 -0.059333 0.000000 134.473003 0.059333 0.998238 0.000000 6.247972 0.000000 0.000000 1.000000 0.000000
0.998537 -0.054072 0.000000 135.895267 0.054072 0.998537 0.000000 6.342653 0.000000 0.000000 1.000000 0.000000
0.998738 -0.050232 0.000000 137.365828 0.050232 0.998738 0.000000 6.413298 0.000000 0.000000 1.000000 0.000000
0.998819 -0.048581 0.000000 138.855127 0.048581 0.998819 0.000000 6.506312 0.000000 0.000000 1.000000 0.000000
0.998832 -0.048319 0.000000 140.303362 0.048319 0.998832 0.000000 6.598617 0.000000 0.000000 1.000000 0.000000
0.998838 -0.048196 0.000000 141.737009 0.048196 0.998838 0.000000 6.694917 0.000000 0.000000 1.000000 0.000000
0.998780 -0.049378 0.000000 143.267750 0.049378 0.998780 0.000000 6.771259 0.000000 0.000000 1.000000 0.000000
0.998651 -0.051931 0.000000 144.789130 0.051931 0.998651 0.000000 6.869296 0.000000 0.000000 1.000000 0.000000
0.998584 -0.053189 0.000000 146.308816 0.053189 0.998584 0.000000 6.952217 0.000000 0.000000 1.000000 0.000000
0.998582 -0.053238 0.000000 147.758243 0.053238 0.998582 0.000000 7.071778 0.000000 0.000000 1.000000 0.000000
0.998588 -0.053124 0.000000 149.149398 0.053124 0.998588 0.000000 7.155001 0.000000 0.000000 1.000000 0.000000
0.998452 -0.055629 0.000000 150.546259 0.055629 0.998452 0.000000 7.205995 0.000000 0.000000 1.000000 0.000000
0.998367 -0.057129 0.000000 151.967678 0.057129 0.998367 0.000000 7.294330 0.000000 0.000000 1.000000 0.000000
0.998320 -0.057945 0.000000 153.339182 0.057945 0.998320 0.000000 7.353092 0.000000 0.000000 1.000000 0.000000
0.998248 -0.059168 0.000000 154.872078 0.059168 0.998248 0.000000 7.449691 0.000000 0.000000 1.000000 0.000000
0.998265 -0.058881 0.000000 156.282954 0.058881 0.998265 0.000000 7.539733 0.000000 0.000000 1.000000 0.000000
0.998271 -0.058779 0.000000 157.706954 0.058779 0.998271 0.000000 7.639452 0.000000 0.000000 1.000000 0.000000
0.998275 -0.058707 0.000000 159.189921 0.058707 0.998275 0.000000 7.721128 0.000000 0.000000 1.000000 0.000000
0.998259 -0.058980 0.000000 160.742264 0.058980 0.998259 0.000000 7.812715 0.000000 0.000000 1.000000 0.000000
0.998205 -0.059898 0.000000 162.282682 0.059898 0.998205 0.000000 7.901223 0.000000 0.000000 1.000000 0.000000
0.998055 -0.062343 0.000000 163.848970 0.062343 0.998055 0.000000 8.032408 0.000000 0.000000 1.000000 0.000000
0.998022 -0.062861 0.000000 165.435670 0.062861 0.998022 0.000000 8.135566 0.000000 0.000000 1.000000 0.000000
0.997980 -0.063527 0.000000 167.084163 0.063527 0.997980 0.000000 8.246342 0.000000 0.000000 1.000000 0.000000
0.997888 -0.064964 0.000000 168.726003 0.064964 0.997888 0.000000 8.349722 0.000000 0.000000 1.000000 0.000000
0.997787 -0.066496 0.000000 170.360177 0.066496 0.997787 0.000000 8.459843 0.000000 0.000000 1.000000 0.000000
0.997655 -0.068445 0.000000 172.051317 0.068445 0.997655 0.000000 8.569397 0.000000 0.000000 1.000000 0.000000
0.997565 -0.069745 0.000000 173.681054 0.069745 0.997565 0.000000 8.656028 0.000000 0.000000 1.000000 0.000000
0.997453 -0.071327 0.000000 175.490662 0.071327 0.997453 0.000000 8.780355 0.000000 0.000000 1.000000 0.000000
0.997392 -0.072174 0.000000 177.201143 0.072174 0.997392 0.000000 8.909505 0.000000 0.000000 1.000000 0.000000
0.997377 -0.072385 0.000000 178.905309 0.072385 0.997377 0.000000 9.024626 0.000000 0.000000 1.000000 0.000000
0.997326 -0.073084 0.000000 180.656054 0.073084 0.997326 0.000000 9.137544 0.000000 0.000000 1.000000 0.000000
0.997249 -0.074126 0.000000 182.416913 0.074126 0.997249 0.000000 9.268075 0.000000 0.000000 1.000000 0.000000
0.997147 -0.075481 0.000000 184.194962 0.075481 0.997147 0.000000 9.372150 0.000000 0.000000 1.000000 0.000000
0.997089 -0.076244 0.000000 185.964438 0.076244 0.997089 0.000000 9.516806 0.000000 0.000000 1.000000 0.000000
0.997122 -0.075813 0.000000 187.720850 0.075813 0.997122 0.000000 9.654732 0.000000 0.000000 1.000000 0.000000
0.997045 -0.076826 0.000000 189.452545 0.076826 0.997045 0.000000 9.780214 0.000000 0.000000 1.000000 0.000000
0.997065 -0.076556 0.000000 191.193636 0.076556 0.997065 0.000000 9.895245 0.000000 0.000000 1.000000 0.000000
0.997158 -0.075342 0.000000 192.926579 0.075342 0.997158 0.000000 10.012733 0.000000 0.000000 1.000000 0.000000
0.997153 -0.075409 0.000000 194.694203 0.075409 0.997153 0.000000 10.149334 0.000000 0.000000 1.000000 0.000000
0.997132 -0.075675 0.000000 196.437876 0.075675 0.997132 0.000000 10.276080 0.000000 0.000000 1.000000 0.000000
0.997098 -0.076134 0.000000 198.204225 0.076134 0.997098 0.000000 10.410806 0.000000 0.000000 1.000000 0.000000
0.997022 -0.077118 0.000000 199.875113 0.077118 0.997022 0.000000 10.534587 0.000000 0.000000 1.000000 0.000000
0.996973 -0.077753 0.000000 201.481452 0.077753 0.996973 0.000000 10.645551 0.000000 0.000000 1.000000 0.000000
0.996908 -0.078573 0.000000 203.078464 0.078573 0.996908 0.000000 10.772948 0.000000 0.000000 1.000000 0.000000
0.996805 -0.079874 0.000000 204.586382 0.079874 0.996805 0.000000 10.902109 0.000000 0.000000 1.000000 0.000000
0.996658 -0.081689 0.000000 206.114694 0.081689 0.996658 0.000000 11.034464 0.000000 0.000000 1.000000 0.000000
0.996509 -0.083482 0.000000 207.615719 0.083482 0.996509 0.000000 11.170668 0.000000 0.000000 1.000000 0.000000
0.996425 -0.084482 0.000000 209.060688 0.084482 0.996425 0.000000 11.296335 0.000000 0.000000 1.000000 0.000000
0.996331 -0.085584 0.000000 210.613595 0.085584 0.996331 0.000000 11.431238 0.000000 0.000000 1.000000 0.000000
0.996394 -0.084842 0.000000 212.063093 0.084842 0.996394 0.000000 11.572748 0.000000 0.000000 1.000000 0.000000
0.996511 -0.083459 0.000000 213.534814 0.083459 0.996511 0.000000 11.693387 0.000000 0.000000 1.000000 0.000000
0.996754 -0.080508 0.000000 215.044723 0.080508 0.996754 0.000000 11.830759 0.000000 0.000000 1.000000 0.000000
0.997093 -0.076190 0.000000 216.564722 0.076190 0.997093 0.000000 11.956104 0.000000 0.000000 1.000000 0.000000
0.997382 -0.072316 0.000000 218.176735 0.072316 0.997382 0.000000 12.087888 0.000000 0.000000 1.000000 0.000000
0.997807 -0.066195 0.000000 219.792810 0.066195 0.997807 0.000000 12.202417 0.000000 0.000000 1.000000 0.000000
0.998164 -0.060576 0.000000 221.440068 0.060576 0.998164 0.000000 12.308688 0.000000 0.000000 1.000000 0.000000
0.998294 -0.058389 0.000000 223.101637 0.058389 0.998294 0.000000 12.394539 0.000000 0.000000 1.000000 0.000000
0.998228 -0.059506 0.000000 224.840760 0.059506 0.998228 0.000000 12.515001 0.000000 0.000000 1.000000 0.000000
0.997759 -0.066914 0.000000 226.540754 0.066914 0.997759 0.000000 12.621753 0.000000 0.000000 1.000000 0.000000
0.996776 -0.080233 0.000000 228.230477 0.080233 0.996776 0.000000 12.738141 0.000000 0.000000 1.000000 0.000000
0.995247 -0.097386 0.000000 229.929853 0.097386 0.995247 0.000000 12.895871 0.000000 0.000000 1.000000 0.000000
0.993534 -0.113535 0.000000 231.646161 0.113535 0.993534 0.000000 13.089630 0.000000 0.000000 1.000000 0.000000
0.991744 -0.128230 0.000000 233.384295 0.128230 0.991744 0.000000 13.315499 0.000000 0.000000 1.000000 0.000000
0.990173 -0.139850 0.000000 235.183872 0.139850 0.990173 0.000000 13.627486 0.000000 0.000000 1.000000 0.000000
0.989108 -0.147194 0.000000 236.916133 0.147194 0.989108 0.000000 13.871818 0.000000 0.000000 1.000000 0.000000
0.988537 -0.150976 0.000000 238.706205 0.150976 0.988537 0.000000 14.151303 0.000000 0.000000 1.000000 0.000000
0.988225 -0.153008 0.000000 240.345882 0.153008 0.988225 0.000000 14.408898 0.000000 0.000000 1.000000 0.000000
0.987627 -0.156818 0.000000 242.000626 0.156818 0.987627 0.000000 14.691657 0.000000 0.000000 1.000000 0.000000
0.987260 -0.159116 0.000000 243.758736 0.159116 0.987260 0.000000 14.956960 0.000000 0.000000 1.000000 0.000000
0.986844 -0.161677 0.000000 245.528451 0.161677 0.986844 0.000000 15.229586 0.000000 0.000000 1.000000 0.000000
0.986548 -0.163470 0.000000 247.295926 0.163470 0.986548 0.000000 15.500841 0.000000 0.000000 1.000000 0.000000
0.986591 -0.163215 0.000000 249.094582 0.163215 0.986591 0.000000 15.797312 0.000000 0.000000 1.000000 0.000000
0.986896 -0.161360 0.000000 250.950075 0.161360 0.986896 0.000000 16.124405 0.000000 0.000000 1.000000 0.000000
0.987048 -0.160423 0.000000 252.762500 0.160423 0.987048 0.000000 16.405593 0.000000 0.000000 1.000000 0.000000
0.987414 -0.158156 0.000000 254.617757 0.158156 0.987414 0.000000 16.708952 0.000000 0.000000 1.000000 0.000000
0.987596 -0.157015 0.000000 256.459919 0.157015 0.987596 0.000000 16.997912 0.000000 0.000000 1.000000 0.000000
0.987634 -0.156778 0.000000 258.379939 0.156778 0.987634 0.000000 17.293249 0.000000 0.000000 1.000000 0.000000
0.987602 -0.156977 0.000000 260.324047 0.156977 0.987602 0.000000 17.589825 0.000000 0.000000 1.000000 0.000000
0.987709 -0.156306 0.000000 262.264428 0.156306 0.987709 0.000000 17.900985 0.000000 0.000000 1.000000 0.000000
0.987803 -0.155711 0.000000 264.210122 0.155711 0.987803 0.000000 18.217151 0.000000 0.000000 1.000000 0.000000
0.987735 -0.156143 0.000000 266.223001 0.156143 0.987735 0.000000 18.556220 0.000000 0.000000 1.000000 0.000000
0.987772 -0.155908 0.000000 268.167829 0.155908 0.987772 0.000000 18.880583 0.000000 0.000000 1.000000 0.000000
0.987957 -0.154728 0.000000 270.129187 0.154728 0.987957 0.000000 19.203990 0.000000 0.000000 1.000000 0.000000
0.988166 -0.153386 0.000000 272.016370 0.153386 0.988166 0.000000 19.507180 0.000000 0.000000 1.000000 0.000000
0.988289 -0.152596 0.000000 273.908535 0.152596 0.988289 0.000000 19.806706 0.000000 0.000000 1.000000 0.000000
0.988053 -0.154113 0.000000 275.845767 0.154113 0.988053 0.000000 20.087701 0.000000 0.000000 1.000000 0.000000
0.987892 -0.155143 0.000000 277.750286 0.155143 0.987892 0.000000 20.364203 0.000000 0.000000 1.000000 0.000000
0.987855 -0.155378 0.000000 279.671106 0.155378 0.987855 0.000000 20.673992 0.000000 0.000000 1.000000 0.000000
0.987758 -0.155994 0.000000 281.628681 0.155994 0.987758 0.000000 20.967912 0.000000 0.000000 1.000000 0.000000
0.987548 -0.157317 0.000000 283.572901 0.157317 0.987548 0.000000 21.258072 0.000000 0.000000 1.000000 0.000000
0.987431 -0.158048 0.000000 285.516983 0.158048 0.987431 0.000000 21.562381 0.000000 0.000000 1.000000 0.000000
0.987471 -0.157800 0.000000 287.477872 0.157800 0.987471 0.000000 21.864474 0.000000 0.000000 1.000000 0.000000
0.987607 -0.156947 0.000000 289.462385 0.156947 0.987607 0.000000 22.157553 0.000000 0.000000 1.000000 0.000000
0.987609 -0.156933 0.000000 291.492590 0.156933 0.987609 0.000000 22.454078 0.000000 0.000000 1.000000 0.000000
0.987726 -0.156198 0.000000 293.549722 0.156198 0.987726 0.000000 22.751358 0.000000 0.000000 1.000000 0.000000
0.987806 -0.155692 0.000000 295.581776 0.155692 0.987806 0.000000 23.048000 0.000000 0.000000 1.000000 0.000000
0.987941 -0.154830 0.000000 297.639328 0.154830 0.987941 0.000000 23.361081 0.000000 0.000000 1.000000 0.000000
0.988272 -0.152703 0.000000 299.694112 0.152703 0.988272 0.000000 23.653587 0.000000 0.000000 1.000000 0.000000
0.988458 -0.151494 0.000000 301.800582 0.151494 0.988458 0.000000 23.958967 0.000000 0.000000 1.000000 0.000000
0.988663 -0.150153 0.000000 303.852366 0.150153 0.988663 0.000000 24.258560 0.000000 0.000000 1.000000 0.000000
0.988879 -0.148720 0.000000 305.959932 0.148720 0.988879 0.000000 24.566226 0.000000 0.000000 1.000000 0.000000
0.989246 -0.146262 0.000000 308.077027 0.146262 0.989246 0.000000 24.870382 0.000000 0.000000 1.000000 0.000000
0.989261 -0.146163 0.000000 310.178368 0.146163 0.989261 0.000000 25.156906 0.000000 0.000000 1.000000 0.000000
0.989552 -0.144176 0.000000 312.269300 0.144176 0.989552 0.000000 25.435068 0.000000 0.000000 1.000000 0.000000
0.989714 -0.143057 0.000000 314.352156 0.143057 0.989714 0.000000 25.704342 0.000000 0.000000 1.000000 0.000000
0.989806 -0.142425 0.000000 316.464089 0.142425 0.989806 0.000000 25.966810 0.000000 0.000000 1.000000 0.000000
0.989888 -0.141851 0.000000 318.533533 0.141851 0.989888 0.000000 26.244515 0.000000 0.000000 1.000000 0.000000
0.990090 -0.140433 0.000000 320.634078 0.140433 0.990090 0.000000 26.534323 0.000000 0.000000 1.000000 0.000000
0.990082 -0.140491 0.000000 322.720492 0.140491 0.990082 0.000000 26.804703 0.000000 0.000000 1.000000 0.000000
0.990031 -0.140849 0.000000 324.790363 0.140849 0.990031 0.000000 27.095603 0.000000 0.000000 1.000000 0.000000
0.990425 -0.138053 0.000000 326.878781 0.138053 0.990425 0.000000 27.371873 0.000000 0.000000 1.000000 0.000000
0.990742 -0.135756 0.000000 328.996175 0.135756 0.990742 0.000000 27.663790 0.000000 0.000000 1.000000 0.000000
0.990903 -0.134580 0.000000 331.054122 0.134580 0.990903 0.000000 27.949829 0.000000 0.000000 1.000000 0.000000
0.990760 -0.135624 0.000000 333.128546 0.135624 0.990760 0.000000 28.223748 0.000000 0.000000 1.000000 0.000000
0.990899 -0.134607 0.000000 335.216533 0.134607 0.990899 0.000000 28.521978 0.000000 0.000000 1.000000 0.000000
0.990840 -0.135044 0.000000 337.267844 0.135044 0.990840 0.000000 28.816802 0.000000 0.000000 1.000000 0.000000
0.990830 -0.135115 0.000000 339.337277 0.135115 0.990830 0.000000 29.079124 0.000000 0.000000 1.000000 0.000000
0.990714 -0.135961 0.000000 341.471186 0.135961 0.990714 0.000000 29.375678 0.000000 0.000000 1.000000 0.000000
0.990651 -0.136417 0.000000 343.588989 0.136417 0.990651 0.000000 29.655444 0.000000 0.000000 1.000000 0.000000
0.990459 -0.137805 0.000000 345.683306 0.137805 0.990459 0.000000 29.930260 0.000000 0.000000 1.000000 0.000000
0.990587 -0.136888 0.000000 347.771165 0.136888 0.990587 0.000000 30.202065 0.000000 0.000000 1.000000 0.000000
0.990597 -0.136809 0.000000 349.854018 0.136809 0.990597 0.000000 30.470081 0.000000 0.000000 1.000000 0.000000
0.990931 -0.134369 0.000000 351.892636 0.134369 0.990931 0.000000 30.750934 0.000000 0.000000 1.000000 0.000000
0.992042 -0.125907 0.000000 353.942193 0.125907 0.992042 0.000000 30.964799 0.000000 0.000000 1.000000 0.000000
0.992862 -0.119271 0.000000 356.048076 0.119271 0.992862 0.000000 31.212071 0.000000 0.000000 1.000000 0.000000
0.994104 -0.108427 0.000000 358.072348 0.108427 0.994104 0.000000 31.425885 0.000000 0.000000 1.000000 0.000000
0.995211 -0.097752 0.000000 360.166430 0.097752 0.995211 0.000000 31.629738 0.000000 0.000000 1.000000 0.000000
0.996208 -0.087004 0.000000 362.278387 0.087004 0.996208 0.000000 31.765117 0.000000 0.000000 1.000000 0.000000
0.997326 -0.073076 0.000000 364.421667 0.073076 0.997326 0.000000 31.887045 0.000000 0.000000 1.000000 0.000000
0.997852 -0.065507 0.000000 366.553080 0.065507 0.997852 0.000000 31.990133 0.000000 0.000000 1.000000 0.000000
0.998394 -0.056651 0.000000 368.703816 0.056651 0.998394 0.000000 32.130589 0.000000 0.000000 1.000000 0.000000
0.998693 -0.051103 0.000000 370.835032 0.051103 0.998693 0.000000 32.241843 0.000000 0.000000 1.000000 0.000000
0.998863 -0.047681 0.000000 373.011455 0.047681 0.998863 0.000000 32.358647 0.000000 0.000000 1.000000 0.000000
0.998925 -0.046351 0.000000 375.184899 0.046351 0.998925 0.000000 32.472160 0.000000 0.000000 1.000000 0.000000
0.998880 -0.047325 0.000000 377.378182 0.047325 0.998880 0.000000 32.555520 0.000000 0.000000 1.000000 0.000000
0.998786 -0.049269 0.000000 379.558870 0.049269 0.998786 0.000000 32.652598 0.000000 0.000000 1.000000 0.000000
0.998571 -0.053447 0.000000 381.697823 0.053447 0.998571 0.000000 32.792518 0.000000 0.000000 1.000000 0.000000
0.998335 -0.057686 0.000000 383.870339 0.057686 0.998335 0.000000 32.920678 0.000000 0.000000 1.000000 0.000000
0.997883 -0.065033 0.000000 386.002354 0.065033 0.997883 0.000000 33.071210 0.000000 0.000000 1.000000 0.000000
0.997477 -0.070987 0.000000 388.221237 0.070987 0.997477 0.000000 33.234697 0.000000 0.000000 1.000000 0.000000
0.997099 -0.076117 0.000000 390.350059 0.076117 0.997099 0.000000 33.374053 0.000000 0.000000 1.000000 0.000000
0.996735 -0.080743 0.000000 392.485168 0.080743 0.996735 0.000000 33.585110 0.000000 0.000000 1.000000 0.000000
0.996420 -0.084544 0.000000 394.637562 0.084544 0.996420 0.000000 33.780499 0.000000 0.000000 1.000000 0.000000
0.996132 -0.087875 0.000000 396.724566 0.087875 0.996132 0.000000 33.967058 0.000000 0.000000 1.000000 0.000000
0.995912 -0.090326 0.000000 398.801393 0.090326 0.995912 0.000000 34.146927 0.000000 0.000000 1.000000 0.000000
0.995662 -0.093039 0.000000 400.918290 0.093039 0.995662 0.000000 34.338519 0.000000 0.000000 1.000000 0.000000
0.995428 -0.095520 0.000000 403.016711 0.095520 0.995428 0.000000 34.575667 0.000000 0.000000 1.000000 0.000000
0.995236 -0.097498 0.000000 405.073754 0.097498 0.995236 0.000000 34.792820 0.000000 0.000000 1.000000 0.000000
0.995089 -0.098980 0.000000 407.142358 0.098980 0.995089 0.000000 34.996058 0.000000 0.000000 1.000000 0.000000
0.994975 -0.100122 0.000000 409.229932 0.100122 0.994975 0.000000 35.227623 0.000000 0.000000 1.000000 0.000000
0.994900 -0.100864 0.000000 411.269215 0.100864 0.994900 0.000000 35.388727 0.000000 0.000000 1.000000 0.000000
0.994768 -0.102162 0.000000 413.329359 0.102162 0.994768 0.000000 35.626705 0.000000 0.000000 1.000000 0.000000
0.994637 -0.103430 0.000000 415.401341 0.103430 0.994637 0.000000 35.845765 0.000000 0.000000 1.000000 0.000000
0.994449 -0.105220 0.000000 417.517231 0.105220 0.994449 0.000000 36.006757 0.000000 0.000000 1.000000 0.000000
0.994329 -0.106345 0.000000 419.560230 0.106345 0.994329 0.000000 36.209809 0.000000 0.000000 1.000000 0.000000
0.994169 -0.107837 0.000000 421.609960 0.107837 0.994169 0.000000 36.436817 0.000000 0.000000 1.000000 0.000000
0.993915 -0.110146 0.000000 423.610222 0.110146 0.993915 0.000000 36.631342 0.000000 0.000000 1.000000 0.000000
