1.000000 -0.000024 0.000000 0.000118 0.000024 1.000000 0.000000 0.000176 0.000000 0.000000 1.000000 0.000000
1.000000 -0.000049 0.000000 0.000462 0.000049 1.000000 0.000000 -0.000069 0.000000 0.000000 1.000000 0.000000
1.000000 -0.000131 0.000000 0.001135 0.000131 1.000000 0.000000 -0.000830 0.000000 0.000000 1.000000 0.000000
1.000000 -0.000036 0.000000 0.001327 0.000036 1.000000 0.000000 -0.000826 0.000000 0.000000 1.000000 0.000000
1.000000 0.000024 0.000000 0.001356 -0.000024 1.000000 0.000000 -0.001268 0.000000 0.000000 1.000000 0.000000
1.000000 0.000031 0.000000 0.001730 -0.000031 1.000000 0.000000 -0.001801 0.000000 0.000000 1.000000 0.000000
1.000000 0.000017 0.000000 0.002104 -0.000017 1.000000 0.000000 -0.001617 0.000000 0.000000 1.000000 0.000000
1.000000 -0.000038 0.000000 0.002298 0.000038 1.000000 0.000000 -0.001192 0.000000 0.000000 1.000000 0.000000
1.000000 0.000012 0.000000 0.002280 -0.000012 1.000000 0.000000 -0.001180 0.000000 0.000000 1.000000 0.000000
1.000000 0.000035 0.000000 0.002074 -0.000035 1.000000 0.000000 -0.001346 0.000000 0.000000 1.000000 0.000000
1.000000 0.000010 0.000000 0.002185 -0.000010 1.000000 0.000000 -0.001327 0.000000 0.000000 1.000000 0.000000
1.000000 -0.000023 0.000000 0.001827 0.000023 1.000000 0.000000 -0.000714 0.000000 0.000000 1.000000 0.000000
1.000000 0.000002 0.000000 0.001812 -0.000002 1.000000 0.000000 -0.001414 0.000000 0.000000 1.000000 0.000000
1.000000 0.000029 0.000000 0.001768 -0.000029 1.000000 0.000000 0.000479 0.000000 0.000000 1.000000 0.000000
1.000000 0.000040 0.000000 0.001935 -0.000040 1.000000 0.000000 0.000840 0.000000 0.000000 1.000000 0.000000
1.000000 0.000040 0.000000 0.002131 -0.000040 1.000000 0.000000 -0.000565 0.000000 0.000000 1.000000 0.000000
1.000000 -0.000024 0.000000 0.002348 0.000024 1.000000 0.000000 -0.000276 0.000000 0.000000 1.000000 0.000000
1.000000 -0.000028 0.000000 0.002333 0.000028 1.000000 0.000000 -0.000410 0.000000 0.000000 1.000000 0.000000
1.000000 0.000033 0.000000 0.002162 -0.000033 1.000000 0.000000 -0.001407 0.000000 0.000000 1.000000 0.000000
1.000000 0.000053 0.000000 0.001565 -0.000053 1.000000 0.000000 -0.000992 0.000000 0.000000 1.000000 0.000000
1.000000 0.000020 0.000000 0.000956 -0.000020 1.000000 0.000000 0.000677 0.000000 0.000000 1.000000 0.000000
1.000000 0.000019 0.000000 0.000590 -0.000019 1.000000 0.000000 0.001298 0.000000 0.000000 1.000000 0.000000
1.000000 0.000033 0.000000 0.000345 -0.000033 1.000000 0.000000 0.001322 0.000000 0.000000 1.000000 0.000000
1.000000 0.000027 0.000000 0.000388 -0.000027 1.000000 0.000000 0.000590 0.000000 0.000000 1.000000 0.000000
1.000000 -0.000004 0.000000 0.000378 0.000004 1.000000 0.000000 -0.000043 0.000000 0.000000 1.000000 0.000000
1.000000 -0.000064 0.000000 0.000288 0.000064 1.000000 0.000000 -0.000441 0.000000 0.000000 1.000000 0.000000
1.000000 -0.000129 0.000000 0.000601 0.000129 1.000000 0.000000 -0.000424 0.000000 0.000000 1.000000 0.000000
1.000000 -0.000045 0.000000 0.000469 0.000045 1.000000 0.000000 0.000696 0.000000 0.000000 1.000000 0.000000
1.000000 -0.000016 0.000000 0.000350 0.000016 1.000000 0.000000 0.000410 0.000000 0.000000 1.000000 0.000000
1.000000 -0.000000 0.000000 0.000540 0.000000 1.000000 0.000000 0.000278 0.000000 0.000000 1.000000 0.000000
1.000000 0.000003 0.000000 0.000506 -0.000003 1.000000 0.000000 0.000394 0.000000 0.000000 1.000000 0.000000
1.000000 -0.000001 0.000000 0.000444 0.000001 1.000000 0.000000 0.000078 0.000000 0.000000 1.000000 0.000000
1.000000 -0.000018 0.000000 0.000797 0.000018 1.000000 0.000000 0.000182 0.000000 0.000000 1.000000 0.000000
1.000000 -0.000059 0.000000 0.001396 0.000059 1.000000 0.000000 -0.000713 0.000000 0.000000 1.000000 0.000000
1.000000 -0.000082 0.000000 0.001847 0.000082 1.000000 0.000000 -0.000650 0.000000 0.000000 1.000000 0.000000
1.000000 -0.000060 0.000000 0.001816 0.000060 1.000000 0.000000 0.000641 0.000000 0.000000 1.000000 0.000000
1.000000 -0.000020 0.000000 0.001440 0.000020 1.000000 0.000000 0.001236 0.000000 0.000000 1.000000 0.000000
1.000000 -0.000014 0.000000 0.001409 0.000014 1.000000 0.000000 0.000993 0.000000 0.000000 1.000000 0.000000
1.000000 -0.000030 0.000000 0.001608 0.000030 1.000000 0.000000 -0.000206 0.000000 0.000000 1.000000 0.000000
1.000000 -0.000064 0.000000 0.001888 0.000064 1.000000 0.000000 -0.002000 0.000000 0.000000 1.000000 0.000000
1.000000 -0.000067 0.000000 0.002419 0.000067 1.000000 0.000000 -0.003671 0.000000 0.000000 1.000000 0.000000
1.000000 0.000038 0.000000 0.002145 -0.000038 1.000000 0.000000 -0.003914 0.000000 0.000000 1.000000 0.000000
1.000000 0.000025 0.000000 0.001578 -0.000025 1.000000 0.000000 -0.001348 0.000000 0.000000 1.000000 0.000000
1.000000 -0.000026 0.000000 0.001229 0.000026 1.000000 0.000000 0.000244 0.000000 0.000000 1.000000 0.000000
1.000000 -0.000079 0.000000 0.000904 0.000079 1.000000 0.000000 0.000443 0.000000 0.000000 1.000000 0.000000
1.000000 -0.000107 0.000000 0.000766 0.000107 1.000000 0.000000 0.000120 0.000000 0.000000 1.000000 0.000000
1.000000 -0.000074 0.000000 0.000343 0.000074 1.000000 0.000000 0.000734 0.000000 0.000000 1.000000 0.000000
1.000000 0.000002 0.000000 0.000484 -0.000002 1.000000 0.000000 0.000704 0.000000 0.000000 1.000000 0.000000
1.000000 0.000033 0.000000 0.000064 -0.000033 1.000000 0.000000 0.000271 0.000000 0.000000 1.000000 0.000000
1.000000 0.000039 0.000000 0.000096 -0.000039 1.000000 0.000000 0.000009 0.000000 0.000000 1.000000 0.000000
1.000000 0.000009 0.000000 0.000149 -0.000009 1.000000 0.000000 0.000009 0.000000 0.000000 1.000000 0.000000
1.000000 -0.000023 0.000000 0.000686 0.000023 1.000000 0.000000 -0.000131 0.000000 0.000000 1.000000 0.000000
1.000000 0.000030 0.000000 0.001310 -0.000030 1.000000 0.000000 0.000701 0.000000 0.000000 1.000000 0.000000
1.000000 0.000040 0.000000 0.001970 -0.000040 1.000000 0.000000 -0.000533 0.000000 0.000000 1.000000 0.000000
1.000000 -0.000011 0.000000 0.002311 0.000011 1.000000 0.000000 -0.001805 0.000000 0.000000 1.000000 0.000000
1.000000 -0.000076 0.000000 0.002572 0.000076 1.000000 0.000000 -0.001654 0.000000 0.000000 1.000000 0.000000
1.000000 -0.000053 0.000000 0.002715 0.000053 1.000000 0.000000 -0.000022 0.000000 0.000000 1.000000 0.000000
1.000000 -0.000036 0.000000 0.002961 0.000036 1.000000 0.000000 -0.000578 0.000000 0.000000 1.000000 0.000000
1.000000 0.000006 0.000000 0.003358 -0.000006 1.000000 0.000000 -0.001367 0.000000 0.000000 1.000000 0.000000
1.000000 0.000005 0.000000 0.003912 -0.000005 1.000000 0.000000 -0.001358 0.000000 0.000000 1.000000 0.000000
1.000000 -0.000053 0.000000 0.004431 0.000053 1.000000 0.000000 -0.001069 0.000000 0.000000 1.000000 0.000000
1.000000 -0.000081 0.000000 0.004783 0.000081 1.000000 0.000000 -0.002874 0.000000 0.000000 1.000000 0.000000
1.000000 -0.000048 0.000000 0.004401 0.000048 1.000000 0.000000 -0.000460 0.000000 0.000000 1.000000 0.000000
1.000000 -0.000016 0.000000 0.004116 0.000016 1.000000 0.000000 -0.000926 0.000000 0.000000 1.000000 0.000000
1.000000 -0.000042 0.000000 0.004040 0.000042 1.000000 0.000000 -0.002003 0.000000 0.000000 1.000000 0.000000
1.000000 -0.000093 0.000000 0.003908 0.000093 1.000000 0.000000 -0.002218 0.000000 0.000000 1.000000 0.000000
1.000000 0.000003 0.000000 0.003540 -0.000003 1.000000 0.000000 -0.001809 0.000000 0.000000 1.000000 0.000000
1.000000 0.000013 0.000000 0.003015 -0.000013 1.000000 0.000000 0.000227 0.000000 0.000000 1.000000 0.000000
1.000000 0.000005 0.000000 0.002751 -0.000005 1.000000 0.000000 0.000099 0.000000 0.000000 1.000000 0.000000
1.000000 -0.000037 0.000000 0.002760 0.000037 1.000000 0.000000 -0.000987 0.000000 0.000000 1.000000 0.000000
1.000000 -0.000103 0.000000 0.002627 0.000103 1.000000 0.000000 -0.001740 0.000000 0.000000 1.000000 0.000000
1.000000 -0.000074 0.000000 0.002432 0.000074 1.000000 0.000000 -0.000912 0.000000 0.000000 1.000000 0.000000
1.000000 -0.000014 0.000000 0.002097 0.000014 1.000000 0.000000 0.000332 0.000000 0.000000 1.000000 0.000000
1.000000 0.000007 0.000000 0.001903 -0.000007 1.000000 0.000000 -0.000196 0.000000 0.000000 1.000000 0.000000
1.000000 0.000014 0.000000 0.002000 -0.000014 1.000000 0.000000 -0.001239 0.000000 0.000000 1.000000 0.000000
1.000000 -0.000031 0.000000 0.002017 0.000031 1.000000 0.000000 -0.001222 0.000000 0.000000 1.000000 0.000000
1.000000 -0.000027 0.000000 0.001284 0.000027 1.000000 0.000000 0.001752 0.000000 0.000000 1.000000 0.000000
1.000000 0.000001 0.000000 0.001051 -0.000001 1.000000 0.000000 -0.000558 0.000000 0.000000 1.000000 0.000000
1.000000 0.000021 0.000000 0.000781 -0.000021 1.000000 0.000000 -0.001720 0.000000 0.000000 1.000000 0.000000
1.000000 0.000042 0.000000 0.000042 -0.000042 1.000000 0.000000 -0.001105 0.000000 0.000000 1.000000 0.000000
1.000000 0.000058 0.000000 -0.000216 -0.000058 1.000000 0.000000 0.000614 0.000000 0.000000 1.000000 0.000000
1.000000 0.000104 0.000000 -0.000519 -0.000104 1.000000 0.000000 0.000682 0.000000 0.000000 1.000000 0.000000
1.000000 0.000116 0.000000 -0.000570 -0.000116 1.000000 0.000000 0.002528 0.000000 0.000000 1.000000 0.000000
1.000000 0.000088 0.000000 -0.000533 -0.000088 1.000000 0.000000 0.001771 0.000000 0.000000 1.000000 0.000000
1.000000 0.000049 0.000000 -0.000804 -0.000049 1.000000 0.000000 0.000010 0.000000 0.000000 1.000000 0.000000
1.000000 0.000008 0.000000 -0.000748 -0.000008 1.000000 0.000000 -0.001090 0.000000 0.000000 1.000000 0.000000
1.000000 -0.000042 0.000000 -0.000839 0.000042 1.000000 0.000000 -0.000500 0.000000 0.000000 1.000000 0.000000
1.000000 -0.000037 0.000000 -0.000909 0.000037 1.000000 0.000000 0.000428 0.000000 0.000000 1.000000 0.000000
1.000000 -0.000002 0.000000 -0.000781 0.000002 1.000000 0.000000 -0.000192 0.000000 0.000000 1.000000 0.000000
1.000000 -0.000017 0.000000 -0.000511 0.000017 1.000000 0.000000 -0.001040 0.000000 0.000000 1.000000 0.000000
1.000000 -0.000079 0.000000 -0.000398 0.000079 1.000000 0.000000 -0.001100 0.000000 0.000000 1.000000 0.000000
1.000000 -0.000038 0.000000 -0.000373 0.000038 1.000000 0.000000 -0.000728 0.000000 0.000000 1.000000 0.000000
1.000000 -0.000026 0.000000 -0.000228 0.000026 1.000000 0.000000 -0.001015 0.000000 0.000000 1.000000 0.000000
1.000000 -0.000008 0.000000 0.000083 0.000008 1.000000 0.000000 -0.000639 0.000000 0.000000 1.000000 0.000000
1.000000 0.000008 0.000000 0.000535 -0.000008 1.000000 0.000000 -0.000176 0.000000 0.000000 1.000000 0.000000
1.000000 0.000017 0.000000 0.001001 -0.000017 1.000000 0.000000 0.000242 0.000000 0.000000 1.000000 0.000000
1.000000 0.000048 0.000000 0.001668 -0.000048 1.000000 0.000000 0.001143 0.000000 0.000000 1.000000 0.000000
1.000000 0.000022 0.000000 0.002630 -0.000022 1.000000 0.000000 -0.001237 0.000000 0.000000 1.000000 0.000000
1.000000 -0.000035 0.000000 0.003455 0.000035 1.000000 0.000000 -0.001891 0.000000 0.000000 1.000000 0.000000
1.000000 -0.000094 0.000000 0.004265 0.000094 1.000000 0.000000 -0.001262 0.000000 0.000000 1.000000 0.000000
1.000000 -0.000081 0.000000 0.005406 0.000081 1.000000 0.000000 -0.000487 0.000000 0.000000 1.000000 0.000000
1.000000 0.000034 0.000000 0.006784 -0.000034 1.000000 0.000000 0.000367 0.000000 0.000000 1.000000 0.000000
1.000000 0.000059 0.000000 0.008550 -0.000059 1.000000 0.000000 -0.000234 0.000000 0.000000 1.000000 0.000000
1.000000 0.000118 0.000000 0.010932 -0.000118 1.000000 0.000000 0.000180 0.000000 0.000000 1.000000 0.000000
1.000000 0.000193 0.000000 0.013554 -0.000193 1.000000 0.000000 0.001088 0.000000 0.000000 1.000000 0.000000
1.000000 0.000150 0.000000 0.016929 -0.000150 1.000000 0.000000 0.002038 0.000000 0.000000 1.000000 0.000000
1.000000 -0.000285 0.000000 0.023142 0.000285 1.000000 0.000000 0.002398 0.000000 0.000000 1.000000 0.000000
1.000000 -0.000528 0.000000 0.029150 0.000528 1.000000 0.000000 0.002157 0.000000 0.000000 1.000000 0.000000
0.999999 -0.001045 0.000000 0.035391 0.001045 0.999999 0.000000 0.001421 0.000000 0.000000 1.000000 0.000000
0.999997 -0.002609 0.000000 0.070824 0.002609 0.999997 0.000000 0.004584 0.000000 0.000000 1.000000 0.000000
0.999980 -0.006377 0.000000 0.119907 0.006377 0.999980 0.000000 0.005408 0.000000 0.000000 1.000000 0.000000
0.999934 -0.011502 0.000000 0.221060 0.011502 0.999934 0.000000 0.014519 0.000000 0.000000 1.000000 0.000000
0.999807 -0.019629 0.000000 0.379813 0.019629 0.999807 0.000000 0.019959 0.000000 0.000000 1.000000 0.000000
0.999562 -0.029585 0.000000 0.607428 0.029585 0.999562 0.000000 0.029113 0.000000 0.000000 1.000000 0.000000
0.999119 -0.041961 0.000000 0.891252 0.041961 0.999119 0.000000 0.047410 0.000000 0.000000 1.000000 0.000000
0.998337 -0.057654 0.000000 1.236071 0.057654 0.998337 0.000000 0.072902 0.000000 0.000000 1.000000 0.000000
0.997023 -0.077106 0.000000 1.637921 0.077106 0.997023 0.000000 0.109270 0.000000 0.000000 1.000000 0.000000
0.995255 -0.097306 0.000000 2.107321 0.097306 0.995255 0.000000 0.167205 0.000000 0.000000 1.000000 0.000000
0.992640 -0.121101 0.000000 2.632245 0.121101 0.992640 0.000000 0.242076 0.000000 0.000000 1.000000 0.000000
0.989075 -0.147411 0.000000 3.218176 0.147411 0.989075 0.000000 0.338949 0.000000 0.000000 1.000000 0.000000
0.984872 -0.173285 0.000000 3.875321 0.173285 0.984872 0.000000 0.460625 0.000000 0.000000 1.000000 0.000000
0.981178 -0.193106 0.000000 4.598733 0.193106 0.981178 0.000000 0.603041 0.000000 0.000000 1.000000 0.000000
0.979225 -0.202775 0.000000 5.386541 0.202775 0.979225 0.000000 0.765731 0.000000 0.000000 1.000000 0.000000
0.979223 -0.202786 0.000000 6.246014 0.202786 0.979223 0.000000 0.936901 0.000000 0.000000 1.000000 0.000000
0.980494 -0.196549 0.000000 7.174432 0.196549 0.980494 0.000000 1.106352 0.000000 0.000000 1.000000 0.000000
0.982492 -0.186306 0.000000 8.172105 0.186306 0.982492 0.000000 1.276346 0.000000 0.000000 1.000000 0.000000
0.984470 -0.175554 0.000000 9.237311 0.175554 0.984470 0.000000 1.452349 0.000000 0.000000 1.000000 0.000000
0.986925 -0.161183 0.000000 10.358490 0.161183 0.986925 0.000000 1.623973 0.000000 0.000000 1.000000 0.000000
0.989304 -0.145870 0.000000 11.554579 0.145870 0.989304 0.000000 1.779619 0.000000 0.000000 1.000000 0.000000
0.991729 -0.128347 0.000000 12.812315 0.128347 0.991729 0.000000 1.928185 0.000000 0.000000 1.000000 0.000000
0.993841 -0.110819 0.000000 14.114757 0.110819 0.993841 0.000000 2.060804 0.000000 0.000000 1.000000 0.000000
0.995932 -0.090106 0.000000 15.457366 0.090106 0.995932 0.000000 2.165949 0.000000 0.000000 1.000000 0.000000
0.997607 -0.069135 0.000000 16.705191 0.069135 0.997607 0.000000 2.245902 0.000000 0.000000 1.000000 0.000000
0.998667 -0.051614 0.000000 17.983237 0.051614 0.998667 0.000000 2.298157 0.000000 0.000000 1.000000 0.000000
0.999164 -0.040893 0.000000 19.309573 0.040893 0.999164 0.000000 2.333937 0.000000 0.000000 1.000000 0.000000
0.999378 -0.035256 0.000000 20.686726 0.035256 0.999378 0.000000 2.365777 0.000000 0.000000 1.000000 0.000000
0.999540 -0.030319 0.000000 22.042907 0.030319 0.999540 0.000000 2.397092 0.000000 0.000000 1.000000 0.000000
0.999667 -0.025821 0.000000 23.415772 0.025821 0.999667 0.000000 2.417655 0.000000 0.000000 1.000000 0.000000
0.999799 -0.020043 0.000000 24.746179 0.020043 0.999799 0.000000 2.439986 0.000000 0.000000 1.000000 0.000000
0.999890 -0.014855 0.000000 26.078427 0.014855 0.999890 0.000000 2.451101 0.000000 0.000000 1.000000 0.000000
0.999950 -0.009995 0.000000 27.482847 0.009995 0.999950 0.000000 2.444151 0.000000 0.000000 1.000000 0.000000
0.999988 -0.004897 0.000000 28.915427 0.004897 0.999988 0.000000 2.435893 0.000000 0.000000 1.000000 0.000000
1.000000 -0.000511 0.000000 30.370563 0.000511 1.000000 0.000000 2.418915 0.000000 0.000000 1.000000 0.000000
0.999994 0.003552 0.000000 31.808112 -0.003552 0.999994 0.000000 2.410592 0.000000 0.000000 1.000000 0.000000
0.999986 0.005364 0.000000 33.244028 -0.005364 0.999986 0.000000 2.395832 0.000000 0.000000 1.000000 0.000000
0.999983 0.005878 0.000000 34.751816 -0.005878 0.999983 0.000000 2.373116 0.000000 0.000000 1.000000 0.000000
0.999982 0.005936 0.000000 36.292885 -0.005936 0.999982 0.000000 2.354558 0.000000 0.000000 1.000000 0.000000
0.999978 0.006699 0.000000 37.876413 -0.006699 0.999978 0.000000 2.333805 0.000000 0.000000 1.000000 0.000000
0.999983 0.005882 0.000000 39.505305 -0.005882 0.999983 0.000000 2.305071 0.000000 0.000000 1.000000 0.000000
0.999985 0.005548 0.000000 41.150318 -0.005548 0.999985 0.000000 2.286588 0.000000 0.000000 1.000000 0.000000
0.999982 0.005935 0.000000 42.824894 -0.005935 0.999982 0.000000 2.265799 0.000000 0.000000 1.000000 0.000000
0.999985 0.005563 0.000000 44.436987 -0.005563 0.999985 0.000000 2.242496 0.000000 0.000000 1.000000 0.000000
0.999991 0.004246 0.000000 46.139560 -0.004246 0.999991 0.000000 2.228753 0.000000 0.000000 1.000000 0.000000
0.999999 0.001692 0.000000 47.931025 -0.001692 0.999999 0.000000 2.219036 0.000000 0.000000 1.000000 0.000000
0.999999 -0.001276 0.000000 49.695537 0.001276 0.999999 0.000000 2.206577 0.000000 0.000000 1.000000 0.000000
0.999994 -0.003602 0.000000 51.347997 0.003602 0.999994 0.000000 2.202032 0.000000 0.000000 1.000000 0.000000
0.999975 -0.007050 0.000000 52.976195 0.007050 0.999975 0.000000 2.198741 0.000000 0.000000 1.000000 0.000000
0.999955 -0.009502 0.000000 54.661890 0.009502 0.999955 0.000000 2.204707 0.000000 0.000000 1.000000 0.000000
0.999935 -0.011376 0.000000 56.386600 0.011376 0.999935 0.000000 2.213271 0.000000 0.000000 1.000000 0.000000
0.999932 -0.011627 0.000000 58.096714 0.011627 0.999932 0.000000 2.223399 0.000000 0.000000 1.000000 0.000000
0.999960 -0.008975 0.000000 59.718355 0.008975 0.999960 0.000000 2.232794 0.000000 0.000000 1.000000 0.000000
0.999980 -0.006296 0.000000 61.549593 0.006296 0.999980 0.000000 2.237669 0.000000 0.000000 1.000000 0.000000
0.999993 -0.003869 0.000000 63.260276 0.003869 0.999993 0.000000 2.241066 0.000000 0.000000 1.000000 0.000000
0.999999 -0.001644 0.000000 64.958700 0.001644 0.999999 0.000000 2.240627 0.000000 0.000000 1.000000 0.000000
1.000000 0.000207 0.000000 66.667949 -0.000207 1.000000 0.000000 2.239558 0.000000 0.000000 1.000000 0.000000
1.000000 0.000627 0.000000 68.405204 -0.000627 1.000000 0.000000 2.232058 0.000000 0.000000 1.000000 0.000000
0.999997 0.002335 0.000000 70.263069 -0.002335 0.999997 0.000000 2.222952 0.000000 0.000000 1.000000 0.000000
0.999995 0.003206 0.000000 72.116804 -0.003206 0.999995 0.000000 2.208797 0.000000 0.000000 1.000000 0.000000
0.999997 0.002549 0.000000 73.965113 -0.002549 0.999997 0.000000 2.193147 0.000000 0.000000 1.000000 0.000000
0.999995 0.003143 0.000000 75.797399 -0.003143 0.999995 0.000000 2.181833 0.000000 0.000000 1.000000 0.000000
0.999998 0.001816 0.000000 77.642341 -0.001816 0.999998 0.000000 2.175689 0.000000 0.000000 1.000000 0.000000
0.999999 0.001249 0.000000 79.320215 -0.001249 0.999999 0.000000 2.167642 0.000000 0.000000 1.000000 0.000000
0.999998 0.001740 0.000000 81.045530 -0.001740 0.999998 0.000000 2.156353 0.000000 0.000000 1.000000 0.000000
0.999992 0.003974 0.000000 82.756628 -0.003974 0.999992 0.000000 2.148273 0.000000 0.000000 1.000000 0.000000
0.999980 0.006259 0.000000 84.445070 -0.006259 0.999980 0.000000 2.133768 0.000000 0.000000 1.000000 0.000000
0.999963 0.008626 0.000000 86.143056 -0.008626 0.999963 0.000000 2.117266 0.000000 0.000000 1.000000 0.000000
0.999940 0.010980 0.000000 87.841582 -0.010980 0.999940 0.000000 2.098948 0.000000 0.000000 1.000000 0.000000
0.999936 0.011294 0.000000 89.467922 -0.011294 0.999936 0.000000 2.074436 0.000000 0.000000 1.000000 0.000000
0.999957 0.009267 0.000000 91.169134 -0.009267 0.999957 0.000000 2.055843 0.000000 0.000000 1.000000 0.000000
0.999976 0.006889 0.000000 92.937134 -0.006889 0.999976 0.000000 2.038043 0.000000 0.000000 1.000000 0.000000
0.999997 0.002367 0.000000 94.650341 -0.002367 0.999997 0.000000 2.026017 0.000000 0.000000 1.000000 0.000000
0.999997 -0.002438 0.000000 96.395528 0.002438 0.999997 0.000000 2.027883 0.000000 0.000000 1.000000 0.000000
0.999966 -0.008267 0.000000 98.092192 0.008267 0.999966 0.000000 2.036586 0.000000 0.000000 1.000000 0.000000
0.999891 -0.014759 0.000000 99.793293 0.014759 0.999891 0.000000 2.056089 0.000000 0.000000 1.000000 0.000000
0.999777 -0.021110 0.000000 101.514947 0.021110 0.999777 0.000000 2.089604 0.000000 0.000000 1.000000 0.000000
0.999616 -0.027712 0.000000 103.227282 0.027712 0.999616 0.000000 2.129189 0.000000 0.000000 1.000000 0.000000
0.999460 -0.032872 0.000000 104.909995 0.032872 0.999460 0.000000 2.178062 0.000000 0.000000 1.000000 0.000000
0.999278 -0.038003 0.000000 106.365696 0.038003 0.999278 0.000000 2.228078 0.000000 0.000000 1.000000 0.000000
0.999104 -0.042328 0.000000 107.889346 0.042328 0.999104 0.000000 2.289879 0.000000 0.000000 1.000000 0.000000
0.998933 -0.046181 0.000000 109.517725 0.046181 0.998933 0.000000 2.360633 0.000000 0.000000 1.000000 0.000000
0.998755 -0.049890 0.000000 111.096644 0.049890 0.998755 0.000000 2.432955 0.000000 0.000000 1.000000 0.000000
0.998558 -0.053680 0.000000 112.662802 0.053680 0.998558 0.000000 2.507519 0.000000 0.000000 1.000000 0.000000
0.998348 -0.057450 0.000000 114.195029 0.057450 0.998348 0.000000 2.586616 0.000000 0.000000 1.000000 0.000000
0.998120 -0.061294 0.000000 115.716865 0.061294 0.998120 0.000000 2.671392 0.000000 0.000000 1.000000 0.000000
0.997907 -0.064658 0.000000 117.215080 0.064658 0.997907 0.000000 2.763981 0.000000 0.000000 1.000000 0.000000
0.997818 -0.066024 0.000000 118.721069 0.066024 0.997818 0.000000 2.865754 0.000000 0.000000 1.000000 0.000000
0.997818 -0.066020 0.000000 120.247728 0.066020 0.997818 0.000000 2.957236 0.000000 0.000000 1.000000 0.000000
0.998075 -0.062019 0.000000 121.519001 0.062019 0.998075 0.000000 3.035806 0.000000 0.000000 1.000000 0.000000
0.998402 -0.056516 0.000000 122.867913 0.056516 0.998402 0.000000 3.108330 0.000000 0.000000 1.000000 0.000000
0.998698 -0.051020 0.000000 124.350502 0.051020 0.998698 0.000000 3.180486 0.000000 0.000000 1.000000 0.000000
0.998998 -0.044759 0.000000 125.821449 0.044759 0.998998 0.000000 3.238300 0.000000 0.000000 1.000000 0.000000
0.999293 -0.037589 0.000000 127.294079 0.037589 0.999293 0.000000 3.289004 0.000000 0.000000 1.000000 0.000000
0.999536 -0.030466 0.000000 128.772424 0.030466 0.999536 0.000000 3.330387 0.000000 0.000000 1.000000 0.000000
0.999733 -0.023108 0.000000 130.119983 0.023108 0.999733 0.000000 3.358457 0.000000 0.000000 1.000000 0.000000
0.999879 -0.015524 0.000000 131.447150 0.015524 0.999879 0.000000 3.372836 0.000000 0.000000 1.000000 0.000000
0.999958 -0.009187 0.000000 132.971431 0.009187 0.999958 0.000000 3.391568 0.000000 0.000000 1.000000 0.000000
0.999983 -0.005792 0.000000 134.490845 0.005792 0.999983 0.000000 3.400921 0.000000 0.000000 1.000000 0.000000
0.999990 -0.004372 0.000000 135.992858 0.004372 0.999990 0.000000 3.405307 0.000000 0.000000 1.000000 0.000000
0.999991 -0.004298 0.000000 137.506480 0.004298 0.999991 0.000000 3.415745 0.000000 0.000000 1.000000 0.000000
0.999992 -0.004078 0.000000 139.050747 0.004078 0.999992 0.000000 3.417333 0.000000 0.000000 1.000000 0.000000
0.999992 -0.003977 0.000000 140.609271 0.003977 0.999992 0.000000 3.426476 0.000000 0.000000 1.000000 0.000000
0.999989 -0.004790 0.000000 142.130864 0.004790 0.999989 0.000000 3.432551 0.000000 0.000000 1.000000 0.000000
0.999981 -0.006147 0.000000 143.652266 0.006147 0.999981 0.000000 3.438281 0.000000 0.000000 1.000000 0.000000
0.999976 -0.006894 0.000000 145.124348 0.006894 0.999976 0.000000 3.454905 0.000000 0.000000 1.000000 0.000000
0.999969 -0.007935 0.000000 146.563880 0.007935 0.999969 0.000000 3.462529 0.000000 0.000000 1.000000 0.000000
0.999947 -0.010264 0.000000 147.994760 0.010264 0.999947 0.000000 3.477526 0.000000 0.000000 1.000000 0.000000
0.999930 -0.011815 0.000000 149.245468 0.011815 0.999930 0.000000 3.493553 0.000000 0.000000 1.000000 0.000000
0.999914 -0.013114 0.000000 150.477277 0.013114 0.999914 0.000000 3.503071 0.000000 0.000000 1.000000 0.000000
0.999903 -0.013948 0.000000 151.849573 0.013948 0.999903 0.000000 3.519493 0.000000 0.000000 1.000000 0.000000
0.999904 -0.013874 0.000000 153.327897 0.013874 0.999904 0.000000 3.532898 0.000000 0.000000 1.000000 0.000000
0.999912 -0.013299 0.000000 154.776621 0.013299 0.999912 0.000000 3.546313 0.000000 0.000000 1.000000 0.000000
0.999922 -0.012492 0.000000 156.241285 0.012492 0.999922 0.000000 3.559255 0.000000 0.000000 1.000000 0.000000
0.999915 -0.013017 0.000000 157.755829 0.013017 0.999915 0.000000 3.575406 0.000000 0.000000 1.000000 0.000000
0.999913 -0.013194 0.000000 159.299046 0.013194 0.999913 0.000000 3.599780 0.000000 0.000000 1.000000 0.000000
0.999905 -0.013769 0.000000 160.836256 0.013769 0.999905 0.000000 3.611627 0.000000 0.000000 1.000000 0.000000
0.999898 -0.014250 0.000000 162.368902 0.014250 0.999898 0.000000 3.625374 0.000000 0.000000 1.000000 0.000000
0.999887 -0.015062 0.000000 164.000655 0.015062 0.999887 0.000000 3.650588 0.000000 0.000000 1.000000 0.000000
0.999846 -0.017531 0.000000 165.631990 0.017531 0.999846 0.000000 3.670756 0.000000 0.000000 1.000000 0.000000
0.999790 -0.020493 0.000000 167.269955 0.020493 0.999790 0.000000 3.694406 0.000000 0.000000 1.000000 0.000000
0.999734 -0.023049 0.000000 168.912492 0.023049 0.999734 0.000000 3.723316 0.000000 0.000000 1.000000 0.000000
0.999708 -0.024149 0.000000 170.590018 0.024149 0.999708 0.000000 3.761957 0.000000 0.000000 1.000000 0.000000
0.999673 -0.025571 0.000000 172.314662 0.025571 0.999673 0.000000 3.801505 0.000000 0.000000 1.000000 0.000000
0.999635 -0.027027 0.000000 174.031687 0.027027 0.999635 0.000000 3.838180 0.000000 0.000000 1.000000 0.000000
0.999587 -0.028740 0.000000 175.788428 0.028740 0.999587 0.000000 3.883763 0.000000 0.000000 1.000000 0.000000
0.999540 -0.030341 0.000000 177.509520 0.030341 0.999540 0.000000 3.928766 0.000000 0.000000 1.000000 0.000000
0.999494 -0.031824 0.000000 179.125234 0.031824 0.999494 0.000000 3.977450 0.000000 0.000000 1.000000 0.000000
0.999430 -0.033756 0.000000 180.977103 0.033756 0.999430 0.000000 4.032959 0.000000 0.000000 1.000000 0.000000
0.999390 -0.034921 0.000000 182.842053 0.034921 0.999390 0.000000 4.094076 0.000000 0.000000 1.000000 0.000000
0.999343 -0.036234 0.000000 184.725971 0.036234 0.999343 0.000000 4.153524 0.000000 0.000000 1.000000 0.000000
0.999312 -0.037087 0.000000 186.601995 0.037087 0.999312 0.000000 4.220843 0.000000 0.000000 1.000000 0.000000
0.999264 -0.038354 0.000000 188.464961 0.038354 0.999264 0.000000 4.286863 0.000000 0.000000 1.000000 0.000000
0.999235 -0.039110 0.000000 190.288347 0.039110 0.999235 0.000000 4.351072 0.000000 0.000000 1.000000 0.000000
0.999178 -0.040531 0.000000 192.116808 0.040531 0.999178 0.000000 4.412099 0.000000 0.000000 1.000000 0.000000
0.999135 -0.041583 0.000000 193.934039 0.041583 0.999135 0.000000 4.479480 0.000000 0.000000 1.000000 0.000000
0.999083 -0.042819 0.000000 195.718434 0.042819 0.999083 0.000000 4.546837 0.000000 0.000000 1.000000 0.000000
0.999030 -0.044043 0.000000 197.475077 0.044043 0.999030 0.000000 4.616019 0.000000 0.000000 1.000000 0.000000
0.998965 -0.045477 0.000000 199.183923 0.045477 0.998965 0.000000 4.677647 0.000000 0.000000 1.000000 0.000000
0.998919 -0.046495 0.000000 200.838845 0.046495 0.998919 0.000000 4.745476 0.000000 0.000000 1.000000 0.000000
0.998860 -0.047732 0.000000 202.443891 0.047732 0.998860 0.000000 4.818547 0.000000 0.000000 1.000000 0.000000
0.998740 -0.050179 0.000000 204.022493 0.050179 0.998740 0.000000 4.889497 0.000000 0.000000 1.000000 0.000000
0.998613 -0.052654 0.000000 205.557849 0.052654 0.998613 0.000000 4.963420 0.000000 0.000000 1.000000 0.000000
0.998502 -0.054717 0.000000 207.115843 0.054717 0.998502 0.000000 5.049213 0.000000 0.000000 1.000000 0.000000
0.998409 -0.056392 0.000000 208.659965 0.056392 0.998409 0.000000 5.136718 0.000000 0.000000 1.000000 0.000000
0.998438 -0.055871 0.000000 210.227032 0.055871 0.998438 0.000000 5.222314 0.000000 0.000000 1.000000 0.000000
0.998597 -0.052949 0.000000 211.800548 0.052949 0.998597 0.000000 5.306587 0.000000 0.000000 1.000000 0.000000
0.998771 -0.049558 0.000000 213.381366 0.049558 0.998771 0.000000 5.380072 0.000000 0.000000 1.000000 0.000000
0.999032 -0.044000 0.000000 214.994271 0.044000 0.999032 0.000000 5.446374 0.000000 0.000000 1.000000 0.000000
0.999262 -0.038416 0.000000 216.627512 0.038416 0.999262 0.000000 5.505141 0.000000 0.000000 1.000000 0.000000
0.999504 -0.031482 0.000000 218.303176 0.031482 0.999504 0.000000 5.554565 0.000000 0.000000 1.000000 0.000000
0.999673 -0.025567 0.000000 219.990811 0.025567 0.999673 0.000000 5.599870 0.000000 0.000000 1.000000 0.000000
0.999780 -0.020993 0.000000 221.684924 0.020993 0.999780 0.000000 5.632659 0.000000 0.000000 1.000000 0.000000
0.999772 -0.021364 0.000000 223.388907 0.021364 0.999772 0.000000 5.667446 0.000000 0.000000 1.000000 0.000000
0.999519 -0.031021 0.000000 225.137097 0.031021 0.999519 0.000000 5.716982 0.000000 0.000000 1.000000 0.000000
0.998997 -0.044774 0.000000 226.875818 0.044774 0.998997 0.000000 5.787314 0.000000 0.000000 1.000000 0.000000
0.997950 -0.064001 0.000000 228.620761 0.064001 0.997950 0.000000 5.893495 0.000000 0.000000 1.000000 0.000000
0.996662 -0.081633 0.000000 230.430903 0.081633 0.996662 0.000000 6.038116 0.000000 0.000000 1.000000 0.000000
0.995035 -0.099526 0.000000 232.238484 0.099526 0.995035 0.000000 6.215415 0.000000 0.000000 1.000000 0.000000
0.993638 -0.112624 0.000000 234.048846 0.112624 0.993638 0.000000 6.417897 0.000000 0.000000 1.000000 0.000000
0.992637 -0.121131 0.000000 235.671266 0.121131 0.992637 0.000000 6.616398 0.000000 0.000000 1.000000 0.000000
0.991933 -0.126760 0.000000 237.270404 0.126760 0.991933 0.000000 6.823197 0.000000 0.000000 1.000000 0.000000
0.991241 -0.132063 0.000000 239.125097 0.132063 0.991241 0.000000 7.067801 0.000000 0.000000 1.000000 0.000000
0.990586 -0.136894 0.000000 241.002841 0.136894 0.990586 0.000000 7.323587 0.000000 0.000000 1.000000 0.000000
0.989896 -0.141795 0.000000 242.886773 0.141795 0.989896 0.000000 7.593709 0.000000 0.000000 1.000000 0.000000
0.989372 -0.145408 0.000000 244.802777 0.145408 0.989372 0.000000 7.870836 0.000000 0.000000 1.000000 0.000000
0.988806 -0.149206 0.000000 246.742085 0.149206 0.988806 0.000000 8.158968 0.000000 0.000000 1.000000 0.000000
0.988560 -0.150830 0.000000 248.719815 0.150830 0.988560 0.000000 8.455085 0.000000 0.000000 1.000000 0.000000
0.988787 -0.149332 0.000000 250.718944 0.149332 0.988787 0.000000 8.754810 0.000000 0.000000 1.000000 0.000000
0.989064 -0.147485 0.000000 252.719227 0.147485 0.989064 0.000000 9.049674 0.000000 0.000000 1.000000 0.000000
0.989256 -0.146194 0.000000 254.721301 0.146194 0.989256 0.000000 9.340954 0.000000 0.000000 1.000000 0.000000
0.989398 -0.145231 0.000000 256.759738 0.145231 0.989398 0.000000 9.634290 0.000000 0.000000 1.000000 0.000000
0.989491 -0.144592 0.000000 258.798661 0.144592 0.989491 0.000000 9.925562 0.000000 0.000000 1.000000 0.000000
0.989395 -0.145251 0.000000 260.799156 0.145251 0.989395 0.000000 10.210194 0.000000 0.000000 1.000000 0.000000
0.989586 -0.143946 0.000000 262.822433 0.143946 0.989586 0.000000 10.496729 0.000000 0.000000 1.000000 0.000000
0.989697 -0.143174 0.000000 264.849512 0.143174 0.989697 0.000000 10.790692 0.000000 0.000000 1.000000 0.000000
0.989755 -0.142774 0.000000 266.882774 0.142774 0.989755 0.000000 11.075459 0.000000 0.000000 1.000000 0.000000
0.989924 -0.141599 0.000000 268.908191 0.141599 0.989924 0.000000 11.361081 0.000000 0.000000 1.000000 0.000000
0.990123 -0.140204 0.000000 270.850224 0.140204 0.990123 0.000000 11.629111 0.000000 0.000000 1.000000 0.000000
0.990325 -0.138765 0.000000 272.786919 0.138765 0.990325 0.000000 11.893969 0.000000 0.000000 1.000000 0.000000
0.990352 -0.138576 0.000000 274.752303 0.138576 0.990352 0.000000 12.168357 0.000000 0.000000 1.000000 0.000000
0.990264 -0.139201 0.000000 276.744948 0.139201 0.990264 0.000000 12.444570 0.000000 0.000000 1.000000 0.000000
0.990074 -0.140544 0.000000 278.736926 0.140544 0.990074 0.000000 12.719572 0.000000 0.000000 1.000000 0.000000
0.989963 -0.141325 0.000000 280.716688 0.141325 0.989963 0.000000 12.995178 0.000000 0.000000 1.000000 0.000000
0.989916 -0.141657 0.000000 282.683481 0.141657 0.989916 0.000000 13.270430 0.000000 0.000000 1.000000 0.000000
0.989966 -0.141303 0.000000 284.671263 0.141303 0.989966 0.000000 13.550965 0.000000 0.000000 1.000000 0.000000
0.990038 -0.140798 0.000000 286.602866 0.140798 0.990038 0.000000 13.821872 0.000000 0.000000 1.000000 0.000000
0.990139 -0.140090 0.000000 288.419094 0.140090 0.990139 0.000000 14.071733 0.000000 0.000000 1.000000 0.000000
0.990165 -0.139904 0.000000 290.425473 0.139904 0.990165 0.000000 14.348858 0.000000 0.000000 1.000000 0.000000
0.990289 -0.139022 0.000000 292.487382 0.139022 0.990289 0.000000 14.636480 0.000000 0.000000 1.000000 0.000000
0.990394 -0.138273 0.000000 294.559331 0.138273 0.990394 0.000000 14.920438 0.000000 0.000000 1.000000 0.000000
0.990539 -0.137231 0.000000 296.572185 0.137231 0.990539 0.000000 15.188533 0.000000 0.000000 1.000000 0.000000
0.990656 -0.136382 0.000000 298.462446 0.136382 0.990656 0.000000 15.437066 0.000000 0.000000 1.000000 0.000000
0.990890 -0.134671 0.000000 300.608188 0.134671 0.990890 0.000000 15.720500 0.000000 0.000000 1.000000 0.000000
0.991170 -0.132595 0.000000 302.767777 0.132595 0.991170 0.000000 15.999576 0.000000 0.000000 1.000000 0.000000
0.991493 -0.130160 0.000000 304.928662 0.130160 0.991493 0.000000 16.275439 0.000000 0.000000 1.000000 0.000000
0.992009 -0.126166 0.000000 307.039172 0.126166 0.992009 0.000000 16.536433 0.000000 0.000000 1.000000 0.000000
0.992448 -0.122668 0.000000 309.049023 0.122668 0.992448 0.000000 16.773882 0.000000 0.000000 1.000000 0.000000
0.992848 -0.119386 0.000000 311.043260 0.119386 0.992848 0.000000 17.002132 0.000000 0.000000 1.000000 0.000000
0.993340 -0.115224 0.000000 313.214334 0.115224 0.993340 0.000000 17.251032 0.000000 0.000000 1.000000 0.000000
0.993747 -0.111652 0.000000 315.392673 0.111652 0.993747 0.000000 17.494901 0.000000 0.000000 1.000000 0.000000
0.994117 -0.108310 0.000000 317.588431 0.108310 0.994117 0.000000 17.729944 0.000000 0.000000 1.000000 0.000000
0.994525 -0.104497 0.000000 319.779384 0.104497 0.994525 0.000000 17.960077 0.000000 0.000000 1.000000 0.000000
0.994728 -0.102546 0.000000 321.930743 0.102546 0.994728 0.000000 18.177117 0.000000 0.000000 1.000000 0.000000
0.994997 -0.099906 0.000000 324.161690 0.099906 0.994997 0.000000 18.398305 0.000000 0.000000 1.000000 0.000000
0.995062 -0.099260 0.000000 326.390095 0.099260 0.995062 0.000000 18.614381 0.000000 0.000000 1.000000 0.000000
0.995377 -0.096043 0.000000 328.603290 0.096043 0.995377 0.000000 18.826868 0.000000 0.000000 1.000000 0.000000
0.995563 -0.094097 0.000000 330.828712 0.094097 0.995563 0.000000 19.034246 0.000000 0.000000 1.000000 0.000000
0.995755 -0.092045 0.000000 333.002617 0.092045 0.995755 0.000000 19.222721 0.000000 0.000000 1.000000 0.000000
0.995907 -0.090385 0.000000 335.186033 0.090385 0.995907 0.000000 19.416907 0.000000 0.000000 1.000000 0.000000
0.996051 -0.088779 0.000000 337.361923 0.088779 0.996051 0.000000 19.608247 0.000000 0.000000 1.000000 0.000000
0.996047 -0.088823 0.000000 339.546406 0.088823 0.996047 0.000000 19.800515 0.000000 0.000000 1.000000 0.000000
0.996096 -0.088282 0.000000 341.724631 0.088282 0.996096 0.000000 19.990895 0.000000 0.000000 1.000000 0.000000
0.995955 -0.089849 0.000000 343.822431 0.089849 0.995955 0.000000 20.177593 0.000000 0.000000 1.000000 0.000000
0.995952 -0.089887 0.000000 345.922534 0.089887 0.995952 0.000000 20.360649 0.000000 0.000000 1.000000 0.000000
0.995900 -0.090461 0.000000 348.102032 0.090461 0.995900 0.000000 20.548709 0.000000 0.000000 1.000000 0.000000
0.996118 -0.088028 0.000000 350.328403 0.088028 0.996118 0.000000 20.738421 0.000000 0.000000 1.000000 0.000000
0.996528 -0.083255 0.000000 352.549711 0.083255 0.996528 0.000000 20.921442 0.000000 0.000000 1.000000 0.000000
0.997062 -0.076593 0.000000 354.763012 0.076593 0.997062 0.000000 21.087995 0.000000 0.000000 1.000000 0.000000
0.997925 -0.064388 0.000000 356.996207 0.064388 0.997925 0.000000 21.236436 0.000000 0.000000 1.000000 0.000000
0.998666 -0.051628 0.000000 359.217392 0.051628 0.998666 0.000000 21.350839 0.000000 0.000000 1.000000 0.000000
0.999388 -0.034984 0.000000 361.398413 0.034984 0.999388 0.000000 21.427142 0.000000 0.000000 1.000000 0.000000
0.999869 -0.016172 0.000000 363.491446 0.016172 0.999869 0.000000 21.461187 0.000000 0.000000 1.000000 0.000000
0.999995 0.003085 0.000000 365.715644 -0.003085 0.999995 0.000000 21.459098 0.000000 0.000000 1.000000 0.000000
0.999768 0.021534 0.000000 367.930322 -0.021534 0.999768 0.000000 21.416611 0.000000 0.000000 1.000000 0.000000
0.999304 0.037304 0.000000 370.140297 -0.037304 0.999304 0.000000 21.337982 0.000000 0.000000 1.000000 0.000000
0.998649 0.051965 0.000000 372.307972 -0.051965 0.998649 0.000000 21.227024 0.000000 0.000000 1.000000 0.000000
0.997998 0.063245 0.000000 374.326985 -0.063245 0.997998 0.000000 21.087378 0.000000 0.000000 1.000000 0.000000
0.997484 0.070894 0.000000 376.454242 -0.070894 0.997484 0.000000 20.927378 0.000000 0.000000 1.000000 0.000000
0.997264 0.073926 0.000000 378.537860 -0.073926 0.997264 0.000000 20.763778 0.000000 0.000000 1.000000 0.000000
0.997534 0.070191 0.000000 380.606665 -0.070191 0.997534 0.000000 20.601010 0.000000 0.000000 1.000000 0.000000
0.997911 0.064599 0.000000 382.690038 -0.064599 0.997911 0.000000 20.453955 0.000000 0.000000 1.000000 0.000000
0.998312 0.058078 0.000000 384.796555 -0.058078 0.998312 0.000000 20.318725 0.000000 0.000000 1.000000 0.000000
0.998705 0.050877 0.000000 386.906838 -0.050877 0.998705 0.000000 20.207180 0.000000 0.000000 1.000000 0.000000
0.999143 0.041397 0.000000 389.035261 -0.041397 0.999143 0.000000 20.110233 0.000000 0.000000 1.000000 0.000000
0.999454 0.033050 0.000000 391.177680 -0.033050 0.999454 0.000000 20.029505 0.000000 0.000000 1.000000 0.000000
0.999707 0.024197 0.000000 393.311779 -0.024197 0.999707 0.000000 19.966597 0.000000 0.000000 1.000000 0.000000
0.999862 0.016589 0.000000 395.412656 -0.016589 0.999862 0.000000 19.925303 0.000000 0.000000 1.000000 0.000000
0.999958 0.009193 0.000000 397.585202 -0.009193 0.999958 0.000000 19.894417 0.000000 0.000000 1.000000 0.000000
0.999994 0.003564 0.000000 399.763522 -0.003564 0.999994 0.000000 19.884098 0.000000 0.000000 1.000000 0.000000
0.999998 -0.001795 0.000000 401.910060 0.001795 0.999998 0.000000 19.877561 0.000000 0.000000 1.000000 0.000000
0.999981 -0.006240 0.000000 404.019366 0.006240 0.999981 0.000000 19.878979 0.000000 0.000000 1.000000 0.000000
0.999933 -0.011610 0.000000 406.145847 0.011610 0.999933 0.000000 19.886440 0.000000 0.000000 1.000000 0.000000
0.999886 -0.015130 0.000000 408.416648 0.015130 0.999886 0.000000 19.909789 0.000000 0.000000 1.000000 0.000000
0.999825 -0.018715 0.000000 410.585702 0.018715 0.999825 0.000000 19.939826 0.000000 0.000000 1.000000 0.000000
0.999760 -0.021924 0.000000 412.735800 0.021924 0.999760 0.000000 19.973609 0.000000 0.000000 1.000000 0.000000
0.999688 -0.024988 0.000000 414.915004 0.024988 0.999688 0.000000 20.009583 0.000000 0.000000 1.000000 0.000000
0.999596 -0.028409 0.000000 417.100548 0.028409 0.999596 0.000000 20.052661 0.000000 0.000000 1.000000 0.000000
0.999504 -0.031502 0.000000 419.477793 0.031502 0.999504 0.000000 20.106403 0.000000 0.000000 1.000000 0.000000
0.999412 -0.034279 0.000000 421.790130 0.034279 0.999412 0.000000 20.165299 0.000000 0.000000 1.000000 0.000000
0.999321 -0.036848 0.000000 424.088274 0.036848 0.999321 0.000000 20.229413 0.000000 0.000000 1.000000 0.000000
0.999195 -0.040125 0.000000 426.383955 0.040125 0.999195 0.000000 20.304211 0.000000 0.000000 1.000000 0.000000
0.999099 -0.042439 0.000000 428.672732 0.042439 0.999099 0.000000 20.389118 0.000000 0.000000 1.000000 0.000000
