1.000000 -0.000054 0.000000 0.004256 0.000054 1.000000 0.000000 0.000101 0.000000 0.000000 1.000000 0.000000
1.000000 -0.000195 0.000000 0.007127 0.000195 1.000000 0.000000 -0.000704 0.000000 0.000000 1.000000 0.000000
1.000000 -0.000359 0.000000 0.011310 0.000359 1.000000 0.000000 -0.000283 0.000000 0.000000 1.000000 0.000000
1.000000 -0.000432 0.000000 0.015110 0.000432 1.000000 0.000000 -0.001020 0.000000 0.000000 1.000000 0.000000
1.000000 -0.000465 0.000000 0.018750 0.000465 1.000000 0.000000 -0.000590 0.000000 0.000000 1.000000 0.000000
1.000000 -0.000507 0.000000 0.022803 0.000507 1.000000 0.000000 -0.000750 0.000000 0.000000 1.000000 0.000000
1.000000 -0.000541 0.000000 0.026855 0.000541 1.000000 0.000000 -0.000402 0.000000 0.000000 1.000000 0.000000
1.000000 -0.000592 0.000000 0.031264 0.000592 1.000000 0.000000 -0.000116 0.000000 0.000000 1.000000 0.000000
1.000000 -0.000638 0.000000 0.034403 0.000638 1.000000 0.000000 0.000861 0.000000 0.000000 1.000000 0.000000
1.000000 -0.000675 0.000000 0.039222 0.000675 1.000000 0.000000 0.000406 0.000000 0.000000 1.000000 0.000000
1.000000 -0.000692 0.000000 0.043192 0.000692 1.000000 0.000000 0.001237 0.000000 0.000000 1.000000 0.000000
1.000000 -0.000802 0.000000 0.047192 0.000802 1.000000 0.000000 0.000064 0.000000 0.000000 1.000000 0.000000
1.000000 -0.000885 0.000000 0.052912 0.000885 1.000000 0.000000 -0.000234 0.000000 0.000000 1.000000 0.000000
1.000000 -0.000979 0.000000 0.057544 0.000979 1.000000 0.000000 -0.001135 0.000000 0.000000 1.000000 0.000000
0.999999 -0.001053 0.000000 0.061627 0.001053 0.999999 0.000000 -0.002347 0.000000 0.000000 1.000000 0.000000
0.999999 -0.001089 0.000000 0.065562 0.001089 0.999999 0.000000 -0.002659 0.000000 0.000000 1.000000 0.000000
0.999999 -0.001136 0.000000 0.069853 0.001136 0.999999 0.000000 -0.003233 0.000000 0.000000 1.000000 0.000000
0.999999 -0.001177 0.000000 0.073889 0.001177 0.999999 0.000000 -0.004203 0.000000 0.000000 1.000000 0.000000
0.999999 -0.001204 0.000000 0.078469 0.001204 0.999999 0.000000 -0.003866 0.000000 0.000000 1.000000 0.000000
0.999999 -0.001250 0.000000 0.084359 0.001250 0.999999 0.000000 -0.004086 0.000000 0.000000 1.000000 0.000000
0.999999 -0.001297 0.000000 0.088615 0.001297 0.999999 0.000000 -0.004332 0.000000 0.000000 1.000000 0.000000
0.999999 -0.001330 0.000000 0.092216 0.001330 0.999999 0.000000 -0.004359 0.000000 0.000000 1.000000 0.000000
0.999999 -0.001361 0.000000 0.096499 0.001361 0.999999 0.000000 -0.005657 0.000000 0.000000 1.000000 0.000000
0.999999 -0.001384 0.000000 0.100294 0.001384 0.999999 0.000000 -0.005821 0.000000 0.000000 1.000000 0.000000
0.999999 -0.001429 0.000000 0.104306 0.001429 0.999999 0.000000 -0.006821 0.000000 0.000000 1.000000 0.000000
0.999999 -0.001451 0.000000 0.108108 0.001451 0.999999 0.000000 -0.007208 0.000000 0.000000 1.000000 0.000000
0.999999 -0.001526 0.000000 0.111332 0.001526 0.999999 0.000000 -0.008496 0.000000 0.000000 1.000000 0.000000
0.999999 -0.001531 0.000000 0.114955 0.001531 0.999999 0.000000 -0.009290 0.000000 0.000000 1.000000 0.000000
0.999999 -0.001592 0.000000 0.119218 0.001592 0.999999 0.000000 -0.010349 0.000000 0.000000 1.000000 0.000000
0.999999 -0.001548 0.000000 0.119483 0.001548 0.999999 0.000000 -0.012136 0.000000 0.000000 1.000000 0.000000
0.999999 -0.001559 0.000000 0.122614 0.001559 0.999999 0.000000 -0.011934 0.000000 0.000000 1.000000 0.000000
0.999999 -0.001534 0.000000 0.123771 0.001534 0.999999 0.000000 -0.012845 0.000000 0.000000 1.000000 0.000000
0.999999 -0.001528 0.000000 0.126036 0.001528 0.999999 0.000000 -0.013623 0.000000 0.000000 1.000000 0.000000
0.999999 -0.001545 0.000000 0.126880 0.001545 0.999999 0.000000 -0.015090 0.000000 0.000000 1.000000 0.000000
0.999999 -0.001452 0.000000 0.123906 0.001452 0.999999 0.000000 -0.013572 0.000000 0.000000 1.000000 0.000000
0.999999 -0.001436 0.000000 0.123133 0.001436 0.999999 0.000000 -0.014747 0.000000 0.000000 1.000000 0.000000
0.999999 -0.001439 0.000000 0.123041 0.001439 0.999999 0.000000 -0.016047 0.000000 0.000000 1.000000 0.000000
0.999999 -0.001499 0.000000 0.124269 0.001499 0.999999 0.000000 -0.018483 0.000000 0.000000 1.000000 0.000000
0.999999 -0.001571 0.000000 0.126305 0.001571 0.999999 0.000000 -0.020749 0.000000 0.000000 1.000000 0.000000
0.999999 -0.001607 0.000000 0.129382 0.001607 0.999999 0.000000 -0.021521 0.000000 0.000000 1.000000 0.000000
0.999999 -0.001571 0.000000 0.131252 0.001571 0.999999 0.000000 -0.021048 0.000000 0.000000 1.000000 0.000000
0.999999 -0.001616 0.000000 0.133107 0.001616 0.999999 0.000000 -0.022611 0.000000 0.000000 1.000000 0.000000
0.999999 -0.001514 0.000000 0.136206 0.001514 0.999999 0.000000 -0.025896 0.000000 0.000000 1.000000 0.000000
0.999999 -0.001565 0.000000 0.138829 0.001565 0.999999 0.000000 -0.028207 0.000000 0.000000 1.000000 0.000000
0.999999 -0.001614 0.000000 0.140447 0.001614 0.999999 0.000000 -0.029302 0.000000 0.000000 1.000000 0.000000
0.999999 -0.001642 0.000000 0.142739 0.001642 0.999999 0.000000 -0.030440 0.000000 0.000000 1.000000 0.000000
0.999999 -0.001666 0.000000 0.144014 0.001666 0.999999 0.000000 -0.031243 0.000000 0.000000 1.000000 0.000000
0.999998 -0.001743 0.000000 0.145457 0.001743 0.999998 0.000000 -0.031567 0.000000 0.000000 1.000000 0.000000
0.999998 -0.001764 0.000000 0.146718 0.001764 0.999998 0.000000 -0.032144 0.000000 0.000000 1.000000 0.000000
0.999998 -0.001813 0.000000 0.149847 0.001813 0.999998 0.000000 -0.032821 0.000000 0.000000 1.000000 0.000000
0.999998 -0.001845 0.000000 0.151611 0.001845 0.999998 0.000000 -0.032958 0.000000 0.000000 1.000000 0.000000
0.999998 -0.001879 0.000000 0.156003 0.001879 0.999998 0.000000 -0.033839 0.000000 0.000000 1.000000 0.000000
0.999998 -0.001913 0.000000 0.158708 0.001913 0.999998 0.000000 -0.034083 0.000000 0.000000 1.000000 0.000000
0.999998 -0.001937 0.000000 0.162738 0.001937 0.999998 0.000000 -0.034004 0.000000 0.000000 1.000000 0.000000
0.999998 -0.002003 0.000000 0.171363 0.002003 0.999998 0.000000 -0.033979 0.000000 0.000000 1.000000 0.000000
0.999998 -0.002076 0.000000 0.176609 0.002076 0.999998 0.000000 -0.033531 0.000000 0.000000 1.000000 0.000000
0.999998 -0.002198 0.000000 0.185981 0.002198 0.999998 0.000000 -0.034660 0.000000 0.000000 1.000000 0.000000
0.999997 -0.002253 0.000000 0.192913 0.002253 0.999997 0.000000 -0.034694 0.000000 0.000000 1.000000 0.000000
0.999997 -0.002288 0.000000 0.197982 0.002288 0.999997 0.000000 -0.034515 0.000000 0.000000 1.000000 0.000000
0.999997 -0.002325 0.000000 0.202884 0.002325 0.999997 0.000000 -0.033781 0.000000 0.000000 1.000000 0.000000
0.999997 -0.002373 0.000000 0.207640 0.002373 0.999997 0.000000 -0.033562 0.000000 0.000000 1.000000 0.000000
0.999997 -0.002367 0.000000 0.210705 0.002367 0.999997 0.000000 -0.032439 0.000000 0.000000 1.000000 0.000000
0.999997 -0.002376 0.000000 0.216999 0.002376 0.999997 0.000000 -0.032668 0.000000 0.000000 1.000000 0.000000
0.999997 -0.002362 0.000000 0.220238 0.002362 0.999997 0.000000 -0.032171 0.000000 0.000000 1.000000 0.000000
0.999997 -0.002309 0.000000 0.223289 0.002309 0.999997 0.000000 -0.030661 0.000000 0.000000 1.000000 0.000000
0.999998 -0.002216 0.000000 0.223557 0.002216 0.999998 0.000000 -0.030565 0.000000 0.000000 1.000000 0.000000
0.999998 -0.002092 0.000000 0.222823 0.002092 0.999998 0.000000 -0.028865 0.000000 0.000000 1.000000 0.000000
0.999998 -0.002069 0.000000 0.224002 0.002069 0.999998 0.000000 -0.028084 0.000000 0.000000 1.000000 0.000000
0.999998 -0.002073 0.000000 0.227092 0.002073 0.999998 0.000000 -0.027732 0.000000 0.000000 1.000000 0.000000
0.999998 -0.002094 0.000000 0.229322 0.002094 0.999998 0.000000 -0.027560 0.000000 0.000000 1.000000 0.000000
0.999998 -0.002089 0.000000 0.230316 0.002089 0.999998 0.000000 -0.026582 0.000000 0.000000 1.000000 0.000000
0.999998 -0.002042 0.000000 0.231922 0.002042 0.999998 0.000000 -0.026048 0.000000 0.000000 1.000000 0.000000
0.999998 -0.002055 0.000000 0.237104 0.002055 0.999998 0.000000 -0.026088 0.000000 0.000000 1.000000 0.000000
0.999998 -0.001981 0.000000 0.236450 0.001981 0.999998 0.000000 -0.024301 0.000000 0.000000 1.000000 0.000000
0.999998 -0.001872 0.000000 0.239214 0.001872 0.999998 0.000000 -0.022846 0.000000 0.000000 1.000000 0.000000
0.999999 -0.001724 0.000000 0.241318 0.001724 0.999999 0.000000 -0.024044 0.000000 0.000000 1.000000 0.000000
0.999998 -0.001747 0.000000 0.241833 0.001747 0.999998 0.000000 -0.023007 0.000000 0.000000 1.000000 0.000000
0.999999 -0.001709 0.000000 0.242208 0.001709 0.999999 0.000000 -0.019996 0.000000 0.000000 1.000000 0.000000
0.999999 -0.001669 0.000000 0.242381 0.001669 0.999999 0.000000 -0.018194 0.000000 0.000000 1.000000 0.000000
0.999999 -0.001606 0.000000 0.243611 0.001606 0.999999 0.000000 -0.016861 0.000000 0.000000 1.000000 0.000000
0.999999 -0.001584 0.000000 0.245030 0.001584 0.999999 0.000000 -0.015270 0.000000 0.000000 1.000000 0.000000
0.999999 -0.001488 0.000000 0.243733 0.001488 0.999999 0.000000 -0.014175 0.000000 0.000000 1.000000 0.000000
0.999999 -0.001522 0.000000 0.245300 0.001522 0.999999 0.000000 -0.011826 0.000000 0.000000 1.000000 0.000000
0.999999 -0.001482 0.000000 0.246455 0.001482 0.999999 0.000000 -0.010140 0.000000 0.000000 1.000000 0.000000
0.999999 -0.001452 0.000000 0.248276 0.001452 0.999999 0.000000 -0.008020 0.000000 0.000000 1.000000 0.000000
0.999999 -0.001431 0.000000 0.250430 0.001431 0.999999 0.000000 -0.006638 0.000000 0.000000 1.000000 0.000000
0.999999 -0.001380 0.000000 0.254096 0.001380 0.999999 0.000000 -0.003106 0.000000 0.000000 1.000000 0.000000
0.999999 -0.001352 0.000000 0.259113 0.001352 0.999999 0.000000 0.000316 0.000000 0.000000 1.000000 0.000000
0.999999 -0.001228 0.000000 0.259662 0.001228 0.999999 0.000000 0.003753 0.000000 0.000000 1.000000 0.000000
0.999999 -0.001103 0.000000 0.257761 0.001103 0.999999 0.000000 0.006299 0.000000 0.000000 1.000000 0.000000
1.000000 -0.000963 0.000000 0.253168 0.000963 1.000000 0.000000 0.009271 0.000000 0.000000 1.000000 0.000000
1.000000 -0.000795 0.000000 0.250663 0.000795 1.000000 0.000000 0.013429 0.000000 0.000000 1.000000 0.000000
1.000000 -0.000658 0.000000 0.248107 0.000658 1.000000 0.000000 0.016062 0.000000 0.000000 1.000000 0.000000
1.000000 -0.000750 0.000000 0.246853 0.000750 1.000000 0.000000 0.018116 0.000000 0.000000 1.000000 0.000000
1.000000 -0.000743 0.000000 0.246963 0.000743 1.000000 0.000000 0.021629 0.000000 0.000000 1.000000 0.000000
1.000000 -0.000792 0.000000 0.246701 0.000792 1.000000 0.000000 0.023238 0.000000 0.000000 1.000000 0.000000
1.000000 -0.000783 0.000000 0.247904 0.000783 1.000000 0.000000 0.025740 0.000000 0.000000 1.000000 0.000000
1.000000 -0.000858 0.000000 0.246528 0.000858 1.000000 0.000000 0.029784 0.000000 0.000000 1.000000 0.000000
1.000000 -0.000813 0.000000 0.244833 0.000813 1.000000 0.000000 0.030575 0.000000 0.000000 1.000000 0.000000
1.000000 -0.000757 0.000000 0.242855 0.000757 1.000000 0.000000 0.031134 0.000000 0.000000 1.000000 0.000000
1.000000 -0.000788 0.000000 0.238463 0.000788 1.000000 0.000000 0.032425 0.000000 0.000000 1.000000 0.000000
1.000000 -0.000759 0.000000 0.235701 0.000759 1.000000 0.000000 0.034309 0.000000 0.000000 1.000000 0.000000
1.000000 -0.000783 0.000000 0.234670 0.000783 1.000000 0.000000 0.035909 0.000000 0.000000 1.000000 0.000000
1.000000 -0.000836 0.000000 0.233896 0.000836 1.000000 0.000000 0.037766 0.000000 0.000000 1.000000 0.000000
1.000000 -0.000853 0.000000 0.233928 0.000853 1.000000 0.000000 0.039070 0.000000 0.000000 1.000000 0.000000
1.000000 -0.000882 0.000000 0.230864 0.000882 1.000000 0.000000 0.041167 0.000000 0.000000 1.000000 0.000000
1.000000 -0.000952 0.000000 0.227957 0.000952 1.000000 0.000000 0.040036 0.000000 0.000000 1.000000 0.000000
1.000000 -0.000835 0.000000 0.227919 0.000835 1.000000 0.000000 0.040576 0.000000 0.000000 1.000000 0.000000
1.000000 -0.000885 0.000000 0.230295 0.000885 1.000000 0.000000 0.041802 0.000000 0.000000 1.000000 0.000000
0.999999 -0.001329 0.000000 0.253290 0.001329 0.999999 0.000000 0.044138 0.000000 0.000000 1.000000 0.000000
0.999997 -0.002622 0.000000 0.343605 0.002622 0.999997 0.000000 0.072402 0.000000 0.000000 1.000000 0.000000
0.999984 -0.005709 0.000000 0.455041 0.005709 0.999984 0.000000 0.106343 0.000000 0.000000 1.000000 0.000000
0.999946 -0.010379 0.000000 0.658266 0.010379 0.999946 0.000000 0.127914 0.000000 0.000000 1.000000 0.000000
0.999840 -0.017861 0.000000 0.894977 0.017861 0.999840 0.000000 0.128369 0.000000 0.000000 1.000000 0.000000
0.999559 -0.029704 0.000000 1.173095 0.029704 0.999559 0.000000 0.164959 0.000000 0.000000 1.000000 0.000000
0.999022 -0.044223 0.000000 1.522418 0.044223 0.999022 0.000000 0.194122 0.000000 0.000000 1.000000 0.000000
0.998108 -0.061483 0.000000 1.897608 0.061483 0.998108 0.000000 0.190990 0.000000 0.000000 1.000000 0.000000
0.996823 -0.079655 0.000000 2.337061 0.079655 0.996823 0.000000 0.280973 0.000000 0.000000 1.000000 0.000000
0.994805 -0.101800 0.000000 2.873192 0.101800 0.994805 0.000000 0.369945 0.000000 0.000000 1.000000 0.000000
0.991836 -0.127516 0.000000 3.452468 0.127516 0.991836 0.000000 0.443408 0.000000 0.000000 1.000000 0.000000
0.988356 -0.152161 0.000000 4.095960 0.152161 0.988356 0.000000 0.528218 0.000000 0.000000 1.000000 0.000000
0.985020 -0.172442 0.000000 4.740902 0.172442 0.985020 0.000000 0.657392 0.000000 0.000000 1.000000 0.000000
0.983521 -0.180793 0.000000 5.472756 0.180793 0.983521 0.000000 0.772997 0.000000 0.000000 1.000000 0.000000
0.983365 -0.181641 0.000000 6.275176 0.181641 0.983365 0.000000 0.922937 0.000000 0.000000 1.000000 0.000000
0.984190 -0.177116 0.000000 7.166937 0.177116 0.984190 0.000000 1.058839 0.000000 0.000000 1.000000 0.000000
0.985665 -0.168712 0.000000 8.144453 0.168712 0.985665 0.000000 1.207119 0.000000 0.000000 1.000000 0.000000
0.987227 -0.159321 0.000000 9.230615 0.159321 0.987227 0.000000 1.396827 0.000000 0.000000 1.000000 0.000000
0.989163 -0.146824 0.000000 10.334277 0.146824 0.989163 0.000000 1.548134 0.000000 0.000000 1.000000 0.000000
0.991138 -0.132840 0.000000 11.531326 0.132840 0.991138 0.000000 1.677462 0.000000 0.000000 1.000000 0.000000
0.993102 -0.117251 0.000000 12.767397 0.117251 0.993102 0.000000 1.777985 0.000000 0.000000 1.000000 0.000000
0.994913 -0.100742 0.000000 14.072147 0.100742 0.994913 0.000000 1.878372 0.000000 0.000000 1.000000 0.000000
0.996689 -0.081314 0.000000 15.365754 0.081314 0.996689 0.000000 1.944046 0.000000 0.000000 1.000000 0.000000
0.998100 -0.061619 0.000000 16.764409 0.061619 0.998100 0.000000 2.025132 0.000000 0.000000 1.000000 0.000000
0.998979 -0.045182 0.000000 18.062654 0.045182 0.998979 0.000000 2.027119 0.000000 0.000000 1.000000 0.000000
0.999441 -0.033439 0.000000 19.396717 0.033439 0.999441 0.000000 1.996444 0.000000 0.000000 1.000000 0.000000
0.999629 -0.027241 0.000000 20.804461 0.027241 0.999629 0.000000 2.004826 0.000000 0.000000 1.000000 0.000000
0.999723 -0.023533 0.000000 22.177028 0.023533 0.999723 0.000000 2.066616 0.000000 0.000000 1.000000 0.000000
0.999807 -0.019623 0.000000 23.509264 0.019623 0.999807 0.000000 2.092430 0.000000 0.000000 1.000000 0.000000
0.999867 -0.016298 0.000000 24.903543 0.016298 0.999867 0.000000 2.134320 0.000000 0.000000 1.000000 0.000000
0.999897 -0.014342 0.000000 26.337692 0.014342 0.999897 0.000000 2.160647 0.000000 0.000000 1.000000 0.000000
0.999943 -0.010708 0.000000 27.738726 0.010708 0.999943 0.000000 2.156870 0.000000 0.000000 1.000000 0.000000
0.999976 -0.006979 0.000000 29.183684 0.006979 0.999976 0.000000 2.146683 0.000000 0.000000 1.000000 0.000000
0.999993 -0.003842 0.000000 30.597646 0.003842 0.999993 0.000000 2.132495 0.000000 0.000000 1.000000 0.000000
0.999999 -0.001435 0.000000 32.110700 0.001435 0.999999 0.000000 2.148554 0.000000 0.000000 1.000000 0.000000
1.000000 -0.000937 0.000000 33.623642 0.000937 1.000000 0.000000 2.134539 0.000000 0.000000 1.000000 0.000000
1.000000 -0.000468 0.000000 35.141991 0.000468 1.000000 0.000000 2.135171 0.000000 0.000000 1.000000 0.000000
1.000000 0.000229 0.000000 36.726875 -0.000229 1.000000 0.000000 2.141448 0.000000 0.000000 1.000000 0.000000
0.999999 0.001078 0.000000 38.323908 -0.001078 0.999999 0.000000 2.143623 0.000000 0.000000 1.000000 0.000000
1.000000 -0.000227 0.000000 39.895708 0.000227 1.000000 0.000000 2.143376 0.000000 0.000000 1.000000 0.000000
1.000000 -0.000580 0.000000 41.548747 0.000580 1.000000 0.000000 2.146591 0.000000 0.000000 1.000000 0.000000
1.000000 -0.000761 0.000000 43.225491 0.000761 1.000000 0.000000 2.175924 0.000000 0.000000 1.000000 0.000000
1.000000 -0.000927 0.000000 44.877542 0.000927 1.000000 0.000000 2.185956 0.000000 0.000000 1.000000 0.000000
0.999996 -0.002894 0.000000 46.651256 0.002894 0.999996 0.000000 2.206679 0.000000 0.000000 1.000000 0.000000
0.999983 -0.005767 0.000000 48.425647 0.005767 0.999983 0.000000 2.239609 0.000000 0.000000 1.000000 0.000000
0.999971 -0.007617 0.000000 50.162760 0.007617 0.999971 0.000000 2.262359 0.000000 0.000000 1.000000 0.000000
0.999951 -0.009895 0.000000 51.926615 0.009895 0.999951 0.000000 2.270825 0.000000 0.000000 1.000000 0.000000
0.999905 -0.013799 0.000000 53.731572 0.013799 0.999905 0.000000 2.329825 0.000000 0.000000 1.000000 0.000000
0.999876 -0.015770 0.000000 55.520334 0.015770 0.999876 0.000000 2.385097 0.000000 0.000000 1.000000 0.000000
0.999864 -0.016463 0.000000 57.287013 0.016463 0.999864 0.000000 2.403180 0.000000 0.000000 1.000000 0.000000
0.999850 -0.017304 0.000000 59.044802 0.017304 0.999850 0.000000 2.460418 0.000000 0.000000 1.000000 0.000000
0.999873 -0.015964 0.000000 60.829549 0.015964 0.999873 0.000000 2.502175 0.000000 0.000000 1.000000 0.000000
0.999888 -0.014993 0.000000 62.670870 0.014993 0.999888 0.000000 2.528263 0.000000 0.000000 1.000000 0.000000
0.999914 -0.013148 0.000000 64.487711 0.013148 0.999914 0.000000 2.544756 0.000000 0.000000 1.000000 0.000000
0.999908 -0.013543 0.000000 66.307935 0.013543 0.999908 0.000000 2.567252 0.000000 0.000000 1.000000 0.000000
0.999913 -0.013162 0.000000 68.166147 0.013162 0.999913 0.000000 2.580798 0.000000 0.000000 1.000000 0.000000
0.999892 -0.014726 0.000000 70.044176 0.014726 0.999892 0.000000 2.584942 0.000000 0.000000 1.000000 0.000000
0.999878 -0.015614 0.000000 71.923230 0.015614 0.999878 0.000000 2.577709 0.000000 0.000000 1.000000 0.000000
0.999867 -0.016302 0.000000 73.804162 0.016302 0.999867 0.000000 2.577961 0.000000 0.000000 1.000000 0.000000
0.999846 -0.017549 0.000000 75.634864 0.017549 0.999846 0.000000 2.627908 0.000000 0.000000 1.000000 0.000000
0.999830 -0.018453 0.000000 77.512622 0.018453 0.999830 0.000000 2.641364 0.000000 0.000000 1.000000 0.000000
0.999796 -0.020199 0.000000 79.371125 0.020199 0.999796 0.000000 2.668377 0.000000 0.000000 1.000000 0.000000
0.999765 -0.021667 0.000000 81.220046 0.021667 0.999765 0.000000 2.710684 0.000000 0.000000 1.000000 0.000000
0.999744 -0.022643 0.000000 83.077135 0.022643 0.999744 0.000000 2.747006 0.000000 0.000000 1.000000 0.000000
0.999735 -0.023040 0.000000 84.945620 0.023040 0.999735 0.000000 2.773053 0.000000 0.000000 1.000000 0.000000
0.999772 -0.021367 0.000000 86.741131 0.021367 0.999772 0.000000 2.815601 0.000000 0.000000 1.000000 0.000000
0.999742 -0.022698 0.000000 88.560904 0.022698 0.999742 0.000000 2.821544 0.000000 0.000000 1.000000 0.000000
0.999728 -0.023332 0.000000 90.372818 0.023332 0.999728 0.000000 2.855906 0.000000 0.000000 1.000000 0.000000
0.999677 -0.025404 0.000000 92.143121 0.025404 0.999677 0.000000 2.844759 0.000000 0.000000 1.000000 0.000000
0.999608 -0.028003 0.000000 93.954421 0.028003 0.999608 0.000000 2.854041 0.000000 0.000000 1.000000 0.000000
0.999541 -0.030295 0.000000 95.696188 0.030295 0.999541 0.000000 2.894997 0.000000 0.000000 1.000000 0.000000
0.999388 -0.034975 0.000000 97.443247 0.034975 0.999388 0.000000 2.926430 0.000000 0.000000 1.000000 0.000000
0.999215 -0.039606 0.000000 99.164198 0.039606 0.999215 0.000000 2.991694 0.000000 0.000000 1.000000 0.000000
0.998946 -0.045892 0.000000 100.856910 0.045892 0.998946 0.000000 3.035741 0.000000 0.000000 1.000000 0.000000
0.998672 -0.051524 0.000000 102.562914 0.051524 0.998672 0.000000 3.098548 0.000000 0.000000 1.000000 0.000000
0.998379 -0.056911 0.000000 104.300340 0.056911 0.998379 0.000000 3.190315 0.000000 0.000000 1.000000 0.000000
0.998009 -0.063072 0.000000 105.950961 0.063072 0.998009 0.000000 3.255869 0.000000 0.000000 1.000000 0.000000
0.997474 -0.071028 0.000000 107.618083 0.071028 0.997474 0.000000 3.343075 0.000000 0.000000 1.000000 0.000000
0.997046 -0.076813 0.000000 109.308367 0.076813 0.997046 0.000000 3.475296 0.000000 0.000000 1.000000 0.000000
0.996681 -0.081411 0.000000 110.935514 0.081411 0.996681 0.000000 3.598486 0.000000 0.000000 1.000000 0.000000
0.996315 -0.085775 0.000000 112.621229 0.085775 0.996315 0.000000 3.740749 0.000000 0.000000 1.000000 0.000000
0.995968 -0.089705 0.000000 114.213286 0.089705 0.995968 0.000000 3.895493 0.000000 0.000000 1.000000 0.000000
0.995633 -0.093353 0.000000 115.756369 0.093353 0.995633 0.000000 4.027682 0.000000 0.000000 1.000000 0.000000
0.995243 -0.097419 0.000000 117.286129 0.097419 0.995243 0.000000 4.204138 0.000000 0.000000 1.000000 0.000000
0.994840 -0.101459 0.000000 118.812745 0.101459 0.994840 0.000000 4.414425 0.000000 0.000000 1.000000 0.000000
0.994683 -0.102982 0.000000 120.275344 0.102982 0.994683 0.000000 4.553604 0.000000 0.000000 1.000000 0.000000
0.994620 -0.103591 0.000000 121.814224 0.103591 0.994620 0.000000 4.707175 0.000000 0.000000 1.000000 0.000000
0.994571 -0.104058 0.000000 123.324905 0.104058 0.994571 0.000000 4.870551 0.000000 0.000000 1.000000 0.000000
0.994985 -0.100025 0.000000 124.753692 0.100025 0.994985 0.000000 5.004486 0.000000 0.000000 1.000000 0.000000
0.995420 -0.095594 0.000000 126.199341 0.095594 0.995420 0.000000 5.157376 0.000000 0.000000 1.000000 0.000000
0.995837 -0.091157 0.000000 127.714025 0.091157 0.995837 0.000000 5.264166 0.000000 0.000000 1.000000 0.000000
0.996220 -0.086866 0.000000 129.210129 0.086866 0.996220 0.000000 5.396715 0.000000 0.000000 1.000000 0.000000
0.996568 -0.082773 0.000000 130.628657 0.082773 0.996568 0.000000 5.497263 0.000000 0.000000 1.000000 0.000000
0.997045 -0.076825 0.000000 132.064245 0.076825 0.997045 0.000000 5.616543 0.000000 0.000000 1.000000 0.000000
0.997472 -0.071057 0.000000 133.515097 0.071057 0.997472 0.000000 5.703775 0.000000 0.000000 1.000000 0.000000
0.997867 -0.065279 0.000000 134.957607 0.065279 0.997867 0.000000 5.818239 0.000000 0.000000 1.000000 0.000000
0.998197 -0.060017 0.000000 136.383186 0.060017 0.998197 0.000000 5.916612 0.000000 0.000000 1.000000 0.000000
0.998377 -0.056945 0.000000 137.865927 0.056945 0.998377 0.000000 5.998598 0.000000 0.000000 1.000000 0.000000
0.998468 -0.055332 0.000000 139.363096 0.055332 0.998468 0.000000 6.098318 0.000000 0.000000 1.000000 0.000000
0.998485 -0.055028 0.000000 140.810249 0.055028 0.998485 0.000000 6.199802 0.000000 0.000000 1.000000 0.000000
0.998491 -0.054919 0.000000 142.238286 0.054919 0.998491 0.000000 6.299703 0.000000 0.000000 1.000000 0.000000
0.998419 -0.056210 0.000000 143.792026 0.056210 0.998419 0.000000 6.386360 0.000000 0.000000 1.000000 0.000000
0.998255 -0.059052 0.000000 145.324915 0.059052 0.998255 0.000000 6.482203 0.000000 0.000000 1.000000 0.000000
0.998182 -0.060264 0.000000 146.848604 0.060264 0.998182 0.000000 6.572849 0.000000 0.000000 1.000000 0.000000
0.998195 -0.060064 0.000000 148.293037 0.060064 0.998195 0.000000 6.708474 0.000000 0.000000 1.000000 0.000000
0.998207 -0.059855 0.000000 149.690959 0.059855 0.998207 0.000000 6.795694 0.000000 0.000000 1.000000 0.000000
0.998043 -0.062528 0.000000 151.103535 0.062528 0.998043 0.000000 6.854023 0.000000 0.000000 1.000000 0.000000
0.997942 -0.064121 0.000000 152.527668 0.064121 0.997942 0.000000 6.947514 0.000000 0.000000 1.000000 0.000000
0.997876 -0.065148 0.000000 153.920123 0.065148 0.997876 0.000000 7.015377 0.000000 0.000000 1.000000 0.000000
0.997763 -0.066845 0.000000 155.460716 0.066845 0.997763 0.000000 7.122140 0.000000 0.000000 1.000000 0.000000
0.997772 -0.066722 0.000000 156.884517 0.066722 0.997772 0.000000 7.224226 0.000000 0.000000 1.000000 0.000000
0.997738 -0.067221 0.000000 158.325872 0.067221 0.997738 0.000000 7.332880 0.000000 0.000000 1.000000 0.000000
0.997724 -0.067436 0.000000 159.829052 0.067436 0.997724 0.000000 7.425588 0.000000 0.000000 1.000000 0.000000
0.997687 -0.067974 0.000000 161.395993 0.067974 0.997687 0.000000 7.528234 0.000000 0.000000 1.000000 0.000000
0.997616 -0.069014 0.000000 162.957785 0.069014 0.997616 0.000000 7.629328 0.000000 0.000000 1.000000 0.000000
0.997452 -0.071334 0.000000 164.531724 0.071334 0.997452 0.000000 7.771166 0.000000 0.000000 1.000000 0.000000
0.997407 -0.071972 0.000000 166.128969 0.071972 0.997407 0.000000 7.883794 0.000000 0.000000 1.000000 0.000000
0.997344 -0.072831 0.000000 167.791118 0.072831 0.997344 0.000000 8.005300 0.000000 0.000000 1.000000 0.000000
0.997215 -0.074576 0.000000 169.452401 0.074576 0.997215 0.000000 8.122676 0.000000 0.000000 1.000000 0.000000
0.997082 -0.076337 0.000000 171.100207 0.076337 0.997082 0.000000 8.244611 0.000000 0.000000 1.000000 0.000000
0.996917 -0.078461 0.000000 172.798186 0.078461 0.996917 0.000000 8.368007 0.000000 0.000000 1.000000 0.000000
0.996802 -0.079911 0.000000 174.451054 0.079911 0.996802 0.000000 8.468451 0.000000 0.000000 1.000000 0.000000
0.996659 -0.081670 0.000000 176.260800 0.081670 0.996659 0.000000 8.606868 0.000000 0.000000 1.000000 0.000000
0.996563 -0.082844 0.000000 177.985967 0.082844 0.996563 0.000000 8.748752 0.000000 0.000000 1.000000 0.000000
0.996527 -0.083276 0.000000 179.704550 0.083276 0.996527 0.000000 8.876777 0.000000 0.000000 1.000000 0.000000
0.996442 -0.084276 0.000000 181.472191 0.084276 0.996442 0.000000 8.999803 0.000000 0.000000 1.000000 0.000000
0.996342 -0.085453 0.000000 183.246410 0.085453 0.996342 0.000000 9.140970 0.000000 0.000000 1.000000 0.000000
0.996218 -0.086884 0.000000 185.035497 0.086884 0.996218 0.000000 9.258617 0.000000 0.000000 1.000000 0.000000
0.996124 -0.087963 0.000000 186.815254 0.087963 0.996124 0.000000 9.415055 0.000000 0.000000 1.000000 0.000000
0.996143 -0.087745 0.000000 188.578718 0.087745 0.996143 0.000000 9.563758 0.000000 0.000000 1.000000 0.000000
0.996024 -0.089085 0.000000 190.317665 0.089085 0.996024 0.000000 9.702635 0.000000 0.000000 1.000000 0.000000
0.996033 -0.088982 0.000000 192.067846 0.088982 0.996033 0.000000 9.834351 0.000000 0.000000 1.000000 0.000000
0.996119 -0.088020 0.000000 193.810395 0.088020 0.996119 0.000000 9.968181 0.000000 0.000000 1.000000 0.000000
0.996097 -0.088268 0.000000 195.584473 0.088268 0.996097 0.000000 10.118021 0.000000 0.000000 1.000000 0.000000
0.996060 -0.088685 0.000000 197.336680 0.088685 0.996060 0.000000 10.259992 0.000000 0.000000 1.000000 0.000000
0.995988 -0.089484 0.000000 199.105227 0.089484 0.995988 0.000000 10.409923 0.000000 0.000000 1.000000 0.000000
0.995900 -0.090461 0.000000 200.786185 0.090461 0.995900 0.000000 10.549788 0.000000 0.000000 1.000000 0.000000
0.995825 -0.091288 0.000000 202.394352 0.091288 0.995825 0.000000 10.677804 0.000000 0.000000 1.000000 0.000000
0.995742 -0.092184 0.000000 203.995437 0.092184 0.995742 0.000000 10.821957 0.000000 0.000000 1.000000 0.000000
0.995612 -0.093576 0.000000 205.511900 0.093576 0.995612 0.000000 10.967838 0.000000 0.000000 1.000000 0.000000
0.995416 -0.095635 0.000000 207.041517 0.095635 0.995416 0.000000 11.119385 0.000000 0.000000 1.000000 0.000000
0.995252 -0.097330 0.000000 208.546095 0.097330 0.995252 0.000000 11.275229 0.000000 0.000000 1.000000 0.000000
0.995142 -0.098447 0.000000 209.999742 0.098447 0.995142 0.000000 11.418933 0.000000 0.000000 1.000000 0.000000
0.995001 -0.099869 0.000000 211.555565 0.099869 0.995001 0.000000 11.575011 0.000000 0.000000 1.000000 0.000000
0.995058 -0.099300 0.000000 213.012132 0.099300 0.995058 0.000000 11.734901 0.000000 0.000000 1.000000 0.000000
0.995180 -0.098065 0.000000 214.494631 0.098065 0.995180 0.000000 11.877743 0.000000 0.000000 1.000000 0.000000
0.995462 -0.095162 0.000000 216.011218 0.095162 0.995462 0.000000 12.036165 0.000000 0.000000 1.000000 0.000000
0.995836 -0.091164 0.000000 217.546399 0.091164 0.995836 0.000000 12.193328 0.000000 0.000000 1.000000 0.000000
0.996165 -0.087491 0.000000 219.162303 0.087491 0.996165 0.000000 12.348016 0.000000 0.000000 1.000000 0.000000
0.996633 -0.081995 0.000000 220.795701 0.081995 0.996633 0.000000 12.477422 0.000000 0.000000 1.000000 0.000000
0.997055 -0.076694 0.000000 222.455497 0.076694 0.997055 0.000000 12.599964 0.000000 0.000000 1.000000 0.000000
0.997182 -0.075020 0.000000 224.132587 0.075020 0.997182 0.000000 12.711053 0.000000 0.000000 1.000000 0.000000
0.997054 -0.076704 0.000000 225.885874 0.076704 0.997054 0.000000 12.859204 0.000000 0.000000 1.000000 0.000000
0.996400 -0.084773 0.000000 227.586915 0.084773 0.996400 0.000000 12.988907 0.000000 0.000000 1.000000 0.000000
0.994975 -0.100128 0.000000 229.300056 0.100128 0.994975 0.000000 13.129367 0.000000 0.000000 1.000000 0.000000
0.992965 -0.118407 0.000000 231.004777 0.118407 0.992965 0.000000 13.313886 0.000000 0.000000 1.000000 0.000000
0.990797 -0.135359 0.000000 232.732907 0.135359 0.990797 0.000000 13.534549 0.000000 0.000000 1.000000 0.000000
0.988618 -0.150446 0.000000 234.474172 0.150446 0.988618 0.000000 13.777766 0.000000 0.000000 1.000000 0.000000
0.986679 -0.162677 0.000000 236.274238 0.162677 0.986679 0.000000 14.123173 0.000000 0.000000 1.000000 0.000000
0.985338 -0.170616 0.000000 238.014203 0.170616 0.985338 0.000000 14.401933 0.000000 0.000000 1.000000 0.000000
0.984603 -0.174806 0.000000 239.801668 0.174806 0.984603 0.000000 14.713887 0.000000 0.000000 1.000000 0.000000
0.984132 -0.177437 0.000000 241.463758 0.177437 0.984132 0.000000 15.000318 0.000000 0.000000 1.000000 0.000000
0.983336 -0.181797 0.000000 243.135811 0.181797 0.983336 0.000000 15.314549 0.000000 0.000000 1.000000 0.000000
0.982833 -0.184499 0.000000 244.913776 0.184499 0.982833 0.000000 15.616034 0.000000 0.000000 1.000000 0.000000
0.982281 -0.187415 0.000000 246.684464 0.187415 0.982281 0.000000 15.922393 0.000000 0.000000 1.000000 0.000000
0.981838 -0.189721 0.000000 248.450810 0.189721 0.981838 0.000000 16.230137 0.000000 0.000000 1.000000 0.000000
0.981845 -0.189685 0.000000 250.252043 0.189685 0.981845 0.000000 16.562765 0.000000 0.000000 1.000000 0.000000
0.982180 -0.187941 0.000000 252.090253 0.187941 0.982180 0.000000 16.922624 0.000000 0.000000 1.000000 0.000000
0.982346 -0.187075 0.000000 253.887233 0.187075 0.982346 0.000000 17.238180 0.000000 0.000000 1.000000 0.000000
0.982783 -0.184766 0.000000 255.720086 0.184766 0.982783 0.000000 17.589372 0.000000 0.000000 1.000000 0.000000
0.982996 -0.183628 0.000000 257.563383 0.183628 0.982996 0.000000 17.913987 0.000000 0.000000 1.000000 0.000000
0.983085 -0.183151 0.000000 259.478556 0.183151 0.983085 0.000000 18.240450 0.000000 0.000000 1.000000 0.000000
0.982981 -0.183708 0.000000 261.409807 0.183708 0.982981 0.000000 18.571728 0.000000 0.000000 1.000000 0.000000
0.983060 -0.183282 0.000000 263.342552 0.183282 0.983060 0.000000 18.915258 0.000000 0.000000 1.000000 0.000000
0.983121 -0.182959 0.000000 265.277525 0.182959 0.983121 0.000000 19.268877 0.000000 0.000000 1.000000 0.000000
0.983002 -0.183595 0.000000 267.261419 0.183595 0.983002 0.000000 19.641435 0.000000 0.000000 1.000000 0.000000
0.983010 -0.183551 0.000000 269.192512 0.183551 0.983010 0.000000 20.004344 0.000000 0.000000 1.000000 0.000000
0.983162 -0.182738 0.000000 271.147874 0.182738 0.983162 0.000000 20.367813 0.000000 0.000000 1.000000 0.000000
0.983362 -0.181657 0.000000 273.026069 0.181657 0.983362 0.000000 20.709863 0.000000 0.000000 1.000000 0.000000
0.983461 -0.181121 0.000000 274.905828 0.181121 0.983461 0.000000 21.049917 0.000000 0.000000 1.000000 0.000000
0.983077 -0.183190 0.000000 276.839440 0.183190 0.983077 0.000000 21.369229 0.000000 0.000000 1.000000 0.000000
0.982846 -0.184430 0.000000 278.739845 0.184430 0.982846 0.000000 21.690572 0.000000 0.000000 1.000000 0.000000
0.982750 -0.184942 0.000000 280.650749 0.184942 0.982750 0.000000 22.042684 0.000000 0.000000 1.000000 0.000000
0.982592 -0.185776 0.000000 282.593985 0.185776 0.982592 0.000000 22.377897 0.000000 0.000000 1.000000 0.000000
0.982280 -0.187422 0.000000 284.525890 0.187422 0.982280 0.000000 22.711876 0.000000 0.000000 1.000000 0.000000
0.982076 -0.188487 0.000000 286.453826 0.188487 0.982076 0.000000 23.061515 0.000000 0.000000 1.000000 0.000000
0.982100 -0.188363 0.000000 288.403109 0.188363 0.982100 0.000000 23.412585 0.000000 0.000000 1.000000 0.000000
0.982311 -0.187259 0.000000 290.386156 0.187259 0.982311 0.000000 23.760054 0.000000 0.000000 1.000000 0.000000
0.982288 -0.187375 0.000000 292.399497 0.187375 0.982288 0.000000 24.105361 0.000000 0.000000 1.000000 0.000000
0.982440 -0.186577 0.000000 294.437139 0.186577 0.982440 0.000000 24.453433 0.000000 0.000000 1.000000 0.000000
0.982482 -0.186358 0.000000 296.447441 0.186358 0.982482 0.000000 24.801305 0.000000 0.000000 1.000000 0.000000
0.982587 -0.185801 0.000000 298.484866 0.185801 0.982587 0.000000 25.168066 0.000000 0.000000 1.000000 0.000000
0.982944 -0.183905 0.000000 300.517833 0.183905 0.982944 0.000000 25.510756 0.000000 0.000000 1.000000 0.000000
0.983091 -0.183119 0.000000 302.598948 0.183119 0.983091 0.000000 25.860284 0.000000 0.000000 1.000000 0.000000
0.983349 -0.181729 0.000000 304.633426 0.181729 0.983349 0.000000 26.209238 0.000000 0.000000 1.000000 0.000000
0.983623 -0.180238 0.000000 306.721966 0.180238 0.983623 0.000000 26.566530 0.000000 0.000000 1.000000 0.000000
0.983998 -0.178178 0.000000 308.812963 0.178178 0.983998 0.000000 26.916216 0.000000 0.000000 1.000000 0.000000
0.984000 -0.178167 0.000000 310.891050 0.178167 0.984000 0.000000 27.254830 0.000000 0.000000 1.000000 0.000000
0.984372 -0.176099 0.000000 312.957189 0.176099 0.984372 0.000000 27.582658 0.000000 0.000000 1.000000 0.000000
0.984564 -0.175025 0.000000 315.020216 0.175025 0.984564 0.000000 27.903265 0.000000 0.000000 1.000000 0.000000
0.984644 -0.174573 0.000000 317.114114 0.174573 0.984644 0.000000 28.222167 0.000000 0.000000 1.000000 0.000000
0.984696 -0.174280 0.000000 319.173234 0.174280 0.984696 0.000000 28.552883 0.000000 0.000000 1.000000 0.000000
0.984952 -0.172826 0.000000 321.257460 0.172826 0.984952 0.000000 28.895905 0.000000 0.000000 1.000000 0.000000
0.984910 -0.173066 0.000000 323.334902 0.173066 0.984910 0.000000 29.217775 0.000000 0.000000 1.000000 0.000000
0.984799 -0.173695 0.000000 325.397787 0.173695 0.984799 0.000000 29.563101 0.000000 0.000000 1.000000 0.000000
0.985221 -0.171287 0.000000 327.471281 0.171287 0.985221 0.000000 29.898228 0.000000 0.000000 1.000000 0.000000
0.985596 -0.169118 0.000000 329.575648 0.169118 0.985596 0.000000 30.248051 0.000000 0.000000 1.000000 0.000000
0.985762 -0.168148 0.000000 331.624146 0.168148 0.985762 0.000000 30.596614 0.000000 0.000000 1.000000 0.000000
0.985550 -0.169385 0.000000 333.682390 0.169385 0.985550 0.000000 30.927704 0.000000 0.000000 1.000000 0.000000
0.985680 -0.168624 0.000000 335.745586 0.168624 0.985680 0.000000 31.283649 0.000000 0.000000 1.000000 0.000000
0.985569 -0.169275 0.000000 337.788524 0.169275 0.985569 0.000000 31.636174 0.000000 0.000000 1.000000 0.000000
0.985524 -0.169538 0.000000 339.836092 0.169538 0.985524 0.000000 31.960194 0.000000 0.000000 1.000000 0.000000
0.985363 -0.170470 0.000000 341.951960 0.170470 0.985363 0.000000 32.323275 0.000000 0.000000 1.000000 0.000000
0.985233 -0.171218 0.000000 344.059402 0.171218 0.985233 0.000000 32.666501 0.000000 0.000000 1.000000 0.000000
0.984918 -0.173019 0.000000 346.132976 0.173019 0.984918 0.000000 33.005952 0.000000 0.000000 1.000000 0.000000
0.984995 -0.172584 0.000000 348.213391 0.172584 0.984995 0.000000 33.343767 0.000000 0.000000 1.000000 0.000000
0.984976 -0.172693 0.000000 350.284449 0.172693 0.984976 0.000000 33.674786 0.000000 0.000000 1.000000 0.000000
0.985342 -0.170589 0.000000 352.309062 0.170589 0.985342 0.000000 34.020198 0.000000 0.000000 1.000000 0.000000
0.986894 -0.161368 0.000000 354.368423 0.161368 0.986894 0.000000 34.289228 0.000000 0.000000 1.000000 0.000000
0.988049 -0.154137 0.000000 356.477624 0.154137 0.988049 0.000000 34.595211 0.000000 0.000000 1.000000 0.000000
0.989820 -0.142326 0.000000 358.501635 0.142326 0.989820 0.000000 34.856946 0.000000 0.000000 1.000000 0.000000
0.991464 -0.130380 0.000000 360.601094 0.130380 0.991464 0.000000 35.118854 0.000000 0.000000 1.000000 0.000000
0.992930 -0.118699 0.000000 362.718420 0.118699 0.992930 0.000000 35.308691 0.000000 0.000000 1.000000 0.000000
0.994678 -0.103034 0.000000 364.871069 0.103034 0.994678 0.000000 35.496450 0.000000 0.000000 1.000000 0.000000
0.995516 -0.094592 0.000000 367.001350 0.094592 0.995516 0.000000 35.638581 0.000000 0.000000 1.000000 0.000000
0.996331 -0.085588 0.000000 369.146422 0.085588 0.996331 0.000000 35.824361 0.000000 0.000000 1.000000 0.000000
0.996712 -0.081028 0.000000 371.277112 0.081028 0.996712 0.000000 35.990556 0.000000 0.000000 1.000000 0.000000
0.996995 -0.077469 0.000000 373.453309 0.077469 0.996995 0.000000 36.164233 0.000000 0.000000 1.000000 0.000000
0.997088 -0.076264 0.000000 375.618357 0.076264 0.997088 0.000000 36.331587 0.000000 0.000000 1.000000 0.000000
0.996970 -0.077784 0.000000 377.806144 0.077784 0.996970 0.000000 36.469750 0.000000 0.000000 1.000000 0.000000
0.996749 -0.080575 0.000000 379.988451 0.080575 0.996749 0.000000 36.609856 0.000000 0.000000 1.000000 0.000000
0.996325 -0.085656 0.000000 382.123603 0.085656 0.996325 0.000000 36.792088 0.000000 0.000000 1.000000 0.000000
0.995864 -0.090852 0.000000 384.272120 0.090852 0.995864 0.000000 36.977305 0.000000 0.000000 1.000000 0.000000
0.995038 -0.099491 0.000000 386.406264 0.099491 0.995038 0.000000 37.169822 0.000000 0.000000 1.000000 0.000000
0.994317 -0.106457 0.000000 388.623858 0.106457 0.994317 0.000000 37.377589 0.000000 0.000000 1.000000 0.000000
0.993640 -0.112600 0.000000 390.757372 0.112600 0.993640 0.000000 37.576978 0.000000 0.000000 1.000000 0.000000
0.993031 -0.117850 0.000000 392.885255 0.117850 0.993031 0.000000 37.845741 0.000000 0.000000 1.000000 0.000000
0.992473 -0.122464 0.000000 395.038252 0.122464 0.992473 0.000000 38.097811 0.000000 0.000000 1.000000 0.000000
0.991957 -0.126578 0.000000 397.126104 0.126578 0.991957 0.000000 38.350597 0.000000 0.000000 1.000000 0.000000
0.991565 -0.129610 0.000000 399.206627 0.129610 0.991565 0.000000 38.602112 0.000000 0.000000 1.000000 0.000000
0.991091 -0.133183 0.000000 401.320354 0.133183 0.991091 0.000000 38.862857 0.000000 0.000000 1.000000 0.000000
0.990703 -0.136044 0.000000 403.406757 0.136044 0.990703 0.000000 39.170367 0.000000 0.000000 1.000000 0.000000
0.990373 -0.138423 0.000000 405.456025 0.138423 0.990373 0.000000 39.463614 0.000000 0.000000 1.000000 0.000000
0.990090 -0.140434 0.000000 407.515681 0.140434 0.990090 0.000000 39.739045 0.000000 0.000000 1.000000 0.000000
0.989896 -0.141795 0.000000 409.594998 0.141795 0.989896 0.000000 40.044849 0.000000 0.000000 1.000000 0.000000
0.989739 -0.142889 0.000000 411.627618 0.142889 0.989739 0.000000 40.275326 0.000000 0.000000 1.000000 0.000000
0.989536 -0.144288 0.000000 413.678661 0.144288 0.989536 0.000000 40.585911 0.000000 0.000000 1.000000 0.000000
0.989284 -0.146004 0.000000 415.736878 0.146004 0.989284 0.000000 40.874594 0.000000 0.000000 1.000000 0.000000
0.988963 -0.148163 0.000000 417.847786 0.148163 0.988963 0.000000 41.104295 0.000000 0.000000 1.000000 0.000000
0.988781 -0.149369 0.000000 419.885533 0.149369 0.988781 0.000000 41.378766 0.000000 0.000000 1.000000 0.000000
0.988462 -0.151470 0.000000 421.922167 0.151470 0.988462 0.000000 41.682592 0.000000 0.000000 1.000000 0.000000
0.988069 -0.154011 0.000000 423.905609 0.154011 0.988069 0.000000 41.946923 0.000000 0.000000 1.000000 0.000000
